0.000001093566197733275667926343
0.000000401867575055021065773731
0.000000050593284676479865299014
0.000000040465527159792531850729
0.000000349828775111692153101933
0.000000937723530906515467593274
0.000001748000503566758910545514
0.000002714065583962421884572837
0.000003763846259743944861229448
0.000004824610247856389217443844
0.000005827338540106171058921732
0.000006710445697618649373028272
0.000007422735898627645996668539
0.000007925569310501771129440739
0.000008194276811958098763835102
0.000008218892829790888556601436
0.000008004273075139420369765626
0.000007569630989984285306918128
0.000006947476610345780490517187
0.000006181893959988149328500188
0.000005326070954015966583559773
0.000004439019980037841442747047
0.000003581510177260219427531956
0.000002811371805078087958060760
0.000002178508794253608768113966
0.000001720130061351282292370643
0.000001456834537383297651784745
0.000001390209858644326548139550
0.000001502494710161566970630645
0.000001758601548299821170194958
0.000002110427580063984275108050
0.000002502961592829781445736313
0.000002881312984467349934468265
0.000003197544229959368698745260
0.000003416157407383758629141604
0.000003517304421476387449243140
0.000003497234693227054923829076
0.000003366076989749337979680385
0.000003143640449575685034570632
0.000002854363627751151807573383
0.000002522711728015042230302903
0.000002170153640850650581347507
0.000001814361033260531178636392
0.000001470572432797107872244277
0.000001154338850677300259460283
0.000000884325931245246837355753
0.000000683675107295458250971341
0.000000578722616571526319426588
0.000000594615566014720925894070
0.000000748388498937463135228542
0.000001041104001264504335083193
0.000001451402507145015721487361
0.000001932973459492957430056262
0.000002417899816699361580216079
0.000002826574128884758024940265
0.000003083174812277954369386110
0.000003133930305372115867452130
0.000002964067739159623460492177
0.000002608876100564385080272196
0.000002154973200292999172342093
0.000001729646240748254875773532
0.000001478735268446839901882849
0.000001536394714356796438551331
0.000001992516780839913923125632
0.000002864981750645175008089310
0.000004083768103499797501516107
0.000005492195642596587095362552
0.000006867456646847837168094655
0.000007958720663501519547639897
0.000008537291421545230545985666
0.000008450381525409345845963223
0.000007668707022927080321902590
0.000006318613828056371446869298
0.000004691751959684130327183672
0.000003228953706685552378044968
0.000002479225325754969129433882
0.000003038811452219218966846158
0.000005478407423081931235391180
0.000010268283483080883940609211
0.000017711169704783778371158867
0.000027891372380780068713362896
0.000040646139177060084768204618
0.000055562279140654866668030953
0.000071997995654995403146461652
0.000089127225397144432600046726
0.000106001753063753151296554067
0.000121625079427020951782813241
0.000135031413558743079673593601
0.000145363117228682840048614722
0.000151940314375428804942111394
0.000154317085951151394948230311
0.000152319645611996687308703491
0.000146063123354239190933995252
0.000135945078186188724822872076
0.000122615606518770798921344478
0.000106925852857638810388708761
0.000089858742546325770452105008
0.000072447657743730784255485611
0.000055690335539605795094845325
0.000040466233555019625364301133
0.000027465761654708350489361227
0.000017138967720151981790743106
0.000009669453858998882698843301
0.000004976595998156087859024595
0.000002745812310972337082172132
0.000002483086413420570645447681
0.000003586709744766023230796645
0.000005426795480079372900529978
0.000007421989557176923547692458
0.000009103243359435655079545113
0.000010156542611909035510949113
0.000010439841759418739153709305
0.000009973597074178057204224546
0.000008908505913863997409006187
0.000007477577085229561155814426
0.000005941822697905183532965899
0.000004539276927804814015722946
0.000003445666237492880555425391
0.000002752204446657988662187661
0.000002462293619263686815930000
0.000002505169687663182760076902
0.000002761513511074533963401360
0.000003094332544679671583552367
0.000003378262466566654793426400
0.000003521730989093697684221744
0.000003478734637085132325217199
0.000003249672541108629236739861
0.000002873098073033974242981425
0.000002411863715237918348404094
0.000001937676629809609256242277
0.000001517581802590586879611210
0.000001204638000090100234830805
0.000001033497107435792863809718
0.000001020205444478282915744035
0.000001164669254831838770660791
0.000001454019753036461747687036
0.000001865510890680714725355311
0.000002368347349016878369322176
0.000002924653047686823615600475
0.000003490361069366385571841917
0.000004016959462881289023492275
0.000004454747960392972685431286
0.000004757679981706869648159456
0.000004889204733341475233871897
0.000004828018129831586658664254
0.000004572445202160659185166083
0.000004142363928526882390355243
0.000003578074646693417410473663
0.000002936166451827490524390321
0.000002283046872719586445365549
0.000001687226102425130226392927
0.000001211595534196197046180633
0.000000906812121277955419599963
0.000000806568244035930963787271
0.000000925104626105954918925949
0.000001256925469850165428387480
0.000001778382993254789017409769
0.000002450647770101933799104937
0.000003223560288146446789123416
0.000004039925482460190420369410
0.000004839913200573557825454919
0.000005565320001187960764939267
0.000006163507804853806968455217
0.000006590860910818825635305775
0.000006815608835468839920884894
0.000006819868500548598887938193
0.000006600782416469352952871630
0.000006170677275678067554508764
0.000005556236598386888482080815
0.000004796760211589840866726591
0.000003941657206637087230668200
0.000003047373793623425935122662
0.000002173984454153941037733190
0.000001381672118055233235419201
0.000000727295381670489133457951
0.000000261197342799419401563585
0.000000024362865702286058926438
0.000000045989978923479189263231
0.000000341515087657316647584541
0.000000911125281259476222937344
