0.000445269843150184418088810556
0.000402128011287716065000341636
0.000357736372517132854721016999
0.000312785638387965856874184389
0.000268002615594800544344955551
0.000224156033748080488372800279
0.000182057712892738881964305175
0.000142557617182674620411042543
0.000106531329768216572514288876
0.000074858507503877241276088461
0.000048391030015102794040529610
0.000027909973352678350908950139
0.000014071360417966033827682180
0.000007342004869102607823958418
0.000007928746769141903146687657
0.000015706919431700179658846148
0.000030156725570967918780528050
0.000050318821508382094627193776
0.000074782053634583648348520268
0.000101716066883764924468763757
0.000128958588700273839647292284
0.000154161127405392432525299551
0.000174987825169196545933500420
0.000189351365832202215557997227
0.000195659120629036942717524084
0.000193034653520965583011273492
0.000181476819764632852629779314
0.000161922741359369129748174698
0.000136192283577999474807398994
0.000106808899885396652159816333
0.000076711905683371443679698098
0.000048894543186887182921029210
0.000026016846513841502814938511
0.000010049533852248181145191443
0.000002003687512666120677600444
0.000001791092197079752660230181
0.000008243136796419763242583546
0.000019294070031274709598996878
0.000032309379835058769686768898
0.000044514862396694862653901553
0.000053460139477365441283002179
0.000057436546176691381684724369
0.000055768409900199332571591598
0.000048912606219228436856428371
0.000038334534247373827555577241
0.000026174981734146637629874477
0.000014772123759692288379294541
0.000006142922559600391640662661
0.000001545414819191272033790333
0.000001229506878095361940665675
0.000004439275934449943212037597
0.000009664643730750363401693290
0.000015072644683840117661786755
0.000018998784855201104166365356
0.000020363252072299646501692127
0.000018900862751110812914195902
0.000015150706579926437089821459
0.000010223645670182850386494347
0.000005430233856005179717831802
0.000001888055701793803811718562
0.000000225366608213778982569016
0.000000459724733861280047849507
0.000002070330885641236569859065
0.000004221748225479013736207226
0.000006054285611432184372273681
0.000006944680001802269330053730
0.000006660712144878876760458776
0.000005375406444146017787650768
0.000003554575692003648746617730
0.000001769458070649571889372867
0.000000503017310180263536733170
0.000000011350111531896003220631
0.000000275939638003719564885108
0.000001048914298352802577099984
0.000001963828111906441462405524
0.000002667687694141138062811289
0.000002929552878132305099073609
0.000002694834832602977082142851
0.000002076007484463719778608037
0.000001291884653111856619088623
0.000000582140208339444387517913
0.000000127758565748881690624328
0.000000001829108695775872027982
0.000000161988600597777898978580
0.000000480996800504559068788961
0.000000800352337916337709611215
0.000000986739668908305530737484
0.000000973136538904359533921733
0.000000773887597451255235920468
0.000000472728785094531853122325
0.000000191162258281285358963456
0.000000049236810773388519737776
0.000000130870141758939656476162
0.000000462247559834918985867668
0.000001006541453951922031743766
0.000001673384837355418084962259
0.000002338673612528916320236387
0.000002869677494435394966051499
0.000003151344915773487394765979
0.000003110809555199178495185934
0.000002737394773842724334525977
0.000002094648671809073882924988
0.000001319907340154488861017719
0.000000606993692809631211571107
0.000000170202025459948990929965
0.000000193007962014516104561166
0.000000771790735977927936784361
0.000001870679335097220366446072
0.000003305310845584358491421311
0.000004768509733208899294837086
0.000005899528215223069068989456
0.000006383284536077346136716173
0.000006052191817995130423914110
0.000004956626067697168164032876
0.000003375075435878221998892623
0.000001751843556028266896452158
0.000000574284511267828201453041
0.000000224583678836981357268828
0.000000853910771279052032038735
0.000002323176448426599416359007
0.000004234404135957348748247817
0.000006046345969335725131766062
0.000007238426161534933860291878
0.000007469636716179894777960235
0.000006680488247762756624228628
0.000005106042419374863471060420
0.000003198744619694251643989003
0.000001489591543334291742073502
0.000000434338084603430819370011
0.000000292350691497698149302236
0.000001070723895728378179033899
0.000002542522105236997957428829
0.000004324864034507361365035349
0.000005987663860724790055017203
0.000007160426011533448324827746
0.000007611077197953082359635751
0.000007282898198549671655872145
0.000006288192904277183783805748
0.000004866947892117665183003058
0.000003324170809830519368344723
0.000001961289292421481352148146
0.000001015932468922392116657261
0.000000621329115416134090003138
0.000000791809746344220080785739
0.000001434966502300760284250225
0.000002384939270168178569318969
0.000003446630959779348586874761
0.000004438922048132995512581545
0.000005226798442001029718463959
0.000005737020153399849555072784
0.000005957681760324450518241223
0.000005926555756977984402067341
0.000005714940801788511653502931
0.000005412646733736358430001852
0.000005116808540357922170996579
0.000004924140793908503886211567
0.000004924487686828006512444397
0.000005193662853681744380495745
0.000005785154637771358796200036
0.000006722199178166629139478169
0.000007992881705754283024100218
0.000009550718032846481603368068
0.000011321714374016558015160691
0.000013216881767411989273683023
0.000015147442845597861591291911
0.000017039152331460641332221834
0.000018842464344984965329962354
0.000020536494795673537392104863
0.000022126360943729767076721196
0.000023635013870078120572313513
0.000025091738705184665829102733
0.000026519928504057031613686327
0.000027926586420219184035956123
0.000029295443733181942733926478
0.000030584797903058028034628535
0.000031730345540511510193243394
0.000032652525155845789730287704
0.000033267257512992583689745429
0.000033498508674914517205169900
0.000033290821805604295358614608
