0.000078733426666131007902980909
0.000072630113262799246174813983
0.000066516968589924003411179010
0.000060613823114260775588163499
0.000055165132249373891515017987
0.000050432862909197249837254390
0.000046687622082049666071956046
0.000044198147199981952784261785
0.000043219367015376200600457191
0.000043979349609099774461550003
0.000046665577175111545729733337
0.000051411117908403506108951792
0.000058281392818884414927863014
0.000067262345950689977555625454
0.000078250904857415942315543300
0.000091048648409329646495093125
0.000105359566479171112601993798
0.000120792689217810175024078734
0.000136870175780145846532176446
0.000153041183190434989950037825
0.000168701492797272548963827266
0.000183218469842730713893069749
0.000195960494435262468039191108
0.000206329560147178826595357193
0.000213795325470441364718726662
0.000217928562468106831002609414
0.000218431715343442490627132169
0.000215164195368690519885590540
0.000208160127049848437796181200
0.000197636542698053464328991624
0.000183990504293242830655824571
0.000167784301763095717533597062
0.000149718706128123765514842392
0.000130595195539048771621315481
0.000111269054557102916366145839
0.000092596188779139963331149543
0.000075377304182286936746169859
0.000060303676640449855759704145
0.000047908992479452126942579548
0.000038531605115204486163710262
0.000032290986097614653215024522
0.000029081153233555579492967957
0.000028582484976574157114429658
0.000030291681484030284158409652
0.000033567858258053831564497738
0.000037691042952510819743095621
0.000041927890913701597449744773
0.000045598433443521105485393002
0.000048137282742445081258880063
0.000049143036414127322191163633
0.000048410668773925133413424393
0.000045943390734532745683406374
0.000041942639196253163769850802
0.000036777279740422324702791429
0.000030935484173720431775450601
0.000024964777134655726843238954
0.000019407163668932308207056708
0.000014736852106042205959616706
0.000011307774528546760933853284
0.000009316900724875673865188822
0.000008787381575019139243578128
0.000009573089588513917556444714
0.000011383465432851071081070578
0.000013825076453397073817644033
0.000016454273913580099700151166
0.000018834062403743464435366267
0.000020587928209435624817046431
0.000021443950205248409041471416
0.000021263945868000036184316398
0.000020054481218419985472708328
0.000017959008009241306198571983
0.000015232852910439424547715814
0.000012204944422415546972709652
0.000009231745221133351453086241
0.000006649667767763489782683901
0.000004732206176626377204638609
0.000003657152261862281073109219
0.000003487722607041326770133376
0.000004169436983022037526800275
0.000005542439059604217392379297
0.000007366932371618353893652758
0.000009357783218381055884626737
0.000011223318693209199898913261
0.000012703034058344471205685526
0.000013599329597266491886442888
0.000013799434595143490549749854
0.000013285174530626203855121492
0.000012129971059422017286353983
0.000010484185836584839195823049
0.000008551395813645358573050134
0.000006559232657627089839609807
0.000004728915627233235380820747
0.000003247521414243906313099128
0.000002246414522493606493147274
0.000001788226841817226434822670
0.000001863493634599617184034867
0.000002396715797605552202465158
0.000003260409238870630860691836
0.000004294773905048682841631251
0.000005330069059005404603023524
0.000006208658809209910359324606
0.000006803972628464590599204828
0.000007034237209912028440997583
0.000006869668747398910039559175
0.000006332740420388107143064016
0.000005492031236212362503795823
0.000004450909965931857859467065
0.000003332832383447590349402232
0.000002265288852905177042850295
0.000001364427629962297373888720
0.000000722125687018167632462396
0.000000396837853036733111492809
0.000000408997044590177981818977
0.000000741139756279164264632354
0.000001342364828365848513147605
0.000002136261939400164925446316
0.000003031115022264716584257140
0.000003931021028006489729709171
0.000004746571690097771333504383
0.000005403911016131570673294918
0.000005851273036199058895920951
0.000006062479043878525079781967
0.000006037280121320286009676918
0.000005798817092211582080820732
0.000005388789525268593286135184
0.000004861142489891082261110281
0.000004275174401253802360914260
0.000003688939135422941056115936
0.000003153675636787155452480692
0.000002709777853034490655172563
0.000002384555638893423901327048
0.000002191774680282135214382661
0.000002132738047412386441929787
0.000002198511685859743241150963
0.000002372815751369348326413767
0.000002635103563711159001535815
0.000002963417599362529116928432
0.000003336725662422597742437893
0.000003736574233365278680278013
0.000004148025006688861617801418
0.000004559945099170347188185463
0.000004964789693188170143867220
0.000005358045153523796689837462
0.000005737495836694551189010802
0.000006102449077214473243031302
0.000006453012494713535994060507
0.000006789477247536771672390028
0.000007111828454099002395948689
0.000007419383747568003434629154
0.000007710552672080234109575937
0.000007982710073295830747520420
0.000008232180929778051744214254
0.000008454337466291514705755278
0.000008643808558471443356102659
0.000008794795181658298172046491
0.000008901474931425741669291027
0.000008958466014297905333262431
0.000008961309856796378933512480
0.000008906924650989863519981622
0.000008793981767337792960115457
0.000008623163587994994383153537
0.000008397274019565436776872148
0.000008121189623938601873640898
0.000007801657202042878245921466
0.000007446959981369898875971231
0.000007066486994285072390062537
0.000006670247350820056772796422
0.000006268372470856309089620555
0.000005870645448153159512601207
0.000005486088788523325188032156
0.000005122631419198794005154685
0.000004786864818339837166860738
0.000004483887898199324113909705
0.000004217232070743066974579001
0.000003988852466237415062314756
0.000003799168855590500735032282
0.000003647140352062434837760938
0.000003530361043163236312372733
0.000003445168722638061767858924
0.000003386765108158585717697221
