0.000119380788044067567789038864
0.000125075721379321530080455660
0.000131465511448661568575518865
0.000138451462032664805940421204
0.000145920767330573198641494037
0.000153746696389151979705162132
0.000161788672545772304863301305
0.000169892380592282372627280229
0.000177890074194805348530012967
0.000185601290960833010092526085
0.000192834206306934769457883672
0.000199387863202799123013217453
0.000205055496427675220186270799
0.000209629121895511555829366701
0.000212905480958712494841608698
0.000214693316872671831861685288
0.000214821820533330051696679908
0.000213149924617055488464123503
0.000209575963328700377343027927
0.000204047066761447722180872200
0.000196567544144472214654936759
0.000187205448594416219145961100
0.000176096524142327999148949225
0.000163444824916182782255369421
0.000149519469531482517617865247
0.000134647244449199597789157412
0.000119201081699048513158796514
0.000103584783235208220133170831
0.000088214713874632306078900357
0.000073499501677002778234938651
0.000059819034225399631997041605
0.000047504192346976695845300886
0.000036818799131995750845841586
0.000027945172846244574498984423
0.000020974460989273229470381682
0.000015902614467910975538456411
0.000012632460378838306623051901
0.000010981880710871205951103570
0.000010697637488569317428975178
0.000011473938363195782232854640
0.000012974444842002384037501703
0.000014856119617774691523889863
0.000016793116963435501999167207
0.000018498862569633949199179868
0.000019744561069789755671302633
0.000020372615925591309088459394
0.000020303840262593776070255275
0.000019537856806762579495650653
0.000018146692177942989220766970
0.000016262211734371132909691277
0.000014058650198922183977901824
0.000011731999451096728081145489
0.000009478351345220196978117594
0.000007473408350482340688019332
0.000005855241327290432306750152
0.000004711997132416625992570435
0.000004075678743191464462969440
0.000003922407853039074823850354
0.000004178826490648822020743201
0.000004733599733670174658007636
0.000005452437202630147349024549
0.000006194724680166420707652479
0.000006829782860549591717337636
0.000007250943346335612040725639
0.000007386012122723131319475005
0.000007203210536122167579372710
0.000006712262472177714619820006
0.000005960854418708807760259559
0.000005027167074607474781563869
0.000004009520592119805666503005
0.000003014373497482457464982132
0.000002143973625059543525422749
0.000001484899387359277668819199
0.000001098579274479507198925454
0.000001014662773576642621834441
0.000001227856042847043032445096
0.000001698541689415751564182916
0.000002357179849894330548850177
0.000003112144184805863338192256
0.000003860295313941605402233495
0.000004499261447238601423150202
0.000004940120056625864438293230
0.000005119002765601943332190050
0.000005006125972907616132894122
0.000004610918846432219890226541
0.000003982292198299257420955524
0.000003203648300161123452044600
0.000002382918764671873279164258
0.000001638648011039105245001900
0.000001083803829085889905198183
0.000000809478748412750080342922
0.000000870845740450143905190877
0.000001277584039796709313230381
0.000001990482194070231986493189
0.000002925102937225376959016337
0.000003962364025274491834854342
0.000004964802696227012374064445
0.000005796324310850554250998737
0.000006342557856736504957536910
0.000006528686092270325280555697
0.000006331857213767525355784232
0.000005786009144956099754201085
0.000004978054023984397563433717
0.000004035713369968859859436387
0.000003108649843400251277370080
0.000002345682580607354135232220
0.000001871599251186266078797915
0.000001767251616316998730229723
0.000002056194495323590664667473
0.000002700154075621431604912462
0.000003604239001230802993735796
0.000004631256911942925651387917
0.000005623025100134253226129809
0.000006425412601703934143099022
0.000006913216234128853574804861
0.000007010962724529086606203854
0.000006706346163676558586367281
0.000006054152498821777647966536
0.000005170001747699663756277066
0.000004214811705791078239621665
0.000003372300377101553194936559
0.000002822876163409136964909264
0.000002717761081812040542776514
0.000003157090530087899546315662
0.000004175069258981850236264050
0.000005734161154961002494474896
0.000007728937525448626219949991
0.000009998821703112353354893360
0.000012347756701273354600447742
0.000014567956955048819516992421
0.000016464490301142276914387816
0.000017877501875678655145294332
0.000018699392861783528663188747
0.000018885098360264621368456023
0.000018454625244470628420319358
0.000017488054407478440422252924
0.000016114135764191374539707619
0.000014494294528454946402321393
0.000012804255079834405968257360
0.000011215555981843206175257305
0.000009879005121134581710409285
0.000008911672981515607463521081
0.000008388432679849195928957137
0.000008338422244442373417079584
0.000008746214621524881540617566
0.000009557001982125299814662192
0.000010684775326148848495532231
0.000012022322908114622778963376
0.000013451871496621552621317588
0.000014855323747773380627015122
0.000016123262503274855730450027
0.000017162154754084454867050363
0.000017899454099505044177677651
0.000018286539167964761684820676
0.000018299616277907214379437606
0.000017938848736291737481730532
0.000017226053592892863697500286
0.000016201337401625569235776719
0.000014919037325810289917405252
0.000013443305195487192173512889
0.000011843630712805118380438751
0.000010190553826121435197879679
0.000008551770033660738260677427
0.000006988787922848780297894328
0.000005554255624784462075610274
0.000004290031283773044285185291
0.000003226031445677210190319580
0.000002379850510005660419360395
0.000001757105055864873046972061
0.000001352420729376640486199849
0.000001150948691117026901589888
0.000001130275553372744626144794
0.000001262577004836946483905041
0.000001516861859258742584023283
0.000001861160085800006539912162
0.000002264524595744601726150791
0.000002698740541089938475773254
0.000003139665472023020544056239
0.000003568156462886743784560873
0.000003970573728785031970573566
