0.000375380663939618697787226065
0.000362663398323392546784837975
0.000350307649410553441533811014
0.000338332714496240925632075669
0.000326721797843672724995234269
0.000315426146948848595743392087
0.000304369485215436378321152144
0.000293452863877199248993782321
0.000282560087662815542612626540
0.000271563872103677958133594039
0.000260332860016064873958513415
0.000248739555629973120749742765
0.000236669124483673566075245254
0.000224028857288857718207258918
0.000210757914567244176952051649
0.000196836771878557419308830578
0.000182295597119470638002719509
0.000167220643094148640897880775
0.000151757665931476605838956750
0.000136111417690558015669913261
0.000120540436908780890755410464
0.000105346686336514332063378496
0.000090860053609950335333153570
0.000077418303271273921240674953
0.000065343686356499048164050980
0.000054917994477339442745307541
0.000046358295750578194533569887
0.000039795820871086911728244789
0.000035260411002467680215664847
0.000032672564110835424357019707
0.000031844440492238315599474868
0.000032490280639569392689535582
0.000034245662741951421318472443
0.000036694023854306738615348171
0.000039398032135002224066004650
0.000041932848219016120665768310
0.000043918126313119193373374349
0.000045045794749656249190451762
0.000045101175717312886519292509
0.000043975760653869621936030293
0.000041670831378100016114188198
0.000038291987952711654019828658
0.000034035416729813724513210860
0.000029167347989291998245405674
0.000023998593239423246070273626
0.000018856327866830836260947368
0.000014055417440325057240341905
0.000009871591960800108291919364
0.000006518651603716501609939258
0.000004131623575903110802323009
0.000002757360998796955760064241
0.000002353472470966727891081641
0.000002795716884467125987146982
0.000003893154176735841295940548
0.000005409508089993367689900412
0.000007088491122512419954741769
0.000008680378451845265834301013
0.000009966977343648236121391275
0.000010782348833980699497970060
0.000011027167004111741659242059
0.000010675365087956801199149497
0.000009772604718952959288943982
0.000008426999104080086210326501
0.000006793325543883809260799905
0.000005052610139436804891240312
0.000003389419131554446746777080
0.000001969426659087150774038455
0.000000919832549741979348928282
0.000000314958656291498610980522
0.000000168842418165309257794635
0.000000435872847420487909616822
0.000001019516349927590284383323
0.000001788053094317315033131015
0.000002595144293048041582872704
0.000003302174656535527988519135
0.000003798864372396550433813849
0.000004018774986853334939404178
0.000003947097258186716428889247
0.000003619425520527832663823277
0.000003111873360003414539491249
0.000002524546429443157791937214
0.000001961700187399159763331933
0.000001512562387430771062158796
0.000001236612820938729206208932
0.000001156094141144035898985127
0.000001256884965276967465520907
0.000001496967648231913791068907
0.000001820013106447548539311757
0.000002170497874834927500616727
0.000002506541467376378902980191
0.000002807370076586825996750943
0.000003073804499646766853586388
0.000003322064701998608318158582
0.000003572998469037915508154761
0.000003840104741784369477323405
0.000004120092705282217674961787
0.000004389077840799459465418418
0.000004606007928284197755518844
0.000004722907573750463112354295
0.000004699542207784274548058694
0.000004518657489442156163002989
0.000004197451795514591774182225
0.000003791563446862190607088844
0.000003389495702996747486453492
0.000003097694184400835978795150
0.000003018888081913935714928202
0.000003228215837121320976813976
0.000003752583542079457712794307
0.000004558377857483696351972684
0.000005551096562850654131707987
0.000006587986209030277740613009
0.000007501930524307166642738413
0.000008132258511081637037017089
0.000008356431237790850805567666
0.000008116126050835962592311379
0.000007432187325533244767142987
0.000006405062676103920369199193
0.000005200233616248946120130467
0.000004021159018868502613120678
0.000003074737341330680609328323
0.000002535742123361518895189237
0.000002516813135730531280427787
0.000003049402118208443197074509
0.000004078865030306312120119382
0.000005474153437799580050420172
0.000007049863910860585257032139
0.000008596290464446657730206505
0.000009911969651699168364989215
0.000010833163759320830912911277
0.000011255707488258305797469011
0.000011146360581393097578372514
0.000010542857100538488614453921
0.000009543795326519830248489761
0.000008291016605453307359891064
0.000006947960298043564587085891
0.000005677602305175786297653656
0.000004623083307845474778383435
0.000003893211713222728880890496
0.000003553931256694320805746218
0.000003625804199827589054919326
0.000004086746815484827548021346
0.000004878749556689142788813273
0.000005917123083472921835719496
0.000007100874261196097208300847
0.000008323042131973285983215921
0.000009480119026560282930468984
0.000010479972700720517671409658
0.000011247928898377519118926583
0.000011730857953515009623130308
0.000011899243845808527730205720
0.000011747319148071778163429715
0.000011291442480271235139456174
0.000010566985282210616839231043
0.000009624079635893301092682169
0.000008522647599122919640315423
0.000007327170885883794249147493
0.000006101656193594386920269965
0.000004905201547385787783528855
0.000003788477192099473092671809
0.000002791313444359192710191638
0.000001941455360427279654362068
0.000001254419152974091092078756
0.000000734284425497421943601422
0.000000375190386448223667576114
0.000000163277254112195927926270
0.000000078823345550213833407170
0.000000098365859226121202664615
0.000000196648037876850495797181
0.000000348295492124888834987648
0.000000529179684813674933227393
0.000000717469589513653084052831
0.000000894399711931264099504062
0.000001044794048385422801779820
0.000001157384236030734291224937
0.000001224951183232187159694243
0.000001244308632636780169588458
0.000001216139669143152697301357
0.000001144696859407220579854113
0.000001037384960598263693642637
0.000000904260853887722764944841
