0.000008499807496221357242297510
0.000008905527547382424986680861
0.000009413783865707636521044308
0.000010008955858005507384505227
0.000010671228983014500565538150
0.000011375519677611336594917971
0.000012091002540543513351116098
0.000012781223234888843256150913
0.000013404764696289243766733762
0.000013916440537561684755076680
0.000014269013177500723457409408
0.000014415467057118344605128567
0.000014311898669776902296530904
0.000013921102678621604634319475
0.000013216924192998616394926353
0.000012189399324257184836555953
0.000010850610505327357290937702
0.000009241036616723415227873245
0.000007435986462118553967008770
0.000005551484888646093379942648
0.000003748764082920023837746087
0.000002236340411898827140751598
0.000001268579334861716489127803
0.000001139716898073225536378895
0.000002172554752039173091521327
0.000004701492344722481808683926
0.000009050187552532159386076485
0.000015504888928361102058695042
0.000024285264528195736914370495
0.000035515241918275147509510142
0.000049196840877507138549504934
0.000065190110377355859889829393
0.000083202003291682783900351517
0.000102786328743099340246244799
0.000123355880257116533793224078
0.000144206584526518328355157439
0.000164552234849278878258890813
0.000183567262149190985444716095
0.000200434223300187110096068355
0.000214392353366707683667152784
0.000224783647215374331271992014
0.000231093425760231410259065710
0.000232983050374054566095810559
0.000230313193189395635281785379
0.000223156690159932963139766127
0.000211800406274923857640607450
0.000196735735705172475659002762
0.000178637451527055590196069179
0.000158330787042589910722581448
0.000136747063359711598694648527
0.000114869009894029091862349690
0.000093668173025218391691305853
0.000074038338799680881063998428
0.000056730427047061145824809192
0.000042295466959400570639091704
0.000031042644168542067226700121
0.000023018709920846889725124657
0.000018013138947250866060776492
0.000015590433156235094255912671
0.000015147268736511070773504209
0.000015988359866802783089672485
0.000017411658288642742976925007
0.000018791494758013058954601582
0.000019647997586943492315724943
0.000019692807089834889390121339
0.000018844593757136913635043957
0.000017212670258004141851182825
0.000015052260478352119923354906
0.000012699798531668829719605551
0.000010500051857861567838870430
0.000008738187828809997211541860
0.000007588801427677188727075833
0.000007090529150806560222707661
0.000007149796330041559413786753
0.000007571456743275939354023175
0.000008108745827428448193466455
0.000008521192506639418783173298
0.000008627738212879573957247818
0.000008343629671889976452485958
0.000007693438865277864665724247
0.000006798022408944750838476548
0.000005839171249623944089058789
0.000005010787762734148680435209
0.000004468489214333157242306331
0.000004289840326486491628573891
0.000004454854284234029360113258
0.000004851532630786684435167562
0.000005305159749083670803573333
0.000005624253125783741573775511
0.000005651894564119095605591626
0.000005309662241806000867907871
0.000004622957019132720406088318
0.000003720840357674082989991420
0.000002809576872629932180728705
0.000002125464437210839500723555
0.000001877705593978457413053109
0.000002194767299047210864734216
0.000003087214682544859831078406
0.000004436459492656911975019124
0.000006013039295596266083445986
0.000007521284619181650127187934
0.000008661103702267717522732954
0.000009193534097406372171358210
0.000008995613320804409337094407
0.000008092252837256458202191273
0.000006657670925606788250362446
0.000004985450746774279391887019
0.000003432993304070784696134565
0.000002351569769860021339396130
0.000002016193128451045806816266
0.000002569528173380539024959687
0.000003991109045591115797937953
0.000006097926973044453137896923
0.000008576130794826680904400021
0.000011037480120295145751062142
0.000013089534196322074699296578
0.000014406222477079853535892467
0.000014785781777053817325233084
0.000014185855569224754336218192
0.000012730147194362150824442810
0.000010686406550983286792549237
0.000008420633466475102007890198
0.000006336266942223418860229665
0.000004809180676804867903646398
0.000004129311741784922275733290
0.000004457904935275435556491386
0.000005806172137530121109033794
0.000008037334738813049688573205
0.000010890252473250448600125551
0.000014019746888215433132797265
0.000017046703771103184713855624
0.000019610251603015820014890361
0.000021414708512617030140802107
0.000022265347625870710431212132
0.000022089032251729039530970325
0.000020938070585061895908076182
0.000018977911073138557497769555
0.000016461278600999262270582202
0.000013692845578716672413606761
0.000010989423159168830630445096
0.000008640898386346923101060565
0.000006876748664107386919757629
0.000005842009210977678765276590
0.000005585179410550180899319196
0.000006058904665484347844695966
0.000007132571083914614675923656
0.000008614425091537087199409367
0.000010279688172046479128574417
0.000011900538963706604008081259
0.000013273861013215206515730021
0.000014243283685016184755313395
0.000014713152140681542653401215
0.000014653443320079998643469706
0.000014096049050881048162343206
0.000013124033540448672667663374
0.000011856257075548766945932190
0.000010430050501335137272157678
0.000008984441273081093253687936
0.000007645879225719370953060113
0.000006517654680639453344836477
0.000005673422963148830615223023
0.000005154599117915061372524697
0.000004970957673939156688130460
0.000005103588890906054069429056
0.000005509388456280495576032185
0.000006126416750182910305540414
0.000006879669896542319224995617
0.000007686984589212363176398760
0.000008464908040255294450994114
0.000009134393029940513376169209
0.000009626143882929543045545717
0.000009885376600638391019664278
0.000009875702601558138558012455
0.000009581829628242190231043711
0.000009010810002876040277950374
0.000008191654837104829039963125
0.000007173260279651439498592794
0.000006020739160666721208109344
0.000004810398294015210687250145
0.000003623731212354707182900703
