0.000001170516458349039028361536
0.000000733469478381477039022709
0.000000452472535654286800233849
0.000000347495392681204299419593
0.000000423415489704342793100036
0.000000670690342756437587630187
0.000001066743515947525227906484
0.000001577925133462306316639210
0.000002161954023693483650103578
0.000002770780023802745263957143
0.000003353815649735659434275276
0.000003861474173695425501928475
0.000004248917745926120822163533
0.000004479869452759447010750833
0.000004530284865159576035279539
0.000004391621657953599553944352
0.000004073401532842008227158596
0.000003604738316653707897526011
0.000003034519712729977498590550
0.000002429984781942926589878590
0.000001873537417377733529385382
0.000001457774922315053610903266
0.000001278881345241836095012614
0.000001428722733797568088205459
0.000001986166497735834940148274
0.000003008307295767984819207137
0.000004522394543639077360086889
0.000006519301521518896092141550
0.000008949338412903272568050747
0.000011721085102595763858634829
0.000014703708460866152300762152
0.000017732949006522650008035175
0.000020620640003040366979719655
0.000023167292965139896687622872
0.000025176985132572770828031372
0.000026473551330704396354750671
0.000026916939466151917437295588
0.000026418545123980430343931664
0.000024954388255020671581437333
0.000022575110198889743743288702
0.000019411919754719459508618754
0.000015677771169039968071970415
0.000011663195364265814297100726
0.000007726330421388709519814331
0.000004276835731684663070200150
0.000001753576224990827348728761
0.000000596289656670552968341186
0.000001211954807855473488457780
0.000003937285660701036283997886
0.000008999658850544638808853677
0.000016479745243403015587078941
0.000026279998570945949939265882
0.000038103737361215689566189269
0.000051449602547661086714841927
0.000065625472758645825429799081
0.000079784351285884421703040181
0.000092982326384455403836537535
0.000104255655275604621401094874
0.000112710724129616563339920110
0.000117617631727956576141377876
0.000118496039393005959104200608
0.000115181279540993157409038694
0.000107859896510770959950596681
0.000097066892553466244402023133
0.000083641699908759009358255598
0.000068645675378157104446104342
0.000053249823471886353670658870
0.000038606481070232257022788874
0.000025721889637014639854025941
0.000015347248492747138468462326
0.000007903706458194937592345169
0.000003452025881156762838233550
0.000001711039739060376568309399
0.000002121586592317732864712738
0.000003945600372836612793959240
0.000006384658096038940301307670
0.000008699484600052549427683796
0.000010312168667307379020070361
0.000010876107945928026511260220
0.000010304386269812124208699461
0.000008754386033242250614327430
0.000006573701465859675730255777
0.000004218588923439966160207782
0.000002160231299335774675282043
0.000000795373855460169246030179
0.000000376286359670819512294933
0.000000970916381745797173332497
0.000002458343017852764304136733
0.000004558301829614058028818276
0.000006887764882149645970059459
0.000009033301697375793041003798
0.000010625868690577691626068281
0.000011405002548418258513629985
0.000011261915788217729611974879
0.000010255131027966972256200082
0.000008597229006621169081756896
0.000006616137303328755047055788
0.000004698355679807310954654992
0.000003224023170633792348014832
0.000002504499365222631637831760
0.000002732184380577565036701815
0.000003949932605316324116533251
0.000006044104180394056449352955
0.000008761611506693892058024280
0.000011747811325148905736638801
0.000014599233015190124095224189
0.000016923249358891195262988988
0.000018396057551395152520386927
0.000018810762861572873181226911
0.000018108830487816283429363534
0.000016390475750989246753880346
0.000013902409295775858909098056
0.000011004407758109009351468917
0.000008119086273143441196179469
0.000005671656458470744987632010
0.000004028044041974689498132860
0.000003440262868456592578066382
0.000004007250962830551739481816
0.000005657467742273888656719463
0.000008156599544707323341092252
0.000011140072997005306298023627
0.000014166237649176900801218509
0.000016782651607640538762465307
0.000018595489915959540134279132
0.000019331187831366889882857979
0.000018880301026367514476882528
0.000017316179555866406246811967
0.000014885047615210569247343533
0.000011968800868821866589461478
0.000009026440206292258593471188
0.000006523697359246672252644939
0.000004862374013848320320103653
0.000004320824726305070250485796
0.000005014882792109201486280539
0.000006884783768421589594972958
0.000009709030463001851394264953
0.000013141571165899189002233480
0.000016764996352774066035347389
0.000020150341325974197042745703
0.000022913805090728956066498806
0.000024762157063751264493393911
0.000025521356743047525776797724
0.000025146291945560543551084140
0.000023712829458340580217248078
0.000021395957068401704013072689
0.000018439295594734020654120385
0.000015121573213534160483925012
0.000011724944114268727877645714
0.000008508645906246186340054355
0.000005689846348696870230790806
0.000003432015781428436773821660
0.000001840045462085346105273842
0.000000960726400202340095381155
0.000000787072746100074058911954
0.000001265178555647518998422858
0.000002302654059488584587655916
0.000003778030996144330466008070
0.000005550747690087357103785534
0.000007471389166006343463650400
0.000009391797306434630166946907
0.000011174552770342726583006031
0.000012701244403702590822415747
0.000013878944188509939245182966
0.000014644421595610707803603034
0.000014965847138259011272413794
0.000014842007936970233399173909
0.000014299331365211872372253214
0.000013387232649118586811547507
0.000012172431276621863716091466
0.000010732904882442334055158914
0.000009152076352733881826765142
0.000007513685860252217302269161
0.000005897618823849458284723588
0.000004376778127099294419047326
0.000003014932824088540551333779
0.000001865364611093803200969859
0.000000970075539279994502201701
0.000000359314607380891541208459
0.000000051219240901334059634089
0.000000051438619798289803557709
