0.000002541231135313191583481943
0.000001811180275918622518697347
0.000001188608230185856325425951
0.000000694511399160836663303775
0.000000342078793155260787492948
0.000000136574885397228247056498
0.000000075451132918451715558642
0.000000148677953234813961985771
0.000000339311373034767780754314
0.000000624321927686923203047926
0.000000975713966025602504161915
0.000001361949832126443135125820
0.000001749666696472275556831634
0.000002105638113397512017346217
0.000002398894002491743357365506
0.000002602879201881101814972444
0.000002697509148318588730882739
0.000002670976561079110678340476
0.000002521176503468662159811522
0.000002256645653785583706033404
0.000001896947731741079108493445
0.000001472471081338536946656265
0.000001023627034569212760386743
0.000000599443052890331186746426
0.000000255533275185712695877694
0.000000051409223849900407473100
0.000000047080279051524248190141
0.000000298906332276185418849623
0.000000854721950952068049663416
0.000001748363638961563747939746
0.000002993898141923766265327022
0.000004580053039881794331986999
0.000006465557554149266219351011
0.000008576265001018760871019479
0.000010804995971507724031269657
0.000013014963960001448884957337
0.000015047388174033970897522892
0.000016733452064115522303893585
0.000017910154480944891620779191
0.000018438884592880179659870124
0.000018224829168509237386879007
0.000017234716810999694668743443
0.000015510055896414089897719646
0.000013173059289007814883008633
0.000010422960939250900329984192
0.000007521444812572222453502489
0.000004767365928122568577614011
0.000002462688440238743585323014
0.000000873344989387029049744595
0.000000190216632427305440976621
0.000000496307221373184987892697
0.000001746151393553705304781854
0.000003762381684959528470492277
0.000006252199018797376143207183
0.000008843469519162600023763632
0.000011136746918222868528826688
0.000012766286682355852764164661
0.000013460723553010575130801409
0.000013093102511996417746048885
0.000011710751303096742837774047
0.000009538115393567035655642342
0.000006949836949356668663782110
0.000004416404725000761338445966
0.000002429752866976414188594910
0.000001420289999827606264038707
0.000001679156485551268487783948
0.000003299489369511009260581974
0.000006147989222511952133321932
0.000009873459123854269625132629
0.000013952964172875004640562643
0.000017769862415533388118413921
0.000020712301163405460243272654
0.000022276860860471681320162107
0.000022160571608802728446867975
0.000020325814359635548681176989
0.000017026471498758496091446152
0.000012789502125818215285801144
0.000008352958554262486731982647
0.000004568246528563508102472462
0.000002280097760987666584788815
0.000002201394853049119092614893
0.000004801111190271170621305958
0.000010222043063221520039552705
0.000018240966058878131596417138
0.000028277948309621191657313444
0.000039454663832251584331886618
0.000050694661602120893203853036
0.000060852635451977447954112488
0.000068855629469845812656164652
0.000073837364247526839360243056
0.000075247708982491225051386641
0.000072922623640045371087164972
0.000067105191214310067103834823
0.000058414923294273230348731818
0.000047769457619002712509253400
0.000036269133860938624486225379
0.000025059872899540726809072821
0.000015192627795034212669685741
0.000007498035119414079740683080
0.000002492719853091366683699517
0.000000329284678823921411848898
0.000000795941816312813014977490
0.000003364851625671356543593581
0.000007281471282931059764821982
0.000011681541068855744034326802
0.000015718563586477868451642820
0.000018683327620084999061552886
0.000020098414723280317792375449
0.000019774533906464494348656502
0.000017821406028780619222118622
0.000014612895634685051801334756
0.000010713097632382297160337330
0.000006776025889643853676071183
0.000003435458198153119159192663
0.000001202713573280853194389815
0.000000388454630215610411427392
0.000001060292515444014344676272
0.000003041759466942227555468067
0.000005951183949451964910531618
0.000009272389727436332980056721
0.000012444103860055448496080288
0.000014952364115867699425450020
0.000016410463286576088134342127
0.000016613913403960254037625144
0.000015562905629038216947200579
0.000013450762405778930575861278
0.000010622756949467725419672219
0.000007514333628418845728612948
0.000004580432060720663310377648
0.000002227975832912720025670615
0.000000761792294215738184104956
0.000000350847829036886598574337
0.000001017527203667267037307692
0.000002648621699302848561999833
0.000005023449488243349173488723
0.000007852575043466427368705172
0.000010820059778552145585400063
0.000013622901374570841497631951
0.000016002929655863409717396137
0.000017768453899605232102236127
0.000018804954108952185652366487
0.000019075740557545214578800269
0.000018614588066133151201576867
0.000017512852101169413643159956
0.000015903578673766568743344965
0.000013944781665095366346646469
0.000011803547540825742582950957
0.000009642082285905198259451723
0.000007606336555662035088238963
0.000005817479476710461883484128
0.000004366243669812546558455998
0.000003310010923816527470182371
0.000002672415457387521472857120
0.000002445178095791981053697519
0.000002591828789574928314177939
0.000003052918961346215915620989
0.000003752273139203924161685011
0.000004603792234271325263614966
0.000005518311024353204620679705
0.000006410038608292780230835887
0.000007202174618639995529829553
0.000007831390020646401232008033
0.000008250977477473592005814511
0.000008432597576457155592400197
0.000008366659232394697240679446
0.000008061464301460281742456662
0.000007541311935278309509756659
0.000006843796745799811670886523
0.000006016549691644844339655576
0.000005113667085383939478579647
0.000004192056819226664554243686
0.000003307906262076031555195710
0.000002513446136535465439863172
0.000001854150555721330999347281
0.000001366476226359323776455104
0.000001076204796987824218032145
0.000000997413443257471894997897
0.000001132062923169113306709108
0.000001470162894191899330805168
0.000001990454438848729069091179
