0.000093510840535035200408661704
0.000101729907749133742186388452
0.000109842746129930080587269736
0.000117795725530176593164044530
0.000125530415553067053752861471
0.000132981621240982979172823297
0.000140075737543320934762325347
0.000146729511885815321666631794
0.000152849381688010583927109232
0.000158331606325192228565054697
0.000163063424426620768442619536
0.000166925427802017394690592411
0.000169795252064724951123267371
0.000171552551106501959335415286
0.000172085068121286541894393585
0.000171295467540103277508806157
0.000169108480169705220185621952
0.000165477863944247496810063813
0.000160392709718246498362681507
0.000153882723456117375109702961
0.000146022271955510566428942942
0.000136933150669879620097563189
0.000126786170209280767530793388
0.000115801712621529831297173541
0.000104249340233572676843107341
0.000092446331706395195888098515
0.000080754687198986754284243950
0.000069575740597308398014374242
0.000059341134323177201171858886
0.000050498677106735287715890553
0.000043491660913425577979305597
0.000038730695092320178887345533
0.000036558113193152033692547020
0.000037206520494843510439217371
0.000040754946696247093952496232
0.000047088061829195396277170788
0.000055865572437465174334466494
0.000066509719633465390299306708
0.000078218250007769548042685370
0.000090007985349860469034659338
0.000100790146541020775327636427
0.000109473273166770237118348985
0.000115083738846646159415497424
0.000116888644719923413513654187
0.000114502553540547921066133918
0.000107959203477869686315683551
0.000097732628424289499577404250
0.000084698901675166437781963613
0.000070039091784043891377592450
0.000055094348278231163279321236
0.000041193290777401218188437382
0.000029478056245595981145826703
0.000020756959448605121106024018
0.000015408114596562249377963497
0.000013350003787401264445842096
0.000014083346583777269205722815
0.000016795958307803328011208188
0.000020511095050723057448948533
0.000024252320752740879998554657
0.000027195691870429193159712511
0.000028783452577624511487929676
0.000028781711204113712962221125
0.000027275964704308145613751921
0.000024610469092664658495844127
0.000021287830356567164077300630
0.000017851748796836590816444756
0.000014777386649318591455622846
0.000012390243429593733107672328
0.000010826717029418671313389412
0.000010039562358270920542995495
0.000009841524336729965267674472
0.000009972717263101318565686124
0.000010173458349965995849454800
0.000010244904277452238623258123
0.000010084571525128747227330675
0.000009691274105269763317733155
0.000009142213985438070743315755
0.000008551834030307090949579729
0.000008025931437028534953153150
0.000007624599206452322052915676
0.000007344002829152002076711775
0.000007120943623202059958438286
0.000006857364976230795924460465
0.000006456313509006326599361930
0.000005857882490986773128913579
0.000005064063480774367700183898
0.000004144974790828717073776916
0.000003224513759961433048760286
0.000002449453264065583525953317
0.000001950676713074207215459135
0.000001807351522711379730398457
0.000002023879901321683260820685
0.000002525819522430523032341474
0.000003175751530146741982978554
0.000003804789368209934524267361
0.000004251508906621699088277267
0.000004398515253922703126211388
0.000004197913701815863524017571
0.000003680158069228838421492597
0.000002945101234025117919253407
0.000002138346380006411646685759
0.000001419115843690192805932816
0.000000927168532456557619506586
0.000000755713981313639912716000
0.000000935205117486475046041097
0.000001430072528887785348721820
0.000002147680851335261875825278
0.000002956661889252325321644603
0.000003710618441071527669899727
0.000004272981126601462782243612
0.000004539287537903650214640879
0.000004454003219154730867132119
0.000004019938836215305712424098
0.000003299200165133532803896131
0.000002405444438673503772572288
0.000001488093660388322117248149
0.000000710138597247875428199898
0.000000222219693023023135114132
0.000000136623412312407989728676
0.000000505417107464858851158750
0.000001306885481779492542129574
0.000002443548523049370508914303
0.000003753341653143524153104452
0.000005033252045658543713415982
0.000006072249083596433515445327
0.000006688241332394378733700209
0.000006762535103573299018414958
0.000006265213421610115336049182
0.000005266113477597134448623603
0.000003928491104481600569250412
0.000002485600152228084894418577
0.000001203680912010153399198452
0.000000337583513219166090021023
0.000000086867298559157592098403
0.000000560341759076567042088595
0.000001755574726679928362590207
0.000003557145797883977777744053
0.000005753912435699282855927281
0.000008072004981677842491249834
0.000010217415040234104794307848
0.000011920476993750032769568518
0.000012974560768732156041858038
0.000013262829903887118825696508
0.000012769565837184728728285164
0.000011575676473927852251589662
0.000009840885356333457296322889
0.000007777137763661145977017730
0.000005618614032393171470744844
0.000003593379257859311336567327
0.000001900389469239610445362612
0.000000693780103197718836828003
0.000000074596934069551346042698
0.000000088813741084092561360803
0.000000729841915400456730481527
0.000001943773440865771148051630
0.000003636115878183397463410545
0.000005679476012834634308912816
0.000007922228256811126526765188
0.000010198457685103044505106444
0.000012339332425147581042031153
0.000014185617181918855130994157
0.000015600471305081689083133281
0.000016481195901219695059769857
0.000016768382639475872913871132
0.000016451061969229385339823224
0.000015566933906928888463154503
0.000014197481248284076819324469
0.000012458549239707874557985673
0.000010487656713656065530257226
0.000008429746989996654579313344
0.000006423221962196582388005504
0.000004587930925675416444673663
0.000003016369155197508663293583
0.000001768780494214467133160451
0.000000872264855626031978775507
0.000000323464161177909707268975
0.000000094008438362576507362850
0.000000137681719160607493469530
0.000000398216095508864569847251
0.000000816717778120310293468926
