0.000006184513168144794511584244
0.000004661660954186137403496525
0.000003358373043967567055188145
0.000002328391114925613647300287
0.000001602643525593558481619487
0.000001188957928122944319280379
0.000001073280477244326834947901
0.000001222181524308149129184366
0.000001586402864546532104971324
0.000002105207039737372245319369
0.000002711312126578298966142217
0.000003336222139066740137203519
0.000003915781634936493953223595
0.000004395785015041922915552362
0.000004737452693212387775929632
0.000004922548816623553398844071
0.000004957863375806047796074370
0.000004878722693595354499757934
0.000004751134982729260825429912
0.000004672131066499384742215020
0.000004767834649641975715099722
0.000005188804445929652659429653
0.000006102249324252180748555559
0.000007680850512725056461319807
0.000010088159244120330557256335
0.000013460900008732969135825941
0.000017889012175353913200155989
0.000023394891450083391606093799
0.000029913988412815190558570813
0.000037279569754905249345279528
0.000045214880693471042516409092
0.000053335963541451396102872906
0.000061167797047749245410025454
0.000068175104245967398618188948
0.000073807149833395344984757203
0.000077553314818561066299254514
0.000079003598659494321423783780
0.000077906015315403577070965668
0.000074211728607239183224536516
0.000068099222552435545821082619
0.000059971067257163433424430043
0.000050420769236336360089121428
0.000040172195739028461588995128
0.000029999177939383031240606903
0.000020636995810122319805306190
0.000012699498642632393177547522
0.000006614982117694096504614040
0.000002590596477058610923180837
0.000000609646504991053727982994
0.000000459861980916191571710269
0.000001785027858683498310155479
0.000004148600974553702801532126
0.000007096940178396947198637655
0.000010211635909117936117781675
0.000013144473119560876102503676
0.000015633562520855915896431793
0.000017503701652733976362264282
0.000018656888945243450892829545
0.000019059506962186868874809323
0.000018731155059538872242799051
0.000017737245004188062881891885
0.000016184437384532956180713953
0.000014215913183217803285665615
0.000012003049092380434570231061
0.000009731365183287645748123028
0.000007581073870194506304754332
0.000005705201865080141508776608
0.000004210049212698077686540827
0.000003142970881813916875891597
0.000002490958354757457383899227
0.000002190714810684341832137251
0.000002147760574033042676637224
0.000002259612631511336542261851
0.000002437069405010713917837661
0.000002618421140521413811717193
0.000002773723231628768550008661
0.000002899347093557558982616093
0.000003005865554918377342309699
0.000003104049377359310656716504
0.000003193858454006046429128271
0.000003259861762267083366346370
0.000003274077441100945926982487
0.000003204649938494516343091617
0.000003026932856183759083660342
0.000002732988408228553006169967
0.000002336340326791547140504370
0.000001870639816464918115404776
0.000001383016766499295191413009
0.000000924530143110198956838720
0.000000540763469369838530274592
0.000000265101656787623575003971
0.000000115877880699866149371023
0.000000096997388065848099340190
0.000000200485986180625793859109
0.000000409121513284885485546214
0.000000697946460075439609131828
0.000001034679583776117834189754
0.000001380230502181221679690228
0.000001691055191704094842514335
0.000001924619207593802356216339
0.000002047846460765671707351162
0.000002046652139258019315027314
0.000001933271957857710225691956
0.000001747836144805959950133457
0.000001551854515090300682978461
0.000001413768401795043292047552
0.000001389717174921998590967883
0.000001505069333918720342441427
0.000001743054447740161019191150
0.000002045448609629175622031880
0.000002326899512122419595076903
0.000002500070895043936853061961
0.000002504772850618164767641646
0.000002332073749608916359758824
0.000002035006200272311817177492
0.000001720942462389597238492486
0.000001526105715327973028983335
0.000001578357603252144602366141
0.000001958512030882609797918879
0.000002671544260162453507980980
0.000003636694859806096201556257
0.000004700243417310353468015725
0.000005668230304936030724009734
0.000006350655527178297217330907
0.000006605466377319391574644489
0.000006370916268095357695407446
0.000005678455291382601028435471
0.000004643967634264438643434958
0.000003441063921103397589079881
0.000002264461418205729160106751
0.000001293068454809415023984941
0.000000661043389433503051941612
0.000000441608662392833405347590
0.000000644173235805106628886797
0.000001221831768349279049180184
0.000002084589507360432072540510
0.000003113955848104902587912893
0.000004176323630102924346530098
0.000005134778371880832895828625
0.000005860589530298172729902775
0.000006245935072728174691238621
0.000006218339803409950289586443
0.000005755415899085553036612119
0.000004896685220539324744212437
0.000003748418809153568256181677
0.000002478059735788769138464024
0.000001296849427064619145937106
0.000000432168993349306101869363
0.000000093936762089051709997961
0.000000441278584712711776124716
0.000001556021332222687391169669
0.000003428246942772720504594196
0.000005956566671564217726889470
0.000008962653115398789080295675
0.000012216719960204310962146104
0.000015468740505425138213055694
0.000018479604560344565892821694
0.000021047114979630559980722584
0.000023023388421144829829936840
0.000024322335513015321570122473
0.000024917917079672349892896163
0.000024835384288309082345246742
0.000024138486664717681817174041
0.000022915658653676860298607082
0.000021267627796499256382809981
0.000019297976370113585609621099
0.000017107200520530861447780074
0.000014789966155037501539370320
0.000012434694816471000686957174
0.000010124369416256941533040041
0.000007937496156436770690010239
0.000005948413053864414383800890
0.000004226496050820301400466165
0.000002834186106835935656521634
0.000001824073327810179337334908
0.000001235485514711045235548663
0.000001091125881924251849974220
0.000001394298228791332976191238
0.000002127171960988360472065992
0.000003250404415339416971074404
