0.000003679149085715230520546824
0.000003150797743620102168711061
0.000002802731358246986661765998
0.000002626558537368814896540434
0.000002605340971185379867424391
0.000002715957466137564498530072
0.000002931344974167603765726397
0.000003222777646175478433610700
0.000003562227169955532094078234
0.000003924663652029985554104113
0.000004289983855828691288120461
0.000004644165304769397156477249
0.000004979290183425311742753620
0.000005292273823998826061333796
0.000005582434471120243433368228
0.000005848376586199387498939128
0.000006084926060710562441182642
0.000006280953489555550945137516
0.000006418791709565180780491800
0.000006475604336272106736330147
0.000006426577039344015494239624
0.000006249323305816670815989768
0.000005928574388958672025955101
0.000005460169386987650109836767
0.000004853598744413217500623479
0.000004132802755189967881192369
0.000003335426066862368240338588
0.000002511096076782484946430998
0.000001719388015172214760378951
0.000001027921426684346234360808
0.000000510578453266336920417907
0.000000245315036326045978574560
0.000000310660427392716626145402
0.000000779943757272423005592551
0.000001712632742252037509883686
0.000003142883603603358439414466
0.000005066339931879968338146372
0.000007427175041575657357846574
0.000010108135891645101677740158
0.000012926748574640152414459010
0.000015640776489655406966206366
0.000017965409640261424228501602
0.000019603426373401336131694489
0.000020287596973657377486541589
0.000019831804799807343261779102
0.000018183839242238209507173535
0.000015469071506926408005044848
0.000012011361856225817725885366
0.000008317224546814554805157504
0.000005013281941032766155202493
0.000002736454561293348470847175
0.000001990523438676545057437420
0.000002998592635416015191594016
0.000005593205327001155806982639
0.000009188126545798026381683433
0.000012863311772332616366582014
0.000015566795599765941823843310
0.000016399660607448348742217273
0.000014914066968434307349075305
0.000011333393136208999736874031
0.000006609363203620058839049111
0.000002267509921463237009691977
0.000000052497941648985668202121
0.000001451552340372765557581221
0.000007225030034409124287818511
0.000017088026917737556307575267
0.000029656146018801063173834370
0.000042697590991872832024214834
0.000053642669317435689307904667
0.000060219332413739011836909670
0.000061037369516392614389108107
0.000055951406564478108431916203
0.000046093870960051673037194409
0.000033565694465479210654729886
0.000020874598725323229822699311
0.000010285806969115498054711914
0.000003273863855449896437710584
0.000000229372517004785041465866
0.000000492433331806035741283348
0.000002682235177627074097924612
0.000005202790027468160942013698
0.000006756698293287674082058768
0.000006706454715505839844259545
0.000005181808427215295719393644
0.000002920782865135241987999916
0.000000920405316397547207970913
0.000000031448597828407043286963
0.000000641255161498231538152190
0.000002548927431005589934129036
0.000005063825509826908936286856
0.000007278348749311415861974403
0.000008407458435567249143490105
0.000008069645619950133999444958
0.000006411220395426757323229482
0.000004036126205800210946705777
0.000001774182595619723991912020
0.000000376506828120286628572028
0.000000249146604530438177428495
0.000001318600935287297341920345
0.000003073803210310184001155705
0.000004766545539753494397576354
0.000005697996145260878743594220
0.000005490671042008130238194080
0.000004251202023245586492799803
0.000002566230204447713210213306
0.000001328841171173677586619510
0.000001448256116632176494421610
0.000003533856287808138562300201
0.000007654630891836451689076021
0.000013254080633878675792025614
0.000019254835612430583986418031
0.000024330158372176456215828927
0.000027267783196504478081517026
0.000027320610907979974411614182
0.000024438509759880037823260440
0.000019307189573288246754430644
0.000013175696591501456138382370
0.000007517671055783413750774839
0.000003623750647548531070090642
0.000002246313883292358986156281
0.000003404120870945740076455883
0.000006406095650239853955343686
0.000010085091736591961572707885
0.000013166171972760653174818607
0.000014652077203248752685325884
0.000014105615618148827715536316
0.000011745621450027470469433706
0.000008336644343424844160253540
0.000004919966973386968544482319
0.000002481387909187460830671718
0.000001663962054949791879185448
0.000002609643884627388748750389
0.000004964134977648691471579633
0.000008023927793695938230481880
0.000010963209587904823108799220
0.000013063111521605884460294281
0.000013877847316394910094335471
0.000013302836406265606725672634
0.000011545276253542663901473231
0.000009025204975795576064351300
0.000006247746163718814369717608
0.000003684660389849901684922173
0.000001690500909434729037906413
0.000000462593484685768621410452
0.000000040679767857427629192317
0.000000334466118627875245619658
0.000001165576107502529558423206
0.000002312616473984793574156281
0.000003551801048714975869588723
0.000004688991597186490639767760
0.000005581319505512311106125434
0.000006147867371337663277544496
0.000006369764518601527032866903
0.000006280970950649299411024454
0.000005952122424844002444345187
0.000005470845697793246624192169
0.000004922506497174853060322993
0.000004375084314833200373813949
0.000003870720668828059477320231
0.000003424737821539539113079465
0.000003031079097367599978370394
0.000002671715678873078882637950
0.000002326963911218282904152990
0.000001983941072810973576992077
0.000001641352962716488349831519
0.000001310073686214284944010974
0.000001010142226164937583483263
0.000000765565654852273278626002
0.000000598567082237173667508777
0.000000524703252210662676837175
0.000000549772180391827064195869
0.000000668839904235408212130535
0.000000867207357673619828160804
0.000001122810468063782782574935
0.000001409417278656614649738621
0.000001700015167986618567133443
0.000001969901822278115667178922
0.000002199140999296325590792915
0.000002374176330537964994322380
0.000002488500374471667605754451
