0.000035446733985377697640634098
0.000039036901459734946824488983
0.000042498514677675890323111513
0.000045733632128662278124812263
0.000048645111408882274819931446
0.000051140597782758984081886294
0.000053136527404573126323952814
0.000054562078012079276401972289
0.000055363005515966540615729885
0.000055505296783380556849708115
0.000054978546992140819144566366
0.000053798935618708087623863340
0.000052011631444995264062468310
0.000049692408771335802174402840
0.000046948211110445766736706114
0.000043916363754178963456874241
0.000040762123113761495381973665
0.000037674269871858013819954786
0.000034858515611668802866487255
0.000032528607427149883841391992
0.000030895186490528187884564704
0.000030152682453559760808112222
0.000030464794948793974793113323
0.000031949405258299183531407739
0.000034664044037651501359124928
0.000038593274652271298121117976
0.000043639490811337041352435673
0.000049618626761267463766251484
0.000056262100963056014928109771
0.000063225938324887751766471833
0.000070107443582058276442849076
0.000076469060498676370103351974
0.000081868211003658552171388663
0.000085891057023045378577760789
0.000088187378408560699346967204
0.000088503233098976579374013440
0.000086707870152480067457018142
0.000082811582173968081269262165
0.000076971842318482547144753436
0.000069486142510362213084093574
0.000060771337740247401875467309
0.000051330850214356950832715609
0.000041712597985182363661237070
0.000032461771216149162908991971
0.000024073388826825640812116097
0.000016949783816226519971102210
0.000011367721604770411657301526
0.000007458783133488295190717358
0.000005205071456902495972052149
0.000004450436826223095091673715
0.000004925520777750149301239552
0.000006283263676556624733660940
0.000008140336892831560416635209
0.000010119411321615382916131766
0.000011887320033610277735555520
0.000013184968547865815385400703
0.000013846148526658378735644181
0.000013804006593894926712253260
0.000013085564526355284562420152
0.000011796144860170484981493240
0.000010096638170759382189850713
0.000008177138808572078623650853
0.000006230542678615518426173125
0.000004429291814000975194515024
0.000002907677271638951205343267
0.000001751123513346645809525201
0.000000992833300047063410572476
0.000000617216536040978446369114
0.000000568770142609087908520103
0.000000764586014653743773522208
0.000001108462556727411958405641
0.000001504664948985779780252637
0.000001869673444751297351258288
0.000002140713010759373159615010
0.000002280399745635018522455905
0.000002277399542701934328191304
0.000002143509671384878992068251
0.000001907992645104951286670874
0.000001610275230338185737869036
0.000001292249318106504925342802
0.000000991366746387867838925258
0.000000735515078464477448917343
0.000000540321898664961481270077
0.000000409105453537149449138091
0.000000335229158324432764126124
0.000000306196462098242063603910
0.000000308511876176856168342257
0.000000332194188575176462530205
0.000000373896433094834931225287
0.000000437867352978971317848707
0.000000534443814074072321247059
0.000000676316523654378053469433
0.000000873356737495799673386642
0.000001127212361120529646629947
0.000001427073372643104295158750
0.000001747901276639227810942600
0.000002052004741372005591450904
0.000002294179688257342161685371
0.000002429835229111075886831951
0.000002424758534495316694928977
0.000002264605454416455581148366
0.000001961987415228448810384978
0.000001559245472103490513934246
0.000001125659554243401382078726
0.000000748840346320990293908218
0.000000521215966906235662435413
0.000000523627902623381571071786
0.000000808857094269018615189488
0.000001388221816387534139251121
0.000002224120657757769532487241
0.000003230546147354785711298562
0.000004282293924839467294995912
0.000005232061753572666183904113
0.000005933150237542156156143533
0.000006264322571100379468387633
0.000006152780482976338366713290
0.000005591296075274820259021994
0.000004646309143867311459475972
0.000003455136452435119820815555
0.000002212120876844220678452508
0.000001145291754258060886267315
0.000000486622610450594096001672
0.000000440012054735551890746010
0.000001151516932866762163090103
0.000002686082390409927381317310
0.000005014102799939275339590871
0.000008009768239693989804058559
0.000011461525391216466647340867
0.000015093355681598097424596892
0.000018594177638652450187776999
0.000021651695675048634331678193
0.000023986553225390022322811162
0.000025382733564537935674150157
0.000025710740186601406141383985
0.000024941072498374837414268981
0.000023146743512882140029422035
0.000020494898616166420078632537
0.000017228827297540618280861924
0.000013642674794844580459787439
0.000010051855832268239381152228
0.000006762489877226708015077374
0.000004043104983610523835352909
0.000002101428000477080549772196
0.000001068363336055823491742029
0.000000990359341178703279451410
0.000001830385223051650960695864
0.000003476808642788043574137517
0.000005758679293409532571571419
0.000008465367199200670155238499
0.000011368223605786253069759549
0.000014241937177986700672886224
0.000016883522397223946236903894
0.000019127343742673053527628829
0.000020855171288354932066086075
0.000022000895616054547972812935
0.000022550121905830711936755822
0.000022535349533470194814763904
0.000022027781887907725691172142
0.000021126984365793227135322044
0.000019949623693462071552951614
0.000018618405172486850006211348
0.000017252114531330610348782567
0.000015957410482606354046796956
0.000014822742834506208626805385
0.000013914521252144911186120202
0.000013275453065489443261288846
0.000012924815401023167805169903
0.000012860328352547705763097088
0.000013061246000334085449936378
0.000013492271124619024643201404
0.000014107916713552558573923322
0.000014856973164829704209559044
0.000015686786944395862924798990
0.000016547109360347535505879335
0.000017393330028975533837034065
0.000018188966787206954449883367
0.000018907340865574021222805801
0.000019532421422853131964467166
0.000020058874786731612150552165
0.000020491398102024359090950201
