0.000025819862013876547030205924
0.000032620789257905656707749870
0.000041492150174697454197841884
0.000052067724095242703984728200
0.000063963302409497641400418222
0.000076768133626279442161162436
0.000090038453220239245741035594
0.000103294717548278923110495475
0.000116023922234127847461469807
0.000127688046383524423299168915
0.000137739225807671203426554851
0.000145641724864789946867343895
0.000150900157188852681797164301
0.000153092718741493232946157543
0.000151907472013082517478185784
0.000147179001852762187524392701
0.000138922112442275118163528824
0.000127358731097964390701487991
0.000112933924820563715159769946
0.000096317027319740199315170615
0.000078384422380111166105132181
0.000060181615809819653437583165
0.000042863887012808323125588605
0.000027617003495739776236473847
0.000015562074774909491269936704
0.000007651380182118995026030635
0.000004564594192819382819715276
0.000006616845491664146532964554
0.000013691043477784116961094678
0.000025206478808845906582850743
0.000040133545300338199042153309
0.000057060411676409114004483031
0.000074311719726033789983760114
0.000090112336164161347729952001
0.000102781606774773184918674029
0.000110936527114298508645690022
0.000113677045113269486781466810
0.000110724692756020143399528499
0.000102488068615657587938014284
0.000090036040304771093470762033
0.000074971785959670675381083527
0.000059216765507737762082828004
0.000044731064044586775095210807
0.000033211955306826568745312556
0.000025822209815756997156044328
0.000023000239450973297808443821
0.000024393691178200870353903057
0.000028937018966657337027282432
0.000035065167307127811577565496
0.000041025642707791922317046157
0.000045227170259664405235940088
0.000046551600215557332020435699
0.000044560982235853965872061921
0.000039553865336123685100995495
0.000032459349646908941858756970
0.000024595864055839889079392580
0.000017354086787878790786076103
0.000011881079878028581126654835
0.000008840635630357240778423242
0.000008303523136274918369989506
0.000009786654654154156479954271
0.000012421748821093186302181276
0.000015202326047149019620720496
0.000017241146662324788058767711
0.000017972312215614811892238148
0.000017251591296520001896867141
0.000015338795376597061408856584
0.000012778264252162275035765507
0.000010218833862274845792478262
0.000008226733011302059511010709
0.000007141531357799701881805283
0.000007008813254433130016357156
0.000007599373268969589770511011
0.000008500631030594011172478973
0.000009248215981663748653618211
0.000009458430029308574445352266
0.000008926376722308568004908384
0.000007667557704116606751292180
0.000005898106701612291287873530
0.000003965343058050869502360533
0.000002251673047583159877120485
0.000001078743832871127130988210
0.000000635230801894813333028375
0.000000942777513448178109411199
0.000001863556967248575478725931
0.000003142835777769214208231469
0.000004473070129155808278848677
0.000005563392466665129605977134
0.000006199546307085550381254027
0.000006283249337915720512015745
0.000005845206588986222621343730
0.000005031351907229566198555271
0.000004066578205170541384456864
0.000003203809294431168330807066
0.000002668542148267513705687257
0.000002609743132834021621694817
0.000003066999136969900863387579
0.000003961003100457196708574382
0.000005110008744480748530227606
0.000006269497640127418087367499
0.000007187067118739749999707048
0.000007660756694236359694619685
0.000007587766694861059072537302
0.000006992284657288411847360973
0.000006025621841952419398356217
0.000004938019682473660844097135
0.000004027806989982594266911948
0.000003578558164263188165775181
0.000003797422578911593594075576
0.000004767443969052269580027447
0.000006423743373119024759661938
0.000008558692325248916626511536
0.000010855676432705594692314927
0.000012945733273811859361033909
0.000014477050015358930532428233
0.000015184620300004013037612101
0.000014946703238069733332585125
0.000013816348999355725611377227
0.000012020169934932641839014575
0.000009922388178067015725635977
0.000007959135736782749700481653
0.000006554694486286236797993945
0.000006036244974310940497098411
0.000006565287243060528179594386
0.000008101375407312028616223058
0.000010407358397623413121262266
0.000013096253518511132319670186
0.000015710368334940758071414241
0.000017815774189085941688710443
0.000019091711970025196376532506
0.000019395897449500087023890535
0.000018792552955281219165088735
0.000017538680690141913954757658
0.000016033288121588159223524644
0.000014741691077511085661787792
0.000014111055554973830190000628
0.000014493456624923892303753725
0.000016089461025466769613636794
0.000018919856607839121380833583
0.000022827195502895492279331335
0.000027503622160035185221192700
0.000032537853493563384868481059
0.000037472426151186790494428125
0.000041862235257614062379667719
0.000045326533000251871075112625
0.000047588469550598766770639625
0.000048498556967390131933887121
0.000048040832815616844300634497
0.000046322770137584463878699381
0.000043551917194046261584683410
0.000040003652529200164488128177
0.000035985142690155645758993963
0.000031800514076252785655891941
0.000027721449758749087678407277
0.000023966083889846750325583469
0.000020687472083706548491239055
0.000017971372087935300206583411
0.000015841832698105163710570326
0.000014272317204958634477779747
0.000013199819978412896022694663
0.000012539608463253062179071709
0.000012198709758518475450512000
0.000012086908613604749402801151
0.000012124689166225902011439844
0.000012248124018205774985595946
0.000012411119829020933035684804
0.000012585639348524603342983734
0.000012760545797263402739707416
0.000012939599414460235723414380
0.000013138942619193395638325234
0.000013384212145770500149068866
0.000013707277577720755062256654
0.000014142565910948411912382260
0.000014722997767193098475092816
0.000015475705332360117943328939
0.000016417872617769718377161298
0.000017553173708300049402943055
0.000018869331814095881917668976
0.000020337252835780966270977713
0.000021912005139109328789338849
