0.000001420999178666069666891877
0.000001658085430770180098282267
0.000001831754646604418987343443
0.000001947614736726353498220965
0.000002019161992577340471958364
0.000002064434973692323866138656
0.000002103296209055211678679324
0.000002155698282612430948207254
0.000002241119002327995005937429
0.000002379153488678285209784527
0.000002591057900587458662710564
0.000002901876827285341279113367
0.000003342672969264853098143734
0.000003952321631080046787979059
0.000004778331489076494527573971
0.000005876198538461182493692746
0.000007306883670460606913343426
0.000009132124613977722946784807
0.000011407460381339849743356080
0.000014173082763411094025184610
0.000017442960763804736122779826
0.000021193125045375135338983352
0.000025350533919017243590686775
0.000029784502111454480354846633
0.000034303128198821777243652381
0.000038657321611025977396106784
0.000042554700546261387840690088
0.000045684642521353516859874272
0.000047754069161604547895209893
0.000048531270611834983119345366
0.000047892577761616945378371490
0.000045864523287152460533002557
0.000042652942798846097782576592
0.000038650835007917503326462655
0.000034419044987256091207121489
0.000030637856060816396231317321
0.000028032782290127457552712797
0.000027283232629325843019091682
0.000028927048200916510525436062
0.000033276075414917581207080444
0.000040357232011765763321151090
0.000049889905260400782820596338
0.000061304653385053860291734051
0.000073801280568789155993487949
0.000086437877146899519658490574
0.000098237662971621125145883779
0.000108298262932230796311457166
0.000115888545825512445435964692
0.000120520925794838568764072440
0.000121991223666873275979088964
0.000120382895006674309939034839
0.000116036922074273134760508119
0.000109492531357383102857960822
0.000101407017172509901123921006
0.000092465322964524823690091182
0.000083291568746063319593660179
0.000074375123282680158159560491
0.000066022644919129397388969649
0.000058344338066200002656733203
0.000051277415556732224195552600
0.000044642940924037087069113638
0.000038225050495058994829127713
0.000031855726564310539222681790
0.000025485585589369760920212468
0.000019222838229337655785141162
0.000013328930069653073520446335
0.000008169342143019185249730972
0.000004129379685976669339014019
0.000001514573737451990113975914
0.000000460732489506915231342282
0.000000877837027735915187792140
0.000002444620735597146159395841
0.000004658375194941650508716029
0.000006930369065758914073373254
0.000008705039371843424026581326
0.000009574250208467763542685182
0.000009358475964569002751515699
0.000008134798610620295208992886
0.000006205061032436893865885628
0.000004012788884503520274015659
0.000002030439589746355888411587
0.000000645658538374111122708286
0.000000074661252226597271607644
0.000000322918572519549089285364
0.000001200344768340877131743822
0.000002383852428553637643185090
0.000003508369038044831197026329
0.000004261261168411744334539367
0.000004455935293975366056533696
0.000004067531890427118773526441
0.000003224750127003177278329268
0.000002163650132581437803388135
0.000001158553729832844704245726
0.000000449640970832468076507477
0.000000185774946391096522704472
0.000000395324467267861967088979
0.000000989328734389377067700092
0.000001792788816558011430192217
0.000002593435223157626899137887
0.000003194399152389435002450530
0.000003458059151955926365526808
0.000003332153992708823022885151
0.000002854595552818859906615183
0.000002138685997486821472549773
0.000001344370076053347271306522
0.000000643079723852859223331751
0.000000183665058888253113264968
0.000000065371512285931192734666
0.000000321563546294366317049849
0.000000915601088702026514077616
0.000001748385291453231837416555
0.000002675740110113941686270211
0.000003532888469953771040589670
0.000004162635779604275049550766
0.000004443374487565168315589877
0.000004312710617640495918908867
0.000003782576017988012830918498
0.000002942378026630224382542266
0.000001948225759307161454060835
0.000000998531247962995998471744
0.000000299015705125370376372620
0.000000022808876730664235171783
0.000000273230059785454467036366
0.000001057344320582912262923439
0.000002277100448837463287239105
0.000003741784541196897090602896
0.000005201144560785735630878066
0.000006393757768802716815240410
0.000007101167619178154155027034
0.000007196119146392823611260194
0.000006673639759100252974726060
0.000005656913993318624401802734
0.000004375332085722190121482647
0.000003118545297495857503491945
0.000002176241697216066218930610
0.000001777096994384257766413687
0.000002040863762103847788042296
0.000002954571795798102308160289
0.000004378010526532027020280447
0.000006076544362956679624964210
0.000007772766656936552998264159
0.000009204275143152282389127916
0.000010174035515245524036436614
0.000010582490652976511545267299
0.000010435871690283125750382982
0.000009831471389916072160146746
0.000008926154387313729997874626
0.000007897664132499954963849594
0.000006908670867342984721619532
0.000006081224310635151671577611
0.000005485314552878011565869958
0.000005140959784832067789802929
0.000005029895049376811125036325
0.000005111330593779276238201523
0.000005336533107681022526191765
0.000005658714505297011384047073
0.000006037086875224368978632393
0.000006436107410135089552743158
0.000006822270540707461568361719
0.000007161064986478378555784241
0.000007416044067682380431562068
0.000007550764232466713926140468
0.000007533116564321905848141542
0.000007340707661166530513530137
0.000006965643929824425070133215
0.000006417325370077203531020329
0.000005722484626245632546046125
0.000004922462875947440226714717
0.000004068361374211041379175130
0.000003215093095736406609051012
0.000002415435861695878385214768
0.000001715002968014450657663252
0.000001148703416230543958049138
0.000000738880034224758313609618
0.000000494988585877579936087944
0.000000414472965963153475334987
0.000000484415652231511994413109
0.000000683578514538022933698814
0.000000984556284562902193560749
0.000001355897777125352506231407
