0.000118971366075467028296935856
0.000140863404583919829375637800
0.000163113645181157680252165276
0.000185369608180761374352160664
0.000207208290730181694892092503
0.000228110221492139851606761880
0.000247444657427833456745519536
0.000264469205648622078530518564
0.000278346910238952416349889063
0.000288183240653862467444551454
0.000293084209025627035697519895
0.000292234878209042482546248243
0.000284994811656836849900892306
0.000271003765648877219078538570
0.000250287525373946086616055995
0.000223350767421301861200347294
0.000191241780298179024112636970
0.000155573350967471118848350908
0.000118485582938099716062210764
0.000082540149510313694887139735
0.000050541631346958480340732234
0.000025290088592361579340403455
0.000009279603200292625974103175
0.000004369578809569281688458039
0.000011467898726382699402161908
0.000030275537634424397391390282
0.000059147793263218833063020463
0.000095124084221466002572221987
0.000134162561183043428777658668
0.000171585723385742099826936635
0.000202700697983417991781748824
0.000223509885053621310674332179
0.000231386416811439811101400177
0.000225569084731464366069819683
0.000207345796560197252484530894
0.000179848314279359864026677784
0.000147466962583282383590990716
0.000114992210928735184545870784
0.000086671835007923412057435908
0.000065409175082867417310578118
0.000052302057181221090647639527
0.000046634703234319688604832960
0.000046309355839731100807146746
0.000048578833468925334030611568
0.000050857072146703641334422596
0.000051370922270348725409330054
0.000049478386135584799857510541
0.000045594796915891259091960924
0.000040798438244234980459661244
0.000036285568649913658458277393
0.000032878841989502215095546311
0.000030754149828785084283110790
0.000029457250824271033950649268
0.000028170458008275656744227866
0.000026102484863621063404959949
0.000022841029967507605144159608
0.000018535549520268848985209489
0.000013851458906060861936220506
0.000009725773844261313585794759
0.000007024464014312057471352713
0.000006230134862293789471362256
0.000007269174833673114508264621
0.000009531845409982712193390150
0.000012069748487057297599571622
0.000013897202313490766582208640
0.000014294028630851882794797897
0.000013013317079261639373907386
0.000010333468139832818017895266
0.000006945630605005346467359720
0.000003718873317792914069484459
0.000001421195912092190471659524
0.000000485284084727433066350894
0.000000891492590008748866952813
0.000002202132089512429410053810
0.000003732187293311124510000482
0.000004796985034864134232659300
0.000004951411699115087975255154
0.000004137437954359781280106682
0.000002687753111536487559492161
0.000001184131425763740581537853
0.000000222706725047049681203654
0.000000174934303443568268638888
0.000001037511610686448200487736
0.000002432784180577513442000036
0.000003763094088702565299351136
0.000004459718471919597869207365
0.000004225108138925532660435183
0.000003165292673591447953289997
0.000001751389960546490704042634
0.000000620227597220249908311805
0.000000295151129316964505143320
0.000000947663494000148838564525
0.000002308646378595059816185228
0.000003776317855138815389356684
0.000004681383317144282874564323
0.000004596010249055840576502471
0.000003547031917972013648920502
0.000002030173261950394204871295
0.000000807965511534016867957052
0.000000572429726803877740191808
0.000001619730962954652091017292
0.000003685750140329084487090736
0.000006025248454216963400948727
0.000007710756240602268814210950
0.000008027838989292491816106290
0.000006796434344118516764120599
0.000004475920510952950887636342
0.000002003043228053876197213099
0.000000426461080032785384936133
0.000000488665452300700733354922
0.000002327391958373709870619428
0.000005416264236778495695407310
0.000008763064791712399471197877
0.000011279102711905637803865322
0.000012169418471325528833225371
0.000011195241030827892493365247
0.000008721441712948881623415978
0.000005551905633092293288746374
0.000002634785528991418369887780
0.000000756885574405819713952144
0.000000332902880778939162626596
0.000001344388707703913182864731
0.000003421617035633969909635705
0.000006014857579836957663429325
0.000008583937408211359551633152
0.000010745485490303172953639906
0.000012344233594021942394900609
0.000013444021373491227307867511
0.000014255967341028402258439577
0.000015032710145485376069781139
0.000015960589280861479298491076
0.000017078959870186035318803675
0.000018248743613692349483431515
0.000019180627783313963232673244
0.000019517610333814280107033595
0.000018950040760965542477540016
0.000017329449324696298600145469
0.000014745606986942567720173629
0.000011541325285000434599093182
0.000008258352247678175752135764
0.000005528312785553146581525585
0.000003937429820494123395809623
0.000003898302481102266112892966
0.000005556711360645635838079442
0.000008750469295330695653476784
0.000013025773401634764209005256
0.000017707325539795676767841279
0.000022011629179326866999084206
0.000025186625875097278686506191
0.000026654338291626847583671439
0.000026128133675490718427960463
0.000023676382060401777107042781
0.000019712983118590324304111872
0.000014912444705456878989721994
0.000010068277227510993268762285
0.000005930673003877744067086075
0.000003065531625337110186314393
0.000001768893668338670689343614
0.000002051764186052519313126566
0.000003687831692700715899144908
0.000006299454866249731531673180
0.000009451288760201332456948459
0.000012726584078318193320937361
0.000015774159614863943884577324
0.000018327674329830221283720373
0.000020207469802119083947386166
0.000021316591392625304577767426
0.000021638021225779853484727511
0.000021233412678432121798582921
0.000020238626392425167866513311
0.000018850410411967303728848419
0.000017301567863167224283708207
0.000015826977148115548791468266
0.000014627282656821853507327254
0.000013838963071159467881944549
0.000013518146431604368789798978
0.000013641684704114040039960899
0.000014124192221574143350695113
0.000014845683964563128541232565
0.000015682316031420705167457805
