0.000003949239467201815278259592
0.000002889894096234130316513131
0.000001970814664416772061107490
0.000001222476979879477034115175
0.000000663061142514509116623121
0.000000298735436960139587295637
0.000000124446956510993591265961
0.000000125108527587674281394500
0.000000277090905956655635918116
0.000000549950141363343153550684
0.000000908337655478483468851050
0.000001314051272082289567775756
0.000001728186970645564452531682
0.000002113343018074848634637024
0.000002435811726444173078609708
0.000002667672529974059169726201
0.000002788677992594866027003218
0.000002787807249915460239454582
0.000002664354769711815989238594
0.000002428430658687815686745236
0.000002100774439260737486286860
0.000001711826766715452273034579
0.000001300059254401749688661357
0.000000909624900133457719078448
0.000000587452313760863553211884
0.000000379957726652362096705641
0.000000329583121470021979945649
0.000000471383652809595509601450
0.000000829883923490144409764921
0.000001416405566802726319659161
0.000002227045180012254038041768
0.000003241459012972967031993325
0.000004422593113817460189749788
0.000005717484018234264053282597
0.000007059238850168063411562747
0.000008370273378080089426533754
0.000009566828700679732888677645
0.000010564690647605194345043898
0.000011285896381450949454202520
0.000011666036531957658250882939
0.000011661567734214958676252152
0.000011256371205013872673419972
0.000010466668351351274046439829
0.000009343377454696047564562666
0.000007971103802220932274210687
0.000006463222065342284433447050
0.000004952933442666076660043217
0.000003580729938334856101832954
0.000002479310144147360522425948
0.000001757571814272440256573670
0.000001485744937187234386821158
0.000001683913622032329929264073
0.000002316018331434040477173663
0.000003290892458720163583544118
0.000004470997397713674207937306
0.000005688382509476416654136711
0.000006766183185024328482042033
0.000007542896381193573841880858
0.000007895955802258898005834692
0.000007760941282634676839928718
0.000007143185175299630885732780
0.000006119555198310023519229529
0.000004829653554466871405036373
0.000003457337088458109073307780
0.000002205044149406521200503526
0.000001264629694521652510547658
0.000000789043742785773352371845
0.000000869128123863865207527366
0.000001519065869920833822514497
0.000002672727325615080772497388
0.000004191535269808857544439253
0.000005882779359008060375947971
0.000007525804865545162451766822
0.000008902393558317935742872466
0.000009827084757416359024574312
0.000010173207584909731856733818
0.000009890986316927569428473534
0.000009015147241586230695805163
0.000007660855666264774563724120
0.000006008372566692881155188833
0.000004278354343222450820139694
0.000002701039892014813259871718
0.000001483506870602572464746573
0.000000779596868300538394103833
0.000000666921264987181931720270
0.000001134547986937312793982247
0.000002083597243966686198734161
0.000003341190001520843021079292
0.000004686221552266718349275335
0.000005883552882935299555564653
0.000006721720098889451733194939
0.000007048423043138721107929000
0.000006798056954903261213417950
0.000006006465516287055082594263
0.000004809846227649282271335383
0.000003427109925126850046282236
0.000002127642788663151796524266
0.000001188923395300832659904821
0.000000850381209948731706873713
0.000001270881365064271838039955
0.000002497050134899379522960498
0.000004448265347447525638977395
0.000006921681436089234225675360
0.000009617490463069825644892505
0.000012181237602702918096375662
0.000014256983609597033058513822
0.000015542984863452816114356980
0.000015840766617463043633776132
0.000015089210029150513676650218
0.000013377507167957061346981289
0.000010934235758043333962405072
0.000008093810633063320205565251
0.000005245483688162596571866181
0.000002773173108734641251682182
0.000000996110144310695321567838
0.000000120244288153158764168385
0.000000208515610067303888619305
0.000001174799467309427524901221
0.000002802159463252235880741147
0.000004781792646045500395045325
0.000006765521076569064335825155
0.000008422536341747366650739917
0.000009490716973376799308215884
0.000009814232692097298244634368
0.000009361986127553244304406142
0.000008225107440298216711425765
0.000006595458718958248546396575
0.000004730201273263359381705817
0.000002909389692230829106451163
0.000001394025677899883976316314
0.000000391091714993548114451423
0.000000030122262900351627293084
0.000000353363825075914150711487
0.000001319074373642721929782780
0.000002815487050492968741665679
0.000004681713966909356412966249
0.000006731487626170809757336980
0.000008776032305643810367480791
0.000010643291651568623080287811
0.000012191917905870621277077126
0.000013319574179269240388982093
0.000013966007561997987340717854
0.000014111911448492798224277345
0.000013774803770847653545386299
0.000013003074143820708832375646
0.000011869109205241428780077187
0.000010462109168223218986647390
0.000008880953871909615373269296
0.000007227317490339507694452770
0.000005599178250615183286768416
0.000004084898235627821780086705
0.000002758113194778512757817995
0.000001673724269242750122544641
0.000000865284822965608664343423
0.000000344008723386498693228117
0.000000099496750069533332234024
0.000000102109299938934424601537
0.000000306740330008995792749688
0.000000657603739798881317567194
0.000001093554703199441856966800
0.000001553446460263119138642740
0.000001981064606580653061408161
0.000002329270993426442126175875
0.000002563106624519534820761096
0.000002661725652450008861081652
0.000002619143381396560254169813
0.000002443869686167659112342385
0.000002157562212064847183333547
0.000001792873316214080163757852
0.000001390685980542766268360714
0.000000996942241603876848636719
0.000000659267070013833277926244
0.000000423583186529560076873438
0.000000330898558626757147619306
0.000000414428187402486366454080
0.000000697185544114217039816570
0.000001190147963861838946458436
0.000001891066955384883801458184
0.000002783962066491663853412108
0.000003839309079600903205594428
