0.000007315964756861702260749402
0.000006256329546733455947474765
0.000005359162322737792576220293
0.000004613578756695842420692058
0.000004004597276867365573808141
0.000003515119422728024779008400
0.000003127483401733160748952028
0.000002824546767943467379200634
0.000002590312450085393261480903
0.000002410161621215756054461155
0.000002270793597956455090781675
0.000002159994799508710569617117
0.000002066364798956874720346462
0.000001979118063101503575572024
0.000001888057023157952196948015
0.000001783779179472695989349730
0.000001658143052005862265731672
0.000001504980978409686987826307
0.000001321017057142908511573011
0.000001106930471987417263974619
0.000000868499403776581597041724
0.000000617765632598403673496367
0.000000374166801885880324104842
0.000000165580538941821675166642
0.000000029199957775769421341826
0.000000012105202405118715920229
0.000000171311401944313427228746
0.000000572973735441760263916670
0.000001290343894872728475333541
0.000002400039389892948853074154
0.000003976251887944362971446209
0.000006082718804244865616007859
0.000008762627103927414178963055
0.000012027088986328581947686175
0.000015843364759130510377102552
0.000020124510783949244437053203
0.000024722479020250533458986919
0.000029426769234380077276853893
0.000033970444645817054866738377
0.000038044632836487758881845872
0.000041321588180568289620613054
0.000043485112081279039624413796
0.000044265802016682569098790512
0.000043477455829417604830922084
0.000041050215565491951692257688
0.000037055868739597440906802933
0.000031721221569489464178672605
0.000025426597745336768839575711
0.000018688166933111635843994119
0.000012124747870789620568651376
0.000006411685570803437769196644
0.000002226086528579284564121612
0.000000188864445735625181139566
0.000000809534146541791206143932
0.000004439427999731694836403704
0.000011238041806255771813661225
0.000021155689616729680952019951
0.000033933777671871040665461244
0.000049122055261077528492269506
0.000066110425531925752148931785
0.000084171528355167089981148099
0.000102509501237811351823450701
0.000120310157617434327552256856
0.000136788273731575809634419816
0.000151228633083504371498531627
0.000163018754299280985067127636
0.000171672591338081656454558899
0.000176845704076230008251063852
0.000178343245089341152602446794
0.000176122459817951827016832556
0.000170291217733659159400128047
0.000161103460105734062977195231
0.000148951548164394712275154786
0.000134354579814833293305992301
0.000117941093223081788928484348
0.000100424434629451650230133608
0.000082569582701022160441291231
0.000065151398231010383146032117
0.000048905950644805612124131622
0.000034478459184179961955537402
0.000022373076100626594582337567
0.000012910809479874715138825181
0.000006201981858086622799658763
0.000002138551390602629433731335
0.000000409407760892415952119218
0.000000538658782359305774037957
0.000001943421974709634232386570
0.000004004340590142592065723941
0.000006139590955474774630487925
0.000007872067880075079239943388
0.000008880035860344873444873447
0.000009023823489376063018826621
0.000008344801021588102939684217
0.000007037320012150672454774147
0.000005398735112125566676789627
0.000003766263658847367457570016
0.000002451584738477800983640943
0.000001684314264243560070596971
0.000001573746989828674729003594
0.000002094835060607308604063628
0.000003099902056537948088376548
0.000004352901882747365246097062
0.000005578998196845991191942030
0.000006519612088624808800252884
0.000006982342526935880289238462
0.000006876421788234564363593779
0.000006227359230893522772315798
0.000005168555110911357426933376
0.000003912125275468215763693437
0.000002705109619291046451879448
0.000001779899457009105748678300
0.000001308626043144199926383797
0.000001370266140695280034230655
0.000001936570718927095871103811
0.000002879156535262108295564459
0.000003995969520765651629532096
0.000005051640303264747166006165
0.000005823708908642388467138962
0.000006145761535353148793643999
0.000005939335951666864494126810
0.000005228806851426261065080188
0.000004136855423853563485650162
0.000002861866481909359679334289
0.000001641943993286964945276158
0.000000712557358021755479695215
0.000000265719414916563411825374
0.000000417947456536980126915571
0.000001192275453800237132505422
0.000002516728718695048309386079
0.000004238548459373009462099538
0.000006150684861789086014648847
0.000008025170938964897664170094
0.000009647241725052107128783423
0.000010844514336327409163699721
0.000011506990580558512594824133
0.000011595702963130349530266119
0.000011140033371958251015229613
0.000010225651516881359887100114
0.000008976320235889440244899697
0.000007533336939444634485158261
0.000006036142814469613053680614
0.000004606801179432670173660887
0.000003339882605963845877859383
0.000002298079241639814431245534
0.000001512846597930904973133576
0.000000988696852463015705958765
0.000000709500911888581253034387
0.000000645260285679443055341159
0.000000758179413623742322212102
0.000001007367467776011904875182
0.000001351992238658085880573310
0.000001753094978804027379281358
0.000002174497725586125837819122
0.000002583285706611826648492576
0.000002950258596386978534481006
0.000003250571500073214786379365
0.000003464592271691387105164413
0.000003578840378062962160977739
0.000003586779467824685530881077
0.000003489223568029029862267321
0.000003294176467608989183460380
0.000003016030958330730230845459
0.000002674177577454356976183886
0.000002291180860680886378270924
0.000001890752181394435116432596
0.000001495770901919073673952171
0.000001126580820747327035046361
0.000000799727727459318480220194
0.000000527223125173253004772456
0.000000316336925264647081456286
0.000000169853335058171605525206
0.000000086678771843723041535229
0.000000062671345928322010942468
0.000000091565244249338532404410
0.000000165883212623804671945237
0.000000277757782755391362203041
0.000000419609291840388297023458
0.000000584651035023061563757258
0.000000767207310961301379597147
0.000000962839954746977395177738
