0.000031032098298641304866783697
0.000025704816715922030630333758
0.000020932218586191829635826181
0.000016712853444621873587718278
0.000013027454673930108670497525
0.000009841582256792530549556128
0.000007111675630422575349509802
0.000004797581632032533576750696
0.000002883646764360115664861325
0.000001409054784811743090495919
0.000000506385296522629657821010
0.000000445441179426326967634274
0.000001677295433979175878346380
0.000004871353876008674927214088
0.000010936273646419460159068954
0.000021014253814691492372544041
0.000036438099453053830398263635
0.000058642144630700785920291579
0.000089022022190527074067198376
0.000128744460655722550929472292
0.000178516411702519064465255472
0.000238332141906868344048350816
0.000307226561263717105020043530
0.000383072095987059102039501424
0.000462463834874317770810836503
0.000540741922408863122904987275
0.000612198454912431938579331359
0.000670504166950141580402777741
0.000709363066344286799166929391
0.000723357960166227768883384641
0.000708889421640048486908392000
0.000665047283603662571678516446
0.000594208713261381747325340363
0.000502156126120283075563166530
0.000397571395810995733416381981
0.000290891558767767885451682730
0.000192680811086617226855766116
0.000111835165127331813872575694
0.000054030927820362609085083627
0.000020810341911284219927570291
0.000009556245072681718481593348
0.000014376366162914394066733165
0.000027667582161894650597845635
0.000041943634236599974080775960
0.000051449149911402866218890911
0.000053166686161944543009567204
0.000047019425593436162623926788
0.000035310975315290863384143361
0.000021647362146863876355929943
0.000009696492946318504578865315
0.000002136275771418079872830068
0.000000042167052244241943416819
0.000002811711678634491120459035
0.000008567936096950200101397821
0.000014865887049985240954798685
0.000019469889898560778290423356
0.000020977658779375132674840237
0.000019131442427600079824075163
0.000014756487187274547394312194
0.000009377525935453471112859467
0.000004656126213360577999330822
0.000001839378167341281451310016
0.000001397662750043629138028294
0.000002958100179239191105518133
0.000005533472470094768504936950
0.000007941844716220552904267782
0.000009249167653690347707176600
0.000009070133461352463039896465
0.000007629168632038060872944431
0.000005584693702321612795958731
0.000003712405618059692179340741
0.000002589243763878280159631846
0.000002402973433127516776077696
0.000002945508716401620953839703
0.000003764830478540967078200609
0.000004388430032346050949022993
0.000004514905648961164618077156
0.000004100647159661337742093609
0.000003325380245866336594386982
0.000002474495769284915612767212
0.000001804006814371446343076705
0.000001447854136468687687947648
0.000001396205539701616604660343
0.000001536270293537409935454019
0.000001722110881511671824211371
0.000001835940849688921459577449
0.000001817701542473548869657601
0.000001661388315004514214186281
0.000001393355350642732939068797
0.000001052231726661238130312898
0.000000682337454957729284122617
0.000000339086236282940297132651
0.000000094402545797772256186840
0.000000028765552130298718050778
0.000000204832766568555662331492
0.000000630944694250013306472259
0.000001233496372901046645874281
0.000001858463302983836544122424
0.000002311997375804633399914469
0.000002431613741661143856138136
0.000002161424962168485746694981
0.000001596566627210365346291169
0.000000969342223065155826099214
0.000000571768290423676915062838
0.000000637867129403856992719509
0.000001231675686618297096050468
0.000002192094368349506175534238
0.000003168578102103081380307853
0.000003746988727862238199547203
0.000003625718820198996783792274
0.000002774800147940998013457474
0.000001508001597766054029911868
0.000000423697011128087553670545
0.000000217158558648503119046619
0.000001418613371737338125377513
0.000004148410950284360897816725
0.000007987340422663281056057244
0.000012030571904473963426129672
0.000015134474815899971148099035
0.000016294693242005714797770999
0.000015035776694704344795755838
0.000011670543355850001950219964
0.000007314618085211790089988481
0.000003615382386022564525798837
0.000002253986360410459467159367
0.000004370031576863772716291280
0.000010105040653677221267666558
0.000018439237416473285360862810
0.000027406845192842279760941579
0.000034645703123256305143266853
0.000038114174595466483426789428
0.000036740115542284152263304703
0.000030782306943537553699762055
0.000021781080659780429860990919
0.000012116256774484437247485502
0.000004323105985205596241919418
0.000000391270109359813303480271
0.000001262652633035529236402877
0.000006661464395749412608174235
0.000015270098283881556678123759
0.000025155832351190896581339881
0.000034292833733947945058957718
0.000041024828583148855701192431
0.000044363668498698720864779899
0.000044089312734332128059823452
0.000040677706304502200091669645
0.000035116283033135076477836145
0.000028670288570015124203103560
0.000022647573483749927674086103
0.000018190019433687722134407663
0.000016107205123895408454236244
0.000016764641369096996287302304
0.000020039840743838476281538791
0.000025357051734674949212359346
0.000031801001876663391692949545
0.000038292686073076102448286412
0.000043792547741675912661811487
0.000047486409340880648619065418
0.000048912613694299190481885875
0.000048004976316477516052466656
0.000045049806707778643601394752
0.000040578026030890147648859390
0.000035227675161686398930781239
0.000029614066421846523024293679
0.000024235572707919802272003365
0.000019427473855572661661818279
0.000015360648151706282133399303
0.000012071223560649102160688070
0.000009503749956864371403915392
0.000007553165776476330990152688
0.000006096994728711387147323565
0.000005015612757241541926544678
0.000004202791023923099855230754
0.000003570287543761586550674931
0.000003049609526590184211704542
0.000002592454629340709487076572
0.000002169948200570968505659745
0.000001770259481011830185893247
0.000001394486994537263247422683
0.000001051402183471029287107094
