0.000025871228474832735352373705
0.000028446506573108901655194333
0.000030663952680884329620326217
0.000032443905978713336220060209
0.000033726495544425767541488886
0.000034473755922635630625280173
0.000034670499709632233043422184
0.000034323960256164023029362004
0.000033462299848579680626621535
0.000032132148967124656642642411
0.000030395394466661689871714996
0.000028325465045898763199192297
0.000026003369966180888577834962
0.000023513732944089067987978106
0.000020941030937348347178844632
0.000018366202271648503560738316
0.000015863736299995346624470971
0.000013499303920746832659120773
0.000011327940816746758894957917
0.000009392758297231197547579387
0.000007724133828511373884109260
0.000006339326726387765949407259
0.000005242474134682140804854331
0.000004424946384762444312899882
0.000003866075129698589595331724
0.000003534306331055760999165479
0.000003388865605831649481462144
0.000003382046770161742651008598
0.000003462236411965265739333272
0.000003577759565085311080790548
0.000003681567993704682155030241
0.000003736691331631479733255347
0.000003722236322997162293822184
0.000003639561730806363232368274
0.000003518094514142050007978650
0.000003420111248938032468030123
0.000003443715641538247131537686
0.000003723225922438406464414374
0.000004426266853685910566767146
0.000005747051360692580040912762
0.000007895633241416288779787949
0.000011083295659584216271689380
0.000015504675786775794948165602
0.000021317668557765361416009992
0.000028622551695359174140937536
0.000037442081753467803986561158
0.000047704487227693625030818664
0.000059231302845762562520916250
0.000071731836185009534376938456
0.000084805733887882307612572641
0.000097954630195629436260895684
0.000110603233022447960823622659
0.000122129456771366643472523372
0.000131902379667825917549522918
0.000139325932857573968641148876
0.000143885383602798731881439176
0.000145192941905968004668095461
0.000143028304575044560784102821
0.000137369768694608785373004189
0.000128411805201628884554737597
0.000116565758137776142710356764
0.000102441643447624870528339658
0.000086810800626300300497986684
0.000070551248750296385024195767
0.000054579778909178496178189466
0.000039776781607719173257213530
0.000026911246117707242277335145
0.000016573999600353789859834286
0.000009126887160425509361175514
0.000004674175008180810240673332
0.000003060094004899550253749087
0.000003893396871674809173679253
0.000006596476088097294381636278
0.000010473451091800912326383946
0.000014789151787514743954885660
0.000018849489358970390853785862
0.000022073554353579574450984133
0.000024048960229135721034529963
0.000024564294221096176902520078
0.000023615698158694461343629772
0.000021388103227013551888621018
0.000018214959409768050215385274
0.000014522946437547423948919920
0.000010769761916568227941401643
0.000007383464470922435592191262
0.000004711017810812964750580723
0.000002981838690105405558216116
0.000002289646476733642863521552
0.000002593170898603030814018496
0.000003733724076061132929240521
0.000005465638568346358506795223
0.000007494346352488285674050845
0.000009516506885275557344199167
0.000011257023559735694257541265
0.000012498840395397392894123213
0.000013102840594700772186066186
0.000013016716268192031225612096
0.000012273115889982020990708195
0.000010978537729182933670168953
0.000009295235105081080676848494
0.000007418816671582599461256743
0.000005554300746134249082766599
0.000003893186817142065408732087
0.000002593718073022717488472760
0.000001765996487351878000088366
0.000001463031825905088739175224
0.000001678198833554417350019043
0.000002348975733839289624192833
0.000003366274204888256224441545
0.000004588182053128220860079185
0.000005856563936652781621997228
0.000007014739486678301682068791
0.000007924408320100891363444058
0.000008480125596342022182682480
0.000008619934936203210761387905
0.000008331200628277793889626610
0.000007651195104055993678532008
0.000006662531321594343283981447
0.000005484027397321545240914571
0.000004258008514676774142692327
0.000003135359691491938607038137
0.000002259827097976546281200751
0.000001753119660061367274161352
0.000001702286122705662135658005
0.000002150637652755571175699090
0.000003093158236346261985127547
0.000004476908611818583090980351
0.000006206412390840012566835433
0.000008153461629339077017231650
0.000010170257160555519235591894
0.000012104380593897597325815131
0.000013813851423135181024936559
0.000015180506721356715107290603
0.000016120171203293771444546578
0.000016588538017984995792718575
0.000016582289059289089644920467
0.000016135649551105577578086203
0.000015313183924069273642194766
0.000014200097146751702165395209
0.000012891537210681764356878798
0.000011482374839701500252768865
0.000010058688697912882890439339
0.000008691772548984052696027444
0.000007434994111599198191367693
0.000006323367410267337611774058
0.000005375329777187819322496840
0.000004595990552127773384901398
0.000003981054854661669754791863
0.000003520703692238305380468166
0.000003202888828376769141315821
0.000003015724513262469325483323
0.000002948878081815504104362755
0.000002994039607523376832594808
0.000003144666774614855821515496
0.000003395251957785968671801923
0.000003740354923431240854574944
0.000004173605000790608353128820
0.000004686820866059487813038570
0.000005269340639725665224922871
0.000005907610067430138765006819
0.000006585045800731787939499579
0.000007282172619356115749313183
0.000007977023252643486789172263
0.000008645782057372194650255760
0.000009263645203547294550562412
0.000009805858420166467325591528
0.000010248879274331484888200909
0.000010571596653968444283217681
0.000010756528673003132738129374
0.000010790914556530182657795476
0.000010667618227979580358731962
0.000010385771999471944221317063
0.000009951107202644961355255532
0.000009375942777214160364250214
0.000008678829881079785525514227
0.000007883877246531178451471010
0.000007019805152474453813064327
0.000006118792943866671507255860
0.000005215194329825070788009440
0.000004344195642850570073954710
