0.000009733933259438011471658889
0.000007380297850699876134367323
0.000005271151904269829597648577
0.000003437106548665297074457350
0.000001926262822872994624089820
0.000000805446167226448986087338
0.000000158308972510415829639370
0.000000080489949374944085666464
0.000000672542113549059886357009
0.000002031840058074855279412725
0.000004244767158515090984703330
0.000007379903679566999367739257
0.000011481750523807506266329471
0.000016563183179182614532341106
0.000022594055113444753632445661
0.000029483857515648701072205617
0.000037058425272778218451368709
0.000045034071715662565783735299
0.000052996305404671169411636583
0.000060393097696570406847111495
0.000066553239399350208648289962
0.000070737875607592166763738784
0.000072227895242240092751710712
0.000070442377643675961411927344
0.000065075238568775042023208111
0.000056230190286834299141088822
0.000044529498194138903560679310
0.000031170684039323117450834971
0.000017907778655410890662931511
0.000006940221768782065770385901
0.000000703217678706447356053915
0.000001568261759640101703336314
0.000011480950024091860552652791
0.000031582952169171196656755063
0.000061882067305007434692906698
0.000101042725688129135172554918
0.000146362988206255844724629211
0.000193979200918773176309448103
0.000239297350878539245942061564
0.000277598933951929351289511505
0.000304722399966427599966867223
0.000317693913467586533817127448
0.000315183710004063105062505068
0.000297698005813991860811495993
0.000267472225674172427167807342
0.000228093306982006803788551319
0.000183930357770023387336058573
0.000139482588682307616454597587
0.000098757956090792030183489469
0.000064779213491132024141036516
0.000039283515358633341852355458
0.000022644868288095901888217973
0.000014011514530427152360934039
0.000011617349926666884054942894
0.000013201730091467382775111128
0.000016458918646535581644090723
0.000019438838477207833773221027
0.000020834087591276470406839380
0.000020111439984000433297455304
0.000017475227307739526729423937
0.000013681123846679434425299866
0.000009748080241381319518555355
0.000006638697106256655164097536
0.000004987902094539473909703964
0.000004950095919890794442567127
0.000006203519919134188576569089
0.000008102995667131002773680981
0.000009922945986128831226402713
0.000011101044065822858803089558
0.000011394361201383350898960062
0.000010897098221408004371096867
0.000009927962081539199628351516
0.000008850213156360651656933726
0.000007912563166018469405739097
0.000007181901063905556941596199
0.000006587462388776506834269474
0.000006036487793516368872710071
0.000005524619841942007244020834
0.000005170058777595353754574867
0.000005146358128197723872851964
0.000005550325596888652046427808
0.000006284847110268667367638604
0.000007036136611227307426314013
0.000007378363231389612791790832
0.000006968688203574986677203262
0.000005739584358867715242627852
0.000003984827681481193792573711
0.000002279883220744635648820787
0.000001256855390850710075203067
0.000001329349926226465877099206
0.000002494431142275697249925063
0.000004309083754062959219915951
0.000006059828876432458725424628
0.000007054092759847727124036202
0.000006904467413012395457950349
0.000005680075509443528512614190
0.000003860965498647809061307738
0.000002121493571464642898015754
0.000001043884801770193611688978
0.000000889181411353135138042700
0.000001520072750172265433325379
0.000002497198559895483186842242
0.000003293328568766196103338381
0.000003523414131256430462883333
0.000003090906654246801809769653
0.000002196316436812363416856107
0.000001218510526430139132274960
0.000000532773333156932063121316
0.000000350301278710589793572431
0.000000646161494793568151701556
0.000001198121059446842345943890
0.000001708530586187373450290580
0.000001947343671287246760710820
0.000001849742869654464688544833
0.000001527045604719990281084615
0.000001192313967943905304161588
0.000001042748255786304933007439
0.000001160702449570020192728915
0.000001484402381661245573271743
0.000001862743562489748964074100
0.000002163510180323653611536659
0.000002373913330313383253969113
0.000002633349676470416735832997
0.000003172086582014874229433314
0.000004180055419080257399601971
0.000005670941837593285834648316
0.000007415798946819355715596219
0.000008991110313758930315444079
0.000009932432645564272724191153
0.000009933399525672610566942589
0.000009006544828445095125508783
0.000007537722123587938008969483
0.000006210574316792288246445817
0.000005828616756258258427866696
0.000007096678328258906962716646
0.000010428982594508107726097301
0.000015832058448582813346174059
0.000022881389040842435307187425
0.000030785891764633251642142159
0.000038520683200409044455534563
0.000045003567523147558818424202
0.000049287648174415498629821752
0.000050737680798457375367163658
0.000049153967726055392418581941
0.000044811539797554381103772414
0.000038398895483270489706936063
0.000030867393287179327216081248
0.000023229865274611463085751087
0.000016363003960455687463542568
0.000010864860716943378025618576
0.000006997568201207145173513638
0.000004715610894389213470629090
0.000003754206587670141397934534
0.000003740004034631631410956400
0.000004289542150554250905726984
0.000005074975236624167636094972
0.000005853278404835035090528379
0.000006467408885894525290120600
0.000006832558683955165774277438
0.000006918718757172720706244418
0.000006735684462290500444561336
0.000006321794091593772672019787
0.000005735015794996544904625277
0.000005044618443631476654965239
0.000004322628510342670775672049
0.000003635465760858446352473024
0.000003036858600588479370230863
0.000002563184724619781144807750
0.000002231921829592543652894584
0.000002043192296698864634732365
0.000001983692360405567827196004
0.000002031810262459931192208836
0.000002162603169744218615752097
0.000002351571215568660168149023
0.000002576754616509066117178116
0.000002819366532032898540669191
0.000003063680656022746347537031
0.000003297004989568250410788457
0.000003510252853222560503370156
0.000003699031971579400294118786
