0.000016094780390131902360947164
0.000016750538173066343276438814
0.000017503918035267500329446588
0.000018470169359100641190071790
0.000019780667769341284459565927
0.000021567813800872246229487980
0.000023946102182554722539271561
0.000026990636201097856770089040
0.000030714858270490543964460761
0.000035049775992527223359828542
0.000039827514842646030864253132
0.000044772603236434671926998602
0.000049504877442156807235661142
0.000053558055365029053561908012
0.000056417552389984711397417222
0.000057579658703006485849160145
0.000056631509560921778278445166
0.000053347315551422085154291419
0.000047791370654631455444551896
0.000040413119296253981042356396
0.000032115130595186737222541951
0.000024272563588684395810297217
0.000018684016562495189763166981
0.000017439648030154477443632102
0.000022703556135726774174721232
0.000036422943329943108313039718
0.000059994550409589591523883134
0.000093935823497010953225978824
0.000137619916719412252112397788
0.000189135499247823093103837433
0.000245321228400861759272322260
0.000302000101487396037554244987
0.000354403752118785696830632892
0.000397737797971263289109611350
0.000427805656987668330229479530
0.000441588913189800932358741736
0.000437683558915913947882231350
0.000416514330860741626306326113
0.000380289035133046554766622638
0.000332701716290330026283561526
0.000278436587561170902430096596
0.000222554531115961022787186341
0.000169856090406847313372187824
0.000124310081417572371436514045
0.000088620186595256243158001686
0.000063979295994014229805209315
0.000050037353046578044769594068
0.000045084335167563168323551226
0.000046424663628499817367208807
0.000050891871513254248004902436
0.000055424864663713109872410223
0.000057606049141786597807702447
0.000056056365385751060848116417
0.000050601134494555418026368737
0.000042165692332790842360677741
0.000032423542287933624554772255
0.000023285408504838674641603327
0.000016363925053587925008457063
0.000012558045902287392079558874
0.000011867086677741271684340812
0.000013475231768007359236865791
0.000016065130666994971274244910
0.000018251233324071816562514728
0.000018992543651193592669969984
0.000017860059929605079804540088
0.000015089240382180634476925844
0.000011421763366837606263541442
0.000007807638022243840956451363
0.000005076658050824898393501867
0.000003687216788972359889710621
0.000003624611115769222565742829
0.000004465356314266276857301123
0.000005568735023760939916023446
0.000006319507585427351098884396
0.000006336436355424938502605477
0.000005580219625931997861180769
0.000004333100018318756208003054
0.000003067098583783373210185979
0.000002254068372409507168061113
0.000002187547076054226101373291
0.000002879139399107638804811097
0.000004063896869573165740257246
0.000005309573243527793411523225
0.000006187173824482540848517225
0.000006437895787684156856584862
0.000006072562442800023485502299
0.000005364264037025123340522541
0.000004734922722513278484925917
0.000004577643839299178293877381
0.000005083556969382649665567704
0.000006143443865078107135168500
0.000007368771294594542506503285
0.000008232052881325551177936484
0.000008278842059446084436285726
0.000007331407849335860218010878
0.000005600915800846378779943163
0.000003654149327222533959923711
0.000002233584055879835104338775
0.000001987285286369135901905335
0.000003205600161771665980220327
0.000005667832117889226735928110
0.000008668817427023475222138543
0.000011232270187133419094265702
0.000012446919236018723771116171
0.000011809509419793505271829674
0.000009447003757070961355111344
0.000006126083318977962575448398
0.000003030772548359889693016331
0.000001373393414679789773758206
0.000001968950947913490470209726
0.000004923293632095916027473573
0.000009551638093493869510535940
0.000014566870173665459934318755
0.000018483370333444820824168528
0.000020105387470525413155927538
0.000018936742431256311077142698
0.000015372455316033592373709329
0.000010604384818284283997801877
0.000006267241421466937197938540
0.000003936203786548957471805050
0.000004634760426353480707809679
0.000008506732861595454734705835
0.000014752835706931745717702086
0.000021848465900137915260458346
0.000027973314358414473656047616
0.000031521885923258498763029067
0.000031544971319925744525358713
0.000027999133528728033085998528
0.000021743355691458137617967650
0.000014297902819863751787236861
0.000007446080045347604626625876
0.000002795922766356166329484523
0.000001417829957244392233056598
0.000003640319890712764725810473
0.000009033941370446834398478739
0.000016561309407659032368401175
0.000024834709041279868661561067
0.000032409277452135696185979430
0.000038047779464424506877355536
0.000040914061114214879898674793
0.000040676054140174827753861225
0.000037518022973620465166950250
0.000032073010848488051679084504
0.000025292144743794638719327703
0.000018271426345077238656295499
0.000012061359720855428570292049
0.000007489608333229695738076162
0.000005028526398444317538176385
0.000004734174126991827172988587
0.000006269901311484260686000998
0.000009008187408045536127138009
0.000012184877717399014736949191
0.000015066953200236157415711769
0.000017093246922461471855618151
0.000017957720246536054958114148
0.000017623305064938358399260696
0.000016274390069392524239572789
0.000014231153754822922964272044
0.000011854900078763807151648914
0.000009469817830383237556028837
0.000007316051675607813336405742
0.000005536363645869281318960802
0.000004188507852947634950869105
0.000003270477201529181350645598
0.000002746337377606779067506062
0.000002564769004268853547906775
0.000002668090734675792928618909
0.000002994071853586192665820902
0.000003474943840590105162695507
0.000004037626733635238696919732
0.000004607188711133476232556516
0.000005113212525312476415453172
0.000005497103323410986891212494
0.000005717943931859316764368915
0.000005755191551512244790942026
0.000005607804466620800415519333
0.000005290654353935143774760597
0.000004829824348362991445705785
0.000004258411935377197699340544
0.000003613851811235377362512911
