0.000004431209634561101763812734
0.000005183252669278458834526552
0.000005941920495853639103611341
0.000006690584491163747257096248
0.000007418103775632709896237314
0.000008115595559568910044904132
0.000008773995308702872708301462
0.000009382456928030777777282462
0.000009927606817842368432981692
0.000010393672276329569427975874
0.000010763537227932116550053500
0.000011020814130356699779003313
0.000011153036894499516491893396
0.000011156055955380306151910122
0.000011039640059059542906037474
0.000010834155007692110108687665
0.000010598001500467162328206552
0.000010425264838282217490098361
0.000010452779099875225373491444
0.000010865565369265067785248952
0.000011899402667710158761071870
0.000013839172737055315578471801
0.000017011631611910492124220204
0.000021771448581246508166726905
0.000028479757255239003158704333
0.000037475108929994571074946486
0.000049037602716429518209199229
0.000063348047996034857775628224
0.000080445202235865972528044976
0.000100185279423706751454614672
0.000122208855521079495440317508
0.000145920795882787258501006589
0.000170488688680930829946399974
0.000194864325034779117427549688
0.000217830944669297369787122620
0.000238076315097055424187949546
0.000254288433619687332179482020
0.000265267091371711161412044744
0.000270041204539975775427568250
0.000267979262414329690109721094
0.000258879019496619270594012230
0.000243023114247011272912382673
0.000221189861782894854830630593
0.000194612975745919215830870286
0.000164890017228711460630513619
0.000133846209404713504956610515
0.000103366911281527329023906259
0.000075217425132404494786744764
0.000050871915424984196353423715
0.000031373319135080679487259658
0.000017242952867385166352892298
0.000008452340736869302202042414
0.000004461410767943097449616044
0.000004317881321989596311687609
0.000006803856154633485106217328
0.000010608809462557632058822901
0.000014504418166156134886008409
0.000017496727057057720125391245
0.000018934926024684906742260107
0.000018562962425406371198008740
0.000016509176761183900306951058
0.000013218694336532665941220770
0.000009341920986182859987451491
0.000005598846325293570489768907
0.000002642001109114221512653726
0.000000940404510733522252350779
0.000000702792173046783062121280
0.000001851490516568383972801281
0.000004049589390700879104059099
0.000006774945004792983261634153
0.000009426498219138433005211304
0.000011442783870430574044490743
0.000012410364166297536880271928
0.000012141742612505738950208316
0.000010707937862780701713670724
0.000008419448130891751325751565
0.000005759328941633922759111945
0.000003281661210362821018226122
0.000001495872675541754467207927
0.000000760610777288983811240985
0.000001209287890401993280565423
0.000002723145662398817485190224
0.000004957862495294008952099931
0.000007418356991228612008662351
0.000009565970573286919131699921
0.000010935001867074526632332178
0.000011233319292324253296593527
0.000010405115929533245559303334
0.000008642134711758708631246587
0.000006341064296468093512281101
0.000004016714642796811070562125
0.000002190304455770832784235799
0.000001277510392070811585539438
0.000001500656813586249739239198
0.000002843697655625355157386295
0.000005058861685670593227013864
0.000007722315469729662822280514
0.000010325601785680571376830304
0.000012382293334039058145990171
0.000013526777618299231056484509
0.000013584712706215690020562087
0.000012601633118439526073570854
0.000010825680608862860100551767
0.000008650259839824343165637019
0.000006530419676110908790167033
0.000004891336577621317395394695
0.000004047696591969327812178103
0.000004149266457827264894728508
0.000005161568373977977672848773
0.000006882903161060056035195926
0.000008991707613708119765276797
0.000011112837488686349283507904
0.000012888755130648770302306989
0.000014042012591340141347225935
0.000014418446516931983212737520
0.000014005235692219293922554380
0.000012923265312601938837743128
0.000011397969176353587938228459
0.000009716119033497915545051493
0.000008177449548928647537256870
0.000007049554469449163919623613
0.000006532564206091519265744844
0.000006737364608425188105796447
0.000007678252433473402863628107
0.000009278544849000416457301781
0.000011386133335679907030587275
0.000013795380612957611890577285
0.000016271940541858311620598831
0.000018577723642035899820562986
0.000020493996812184866291531998
0.000021841239923745550216517206
0.000022494774921886880920821397
0.000022395373565230898267684051
0.000021554172942591539566432879
0.000020051435075151776722939684
0.000018029072197266597416161205
0.000015677418113733410234356472
0.000013217360556815685457016790
0.000010879513261647883126887262
0.000008882465716961837059605263
0.000007412232394477760816730270
0.000006604842667179687598687319
0.000006533642439835082906256399
0.000007202414698089974824353823
0.000008544940637727849533106933
0.000010431138296998628093052372
0.000012679411046773333182125822
0.000015074283557039680313130794
0.000017387800782796167210417226
0.000019402581436239817424789858
0.000020933977810153105858373759
0.000021848650884547697273050867
0.000022077144183498503246564429
0.000021618765288405978534751195
0.000020538175176650819337993009
0.000018954347245065633311344663
0.000017023731342248404836735645
0.000014920292144753515838919398
0.000012815412457252066760499815
0.000010860412119718042370545771
0.000009173717911530990772104970
0.000007833719386462994853630865
0.000006877297884649187803432577
0.000006303141950683927197021227
0.000006078412905960545336062593
0.000006147152628253250874861002
0.000006438989439255627778935318
0.000006877086386225471845970360
0.000007384749322612506230566892
0.000007890541480675978668751780
0.000008332048762042717224632349
0.000008658571572863182683036688
0.000008833001061745125037519624
0.000008833021825393314496906172
0.000008651636067185425636250420
0.000008296887512033333859874304
0.000007790619750994782878399623
0.000007166150010926646235324966
0.000006464867115088255714115250
0.000005731943211511533640631095
