0.000000368257650462209774524781
0.000000357299920542532097839463
0.000000370804834109741665492603
0.000000402905630663315447596487
0.000000447514900512378966760540
0.000000497368119129048293917321
0.000000543973690238470755753506
0.000000578434085414397549118626
0.000000592869450767556379541790
0.000000582046450663352198939284
0.000000544804383594142127702565
0.000000484960748678570200405986
0.000000411531303322254791444144
0.000000338267799734718000442818
0.000000282655278096903892576187
0.000000264587976363878503988086
0.000000304945899356409587566710
0.000000424231957536250086536955
0.000000641330763475003584261837
0.000000972354978259988663697008
0.000001429493965769973761782436
0.000002019798947184726251610851
0.000002743928830398982030111966
0.000003595008719057368549711041
0.000004557858600552773465015063
0.000005608864182033072059616573
0.000006716638214519689563690094
0.000007843365551153491074852855
0.000008946418526134469956841849
0.000009979616131763359952733250
0.000010893547395187123185160069
0.000011634800545522766437693540
0.000012144716908249303694987582
0.000012359220829867099408294964
0.000012211994274996562545284109
0.000011643324511149201098232295
0.000010616004407825925818977669
0.000009137629133095494590602673
0.000007285831967235316977650125
0.000005230161369844033040436403
0.000003242401023733155377928470
0.000001687125956920343901988151
0.000000986760557375879749481516
0.000001560312077425592330382539
0.000003741506036892950144186068
0.000007688829767207074208186166
0.000013305276001514356506560260
0.000020187792509394713019038603
0.000027624590169190137704151658
0.000034652420830550230066140899
0.000040176527868698502852888577
0.000043144771827242376163475540
0.000042756401884399255683682356
0.000038676991589699382290308549
0.000031225677041622391266230407
0.000021499904568633280185340623
0.000011406677706064165082888717
0.000003577592452618805421850172
0.000001157287445983248131933145
0.000007470635901074594584030629
0.000025592099384889476534595334
0.000057859633874645876824328872
0.000105393049405762872562132559
0.000167689533309479666929944774
0.000242373310975890375248975595
0.000325168483725622086202844407
0.000410141661154240285292599255
0.000490224428675575113478757316
0.000557978818871696026666928692
0.000606519274584569516653442811
0.000630462240741386714323879481
0.000626750258459695189228177981
0.000595199931488694694743657454
0.000538656281226862205906147363
0.000462697026130539116814399669
0.000374909397272091943729976915
0.000283843856488927726716697819
0.000197815756930502030823057491
0.000123761635636513838429687007
0.000066351499828154982181006860
0.000027511181729592743726775170
0.000006428457003033939273978822
0.000000020221287387371700117196
0.000003746997250177288077670895
0.000012595939683227931512850620
0.000022028847649818500062379734
0.000028712290173686018948879042
0.000030906670336108119545755202
0.000028474446249045195155794735
0.000022554109651425378402569977
0.000015015357329438180263307852
0.000007847016459053119226884840
0.000002626552313061529846853568
0.000000182351192522585153782009
0.000000499844785172388887666158
0.000002856979850125831286067508
0.000006120431475591658254848965
0.000009103627652031108454140640
0.000010886020770852247494084493
0.000011017062488073319409575060
0.000009568640801681410317370939
0.000007043821589256736188391049
0.000004185676176834222826574506
0.000001749545445675479910164389
0.000000302494423161548884364588
0.000000097606819962217053783453
0.000001044786747241651544046404
0.000002772112116697568489536233
0.000004749905291130896942965959
0.000006438237275356948412468987
0.000007418745646678440776875321
0.000007481400163969479096361982
0.000006652084732993464091517326
0.000005162864162479334633761539
0.000003379592362764101474807699
0.000001708718594232892290160890
0.000000506221731967430814431573
0.000000007546789191022602510767
0.000000290146583454958475717080
0.000001271896835380919300027315
0.000002741114457630953711255893
0.000004408438234371057606029477
0.000005968042964276011478133577
0.000007155586238354183430490120
0.000007792521837965135438845016
0.000007810244894569255057160603
0.000007252083441747668313549606
0.000006255507801910125360920871
0.000005020293929072717277776669
0.000003770203152754313250173039
0.000002715840128364955778373637
0.000002024920431152684866725434
0.000001803734185594900044167632
0.000002090814648695589959940004
0.000002861372530395627408728552
0.000004039414217265001916007568
0.000005513822422762419293504332
0.000007154958960651741341424739
0.000008829267036130456378583385
0.000010410535748493923732349402
0.000011787601905328556501913011
0.000012869067526447937595897482
0.000013586000667319754101709448
0.000013893575633407680630171735
0.000013772293112626363760682413
0.000013228943883936885919368025
0.000012296998398064340276311483
0.000011035764033631954917952407
0.000009527562065544325378241113
0.000007872387450956677346016084
0.000006179997278492280927150813
0.000004560015187497316439281785
0.000003111262470585925076854922
0.000001911937084696032929662449
0.000001012307283074110599382532
0.000000431212838012658939869636
0.000000156944959808996684914298
0.000000152188202409845921863647
0.000000361893060804842927013065
0.000000722426869796472507327125
0.000001170253785146461107915714
0.000001648723695774499046866335
0.000002112182152397302421119795
0.000002527347512223275248261119
0.000002872526116933648736496325
0.000003135595946601723316431339
0.000003311725562093990763644054
0.000003401552829935032531071763
0.000003410146707337059707252757
0.000003346662988255567275223176
0.000003224308273901166856139277
0.000003060117080499357954657437
0.000002874129297312076172966769
0.000002687776766657194353556158
0.000002521564687516853618578627
0.000002392379980135332537906400
0.000002310910957207456171925899
0.000002279691840809607224791009
0.000002292198387996141685946658
0.000002333249810713444003678653
