0.000002366983358645176037664444
0.000002256657500547448321842831
0.000002192738442177847794760121
0.000002192925597219968738204807
0.000002265504251538732455165982
0.000002408622582115310062854906
0.000002610669244800400052203314
0.000002851544073726402572040075
0.000003104595380436149615831741
0.000003339025193440774282141762
0.000003522621429138579747882996
0.000003624734337893059595058290
0.000003619439218253619225900254
0.000003488790377140499140729566
0.000003225964490246522425978852
0.000002837936281573894648855641
0.000002347177550254105051418755
0.000001791793022274876415287238
0.000001223571524796390607586500
0.000000703676948443893920937236
0.000000296116127321336096840610
0.000000059624805749089958720139
0.000000039084390313099640597522
0.000000257881833887649509507182
0.000000712642706145872814435429
0.000001371463669190124110391069
0.000002176196894581239064996253
0.000003048628097412878674320929
0.000003899714658904173505461505
0.000004640566316353499333121919
0.000005193644888232250412900531
0.000005502725900438587086855105
0.000005540421199777597274110409
0.000005312395650147101088455956
0.000004857738442778114528776412
0.000004245251610854746291095867
0.000003565739974983097319356133
0.000002920794604229628053726009
0.000002409083407924759649118606
0.000002111739989985558563673250
0.000002078930149557148314909058
0.000002319889675949148634290188
0.000002798521380765539085026762
0.000003435976027802647760078531
0.000004120616061419524950098451
0.000004724565820597788146702634
0.000005124902841975824605816499
0.000005226606424051382367797127
0.000004983736196302471907677335
0.000004415001761708881883739929
0.000003609965828314317706060734
0.000002722741545007250211813017
0.000001951413678389607550718587
0.000001503706148665669388640146
0.000001552589096499668981724842
0.000002189132855529043010441330
0.000003383095283841880228500529
0.000004963281993410933575698422
0.000006628473133454715229655185
0.000007994961692314572003731192
0.000008678688115017271634873269
0.000008399902677471048686183921
0.000007088592609474666215736011
0.000004962503375146925899228257
0.000002549219198745536862200055
0.000000631172865403387817495346
0.000000107590072459019167128844
0.000001788055117926287709254236
0.000006154419506729236211128864
0.000013145660683852474265764960
0.000022028396968170411897997019
0.000031409736479601069853405393
0.000039427317715290369931104009
0.000044115770842846076900053975
0.000043905269317667289144090786
0.000038165434735773575726774237
0.000027677252421392079900731506
0.000014906691536124817653143418
0.000003972792778509825060875675
0.000000250762636536020220161020
0.000009620835694334504699007891
0.000037453511792836689190538957
0.000087494006180996333841420887
0.000160855379819931369918262209
0.000255336524812151903062601432
0.000365241405707961781963721837
0.000481793490669307593321502026
0.000594128484975695644182414057
0.000690731666805747645913882149
0.000761088879377725411115584997
0.000797265270071708287598355458
0.000795127353545835042353262523
0.000754983700135562893138163609
0.000681526069511178070325918554
0.000583083896440072537402377062
0.000470332852553323899763570992
0.000354695869512414087721535738
0.000246722834672628377281761169
0.000154725034347098089207786509
0.000083877155294034112060705399
0.000035899296506072288486660637
0.000009316925759841988499568646
0.000000192265311334813116742325
0.000003146278195600008120301656
0.000012458165908975666756781930
0.000023041088513358801121528804
0.000031141427831104099882737757
0.000034680422890436813883937445
0.000033234559480800149474342964
0.000027718748358038689628491183
0.000019882186610950965913614114
0.000011744891616051835093624198
0.000005093575523631469063369232
0.000001124531519474348485442016
0.000000277788164043357775280410
0.000002261406209308745664151577
0.000006226834883689864129211779
0.000011032286121800289615483420
0.000015523908029781641941622500
0.000018773049112818939343928087
0.000020227864780617871201095354
0.000019762863598389250184995253
0.000017634397035437493820014127
0.000014368416155798344424577781
0.000010616082382851664236327396
0.000007012600961603953959747158
0.000004066773011991207486919009
0.000002096519019951809040659772
0.000001212709770421886488510409
0.000001343172735831043504157577
0.000002282594413653756043526988
0.000003752601301465716747239728
0.000005458689330392230441629450
0.000007135242663941100361372615
0.000008574867173169588790244619
0.000009642294106017467087733908
0.000010275516948348681310078899
0.000010477650889297249813350045
0.000010302778241378793145223251
0.000009838442041218498968803419
0.000009186988199405056611636725
0.000008447810840676559277721142
0.000007702573249817184781584184
0.000007005334329601748289285262
0.000006378931924656726034934123
0.000005817905943073953476123335
0.000005296905638596275163888349
0.000004782322656265191573843852
0.000004244237860909085382262601
0.000003665902572060135457807963
0.000003048849882663922035745067
0.000002413043571501185368527714
0.000001792781012057928962248371
0.000001229973803337938855241031
0.000000766722473893336847198447
0.000000438807885663952440889843
0.000000271065588989858148399691
0.000000274892962436076324187910
0.000000447615027795581406868704
0.000000773219282048244800376611
0.000001224026724902297622493740
0.000001763057240419069768714634
0.000002347014196607570775453353
0.000002929850821917573752565037
0.000003466774597400520865463774
0.000003918360535845764228526141
0.000004254282067090938657615527
0.000004456117498372056831372739
0.000004518787836330798729912554
0.000004450404391785928130275025
0.000004270583619254298992338765
0.000004007540155831868765323473
0.000003694432842906816599932995
0.000003365485600870010485442156
0.000003052348057797734919846045
0.000002781040248007257827903699
0.000002569690337674608519966286
0.000002427162983596264930557206
0.000002352606053168800507793693
0.000002335909710955425017825122
