0.000008423022276670951306366299
0.000009672898906312993300539785
0.000010842879678415545213710988
0.000011870744876941575652738899
0.000012710153883420481957830343
0.000013331316171789114587175641
0.000013720567854938436316760558
0.000013879050291554605850961879
0.000013820708078472703205516817
0.000013569827150256940343940257
0.000013158323930416642867755224
0.000012622977588744139311243905
0.000012002772827501105844813858
0.000011336492655182339874637629
0.000010660670728527307619948328
0.000010007981663480349648898127
0.000009406115388671058412948037
0.000008877148275072761811821040
0.000008437389971601249433717784
0.000008097651907599868437398309
0.000007863853486737107807138733
0.000007737858084570403054223281
0.000007718416482976823747553206
0.000007802093540595387170040638
0.000007984066968701909055867311
0.000008258715617644924554129233
0.000008619956983109603492940708
0.000009061345549699375537169160
0.000009575998719202347275064081
0.000010156467542733989067264139
0.000010794707005131497695510009
0.000011482317770949988143753054
0.000012211222707503518279258288
0.000012974904658661650280922217
0.000013770267631210713108564844
0.000014600095709117881344276009
0.000015475979259656318369909461
0.000016421465088441389518561508
0.000017475076567676950427742896
0.000018692753342439496106212535
0.000020149191484822325160950959
0.000021937538824849634014639219
0.000024166932303202739654038669
0.000026957469230120599079474075
0.000030432392904320863585496126
0.000034707547509281027340102832
0.000039878507119414244384402596
0.000046006182068118942735633625
0.000053102108062548906996548637
0.000061114969014233489494683504
0.000069920124671098553303418000
0.000079313942188132435968939138
0.000089014516158816505862413915
0.000098669883564049087713854203
0.000107874118424538192211915855
0.000116190790851121363447956414
0.000123182303598003020737167157
0.000128442712228742902990166752
0.000131630937611282544490165503
0.000132500920814388790675703023
0.000130925339112062430035193783
0.000126910025883977269729394055
0.000120597174235566361247262712
0.000112256642929235949919866688
0.000102266058425229687577420745
0.000091081724421401748866163051
0.000079203419087510348308919794
0.000067136824176652993233747890
0.000055357495254538712696566055
0.000044279932446626727663829132
0.000034234511009012995395427853
0.000025453914148359228802236467
0.000018069455287259823621486693
0.000012116475425492074534709018
0.000007547026035896603445832145
0.000004247423922466170874217509
0.000002058050066779363230682568
0.000000792945877023827820173456
0.000000257259086892948044264842
0.000000261284076445638681268294
0.000000630584742496479860636579
0.000001212348276709912943987948
0.000001878594421943104362496442
0.000002527104911452281332969166
0.000003080943410828233197066173
0.000003487256146517357138748475
0.000003715757995869322461373425
0.000003757009621235214959981789
0.000003620359597978599155185080
0.000003331315544228447152029114
0.000002928137335296777879619593
0.000002457593530261425303161784
0.000001970039659876862652820428
0.000001514199153903739729538653
0.000001132190807455992925901274
0.000000855403716693570724018125
0.000000701751543594523617260682
0.000000674653552707933663286691
0.000000763828012377864646411968
0.000000947699643939465547948686
0.000001196976402367693495071245
0.000001478792074926803520792127
0.000001760769650427855781372674
0.000002014439453398778881785093
0.000002217622862586910697916577
0.000002355624234841406927236417
0.000002421307961949705605251334
0.000002414324407013569925454849
0.000002339851449255805002216480
0.000002207222518598962794590321
0.000002028726303419923324860598
0.000001818717755149887329132108
0.000001593017807665843645599318
0.000001368446050194808968290252
0.000001162263306487602517770574
0.000000991318606356901869678722
0.000000870793528905266161735832
0.000000812590362617654561028214
0.000000823576970178333298142819
0.000000904032915467766337165828
0.000001046696836690812575901451
0.000001236769983472404906720736
0.000001453085366344649416827425
0.000001670431901871731498481388
0.000001862774848034322417337041
0.000002006894707120967072703447
0.000002085830637340350614841690
0.000002091499002989346116276360
0.000002025974614799299448604335
0.000001901153046734882223485052
0.000001736811944778524456148576
0.000001557395208003746734946112
0.000001388091061310532411227862
0.000001250910055983273018887642
0.000001161462867992854218289868
0.000001126992193597913062810194
0.000001145960060163514289188541
0.000001209186064737302640869731
0.000001302237943477814987032850
0.000001408553343243357648160801
0.000001512662976657806729370733
0.000001602906722438485417157471
0.000001673173749330679214577058
0.000001723419585026953527892536
0.000001758966830241140296792147
0.000001788828772169929318111895
0.000001823462000987135372964687
0.000001872428029578077529241449
0.000001942418873143216317614509
0.000002035991924652592299083273
0.000002151194876963020438345080
0.000002282079063279543848274987
0.000002419935831423510088082802
0.000002554974004520989882345734
0.000002678103273226541655488344
0.000002782500806817688549578719
0.000002864706359497227565198262
0.000002925095828051221631877811
0.000002967701724274959479904024
0.000002999459231354546666413561
0.000003029040858266637831756234
0.000003065490572469443254874800
0.000003116876741756993323469605
0.000003189156270188709490739139
0.000003285389158943721099110551
0.000003405375379560649609135287
0.000003545716871163327957457677
0.000003700247517819661133330403
0.000003860730943965893965366329
0.000004017703950005908709105108
0.000004161342682756474861281628
0.000004282246237275236754038499
0.000004372063027023755737933332
0.000004423922410928174347815017
0.000004432671060668617719576802
0.000004394944534729314877623523
0.000004309125173332219563596904
0.000004175245381728912973801071
0.000003994890382910556728634187
0.000003771138349149798066112151
