0.000002872083393356156389819144
0.000002702882383452732898684650
0.000002499550839171494351700908
0.000002288646470273877729781006
0.000002092667471405803474791526
0.000001928216214877213758303355
0.000001805070256821199691627498
0.000001726008354522471196823607
0.000001687234006915657678408169
0.000001679276066031854324579536
0.000001688305051972377732180729
0.000001697858013938928957662082
0.000001690984844132151818001998
0.000001652791133443621646804999
0.000001573248558431229971872850
0.000001449988651447904146240468
0.000001290631080471428955526100
0.000001114084388967755011158145
0.000000950260119405174076320894
0.000000837805765828470854740485
0.000000819792077980169401676405
0.000000937735476419770555033049
0.000001224795468364576936953661
0.000001699330555564677649655106
0.000002360104253917000555180019
0.000003184236612212763852772408
0.000004128509103062717744154347
0.000005133954161408041548986421
0.000006132963611888397599623129
0.000007057619784760928415825662
0.000007847735841659739716691911
0.000008457244482321364615956191
0.000008858042433147780798452856
0.000009041032609341993306231559
0.000009014711836935891372049601
0.000008802055491064667981757248
0.000008436557302195206526555619
0.000007958109594380732791500145
0.000007409074660546598738869190
0.000006830575802344456511137720
0.000006258889699240887194236181
0.000005721937993033573291250769
0.000005236228217255399195221525
0.000004805038977079545697986777
0.000004418959909504788973128378
0.000004059852163571415293989199
0.000003708731018101070754894137
0.000003356976957620252958655865
0.000003018837277617594400542502
0.000002741764384331882466991391
0.000002610263632715656464657267
0.000002739123301385628149820246
0.000003253548466965294107001430
0.000004256855935350172513449013
0.000005790562668012875518108902
0.000007795951714645989202401126
0.000010089179209681377200275368
0.000012362277031315974207639242
0.000014218978011544818903068646
0.000015246976384527463271932428
0.000015118064407332265926373234
0.000013696811457416560893073261
0.000011130179998409632163912202
0.000007887901551122184203653116
0.000004728873722291883233224269
0.000002582774396752005535644924
0.000002356621462800039716270093
0.000004698896244073435588916969
0.000009773276849147984564661860
0.000017103955150375593248631909
0.000025550329512275102208235245
0.000033448900355937919326877045
0.000038926623361049864471047227
0.000040348829464268538228660654
0.000036824988902255993239269471
0.000028666960696834905842613969
0.000017685487388762179627142712
0.000007226558867651338219297193
0.000001889695133487348361163915
0.000006929296639553229478290363
0.000027407153023932907999092243
0.000067225205265465521318503372
0.000128208838713527194025018630
0.000209421478211097483778171946
0.000306865903958612143854339793
0.000413668670624513668682142864
0.000520760853898254074539897474
0.000617976444097461394613923780
0.000695407250569895335999548447
0.000744797381565189767910206697
0.000760743657526656851149138294
0.000741495473310125685975635612
0.000689214464642441768799097090
0.000609648385590878523314362081
0.000511276630252303107386502301
0.000404076666531075028281766448
0.000298123480503445536290291207
0.000202256254246144261989270863
0.000123024701596021628947907889
0.000064067512863528929749172558
0.000025990441122266352998431554
0.000006719362292764637393724381
0.000002222377244956637456054296
0.000007439660468323391526689059
0.000017239097098264509857253740
0.000027231000987182507773725487
0.000034320271959684972996450919
0.000036937623107354290437169542
0.000034958710648434595722171964
0.000029377368372269886063466102
0.000021836272923035603946064626
0.000014130072883923692423691933
0.000007782988221713828762672940
0.000003770966222052674918588117
0.000002416887378442992146261549
0.000003446281411418903905711326
0.000006159385310076254273605259
0.000009658746515483120295979431
0.000013071356168676494022133118
0.000015717875653736026298574677
0.000017203383660302147583395088
0.000017427549025172646353669045
0.000016531234901542270156107189
0.000014807394962662317965227006
0.000012605681089916553785749975
0.000010254033975816401373453400
0.000008010012450298766755255042
0.000006043567233312717020487191
0.000004444514758800424886805297
0.000003243780111939095825424311
0.000002437570163613157453832200
0.000002006748757671119381750880
0.000001927980832367533032357726
0.000002177013031020654918628373
0.000002726747547278585619639308
0.000003543342493087925732994908
0.000004582880282308765568937987
0.000005789919766533351400182670
0.000007098150199030413932477571
0.000008432755033878609285478284
0.000009713984309143749347752357
0.000010861603078593757236826670
0.000011800049241263360223883234
0.000012464112407339295591330273
0.000012804718267912396648588666
0.000012794096796027341225265687
0.000012429413107879104326931527
0.000011733993134423406030160571
0.000010755621298187506790309392
0.000009561941504674255676884780
0.000008233588794858884675822996
0.000006856132541556407131633135
0.000005512089875864592717984690
0.000004274132501959028839085518
0.000003200226015031805141310963
0.000002330945663016100549388195
0.000001688763407462505783903132
0.000001278820158087252866949655
0.000001090633390038700493312497
0.000001100312187673640779584511
0.000001273067736902806251937919
0.000001566007088051573721817285
0.000001931295243660599134143336
0.000002319731990035353672453128
0.000002684641308429988669319310
0.000002985781321272477548643687
0.000003192832675937188380467383
0.000003287975547833376266555760
0.000003267143506711030456388621
0.000003139726869885924612847737
0.000002926738103233583855676114
0.000002657685802416048120346004
0.000002366580255734316133868662
0.000002087584722709917780944988
0.000001850831498703869388888820
0.000001678860431786630883730120
0.000001584038693652505754794961
0.000001567210242352205928155462
0.000001617716647762842024202879
0.000001714830097843439507350927
