0.000027269604738549254924120241
0.000026178026627217597729771828
0.000025298886222778919148808374
0.000024607602714952809560113381
0.000024074885705193764518210892
0.000023668872790185445430331118
0.000023357121675643193955962396
0.000023108327715842076274799233
0.000022893658471551687480028195
0.000022687629897535950546224801
0.000022468491708456038403411009
0.000022218138576576052813354306
0.000021921614973688576265319419
0.000021566331047629172848988099
0.000021141152208911398539250767
0.000020635564248706397691901157
0.000020039147286513920220504814
0.000019341613546186099318159937
0.000018533672188747853451507019
0.000017608973104409089108397801
0.000016567341943819829605272914
0.000015419439958926182688810427
0.000014192853301285251045420199
0.000012939428738625411861775522
0.000011743424247852657724003680
0.000010729742518691561976580499
0.000010071186994313244923238485
0.000009993365243219158895325756
0.000010775622115485585856458142
0.000012746287246309040761113249
0.000016270643973206891049788914
0.000021730435906635589749695894
0.000029494462948060829783495165
0.000039880876074238806399362145
0.000053113096602385553217460373
0.000069272731693577468611855430
0.000088254241687747640829515838
0.000109727198906925247539126400
0.000133112509003435736240281151
0.000157578718203677480263341648
0.000182063349441303280783557850
0.000205322061306952214666809997
0.000226005419894465919665449416
0.000242759491301112149963525866
0.000254342726265180331564341731
0.000259748247937805181850129399
0.000258318234883254938243773990
0.000249836128573480554908303741
0.000234583258007077711691443223
0.000213349306051115352031097294
0.000187390699771595358119960495
0.000158337044086794584245303508
0.000128052415171051508840580069
0.000098464775054357605373230033
0.000071381980483835099846046113
0.000048315937988142805851674022
0.000030336742208588949861001322
0.000017975838247555952034185955
0.000011191543895665842441337554
0.000009402305689660415868435378
0.000011583911599851558221633066
0.000016417885387961875796099948
0.000022470857142084580516201361
0.000028380090465504173498920495
0.000033019406103535988870542606
0.000035622761798395760277080591
0.000035849358677543634321433635
0.000033783343557134684273512981
0.000029871475291977960995169761
0.000024811791803707300668301733
0.000019413688709103447878898466
0.000014453614554484408032033332
0.000010550148467405318561114329
0.000008077676004568550070621125
0.000007130110317787758194793026
0.000007536619467857374766181847
0.000008921936476903268145371637
0.000010796321789224062689016743
0.000012655988274325510591035091
0.000014074471836440133985378538
0.000014768901179810947120268037
0.000014631476170217934978825917
0.000013724229503597999978463037
0.000012242617739998809791505778
0.000010459116993930877846413936
0.000008660731336094416326254648
0.000007093813292166174413317086
0.000005926252998652546857664709
0.000005231938533467333231851120
0.000004996785248084931165479198
0.000005140928164155147929090250
0.000005548884722106349000651185
0.000006099080740780700727037434
0.000006685913793565520879080659
0.000007230790393078843164510663
0.000007682288811893375263988373
0.000008008719655854585849877499
0.000008188089866029430038355669
0.000008200478736027253743581453
0.000008026269196207718088255378
0.000007651131843861329060786126
0.000007075956322862597441987476
0.000006327882748982431697370738
0.000005467794043484183589588776
0.000004590300570922180935272763
0.000003814179111976602706856644
0.000003263876751721715952322305
0.000003045333890469312364149366
0.000003221311911170856797265475
0.000003792117790785272838863110
0.000004686901913988806382400758
0.000005768716172245955643650868
0.000006853702570231657502201894
0.000007741762068518851915639896
0.000008253483400519776445511920
0.000008266533590062029546131558
0.000007744448457491576247009937
0.000006751864673653912573029687
0.000005452493207176142535493567
0.000004089127526604813348811915
0.000002948168522625881062470491
0.000002313971213059365012224521
0.000002420288961541924074844347
0.000003406870892753703276525272
0.000005288715579997524175476665
0.000007943670888601313902124129
0.000011121269013033211180705231
0.000014472330706932717652151571
0.000017595494161670876165533273
0.000020093970604884807125249668
0.000021633981345725805884097626
0.000021995822343733160178199174
0.000021109454888202908346989811
0.000019068815820144500083541117
0.000016122326415128683356481343
0.000012640822302229923668106387
0.000009067700165656064376518836
0.000005858869246347494807211197
0.000003421624911387576690145751
0.000002061568127329981575402698
0.000001945193772666257787040071
0.000003083051883214073830152694
0.000005334957421298169338754868
0.000008435212790773170994651498
0.000012032834207822558258613697
0.000015739832096924535632118461
0.000019179961082766105963035019
0.000022031037541322704494291262
0.000024055682538191658039654700
0.000025117761104991453578651889
0.000025184346871541043875108654
0.000024315262865968802636620558
0.000022643776721222356828168779
0.000020352686863069521355220845
0.000017649848023853995782192147
0.000014746338230331320045662230
0.000011839255787385634732865151
0.000009099867846199897596657161
0.000006666777218728188724458997
0.000004643097477781374042397639
0.000003096376036734493619051326
0.000002060121964842096046717848
0.000001536148630338623451228441
0.000001497372938439972772737413
0.000001891081617108197559617815
0.000002642887117742901570026023
0.000003661618914120320625500433
0.000004845255132744267827173048
0.000006087759224213770651722329
0.000007286427682292378476430240
0.000008349151763936669439132056
0.000009200899299360729700057206
0.000009788751081769600674901098
0.000010084968703701719869303410
0.000010087793332482057628591426
0.000009819933045426194905859474
0.000009324945715693550780706240
0.000008661930181236069910873793
0.000007899079895754353055747216
0.000007106724595365160600550156
