0.000069526900646625785454985058
0.000071811225551056029922473989
0.000074580541189997459692977155
0.000078194926258816626219588786
0.000082995601879540999178987148
0.000089289797597395822548009547
0.000097333378661307738189713279
0.000107310936864969298115170260
0.000119313754130761948092295799
0.000133316663944377391355297635
0.000149155350860185405455216046
0.000166506084553226448323123843
0.000184870349098404220325453373
0.000203567353463158764092719166
0.000221737990084051699024580984
0.000238364337666318703689433134
0.000252309045254756904828885578
0.000262378525233435372192303259
0.000267412390379022423068239300
0.000266398606107344320097912727
0.000258609220916919879326711929
0.000243745523454346238977075156
0.000222074858416076938074507074
0.000194535524117678206186543566
0.000162783024081157806726288806
0.000129152359498134819415504637
0.000096518416079167688244495882
0.000068050069273770748181501267
0.000046872071161065166915345170
0.000035669096030203029329495173
0.000036284290195007950401498431
0.000049375760687581881334690809
0.000074194971667885368073538932
0.000108539272231782579682807244
0.000148907634735351399220271151
0.000190857603085010783154976122
0.000229527778236351839803372488
0.000260259951741930264414170981
0.000279233718761890488315596803
0.000284017964348697157447865003
0.000273949823935227773120948402
0.000250272232729345566002582268
0.000215993786129374396509303380
0.000175475571545620181090549550
0.000133793813575667906072899638
0.000095968344291394317227550381
0.000066177961501141888828181337
0.000047097486459157867689541421
0.000039481932024851655040845883
0.000042088054302400738795972984
0.000051965258847974787350353088
0.000065075175847815647949858031
0.000077126683964724788685266010
0.000084458261403021824432341136
0.000084778417226741498635353422
0.000077597300088210786894737936
0.000064247542547261752340220786
0.000047487119207167419936230918
0.000030778794503455060029527279
0.000017422755091745007101095705
0.000009757891442388385224728474
0.000008630344439328340605012413
0.000013258101925069056323648956
0.000021515654657077472859281683
0.000030551567475555782918156950
0.000037565182098837470781906023
0.000040530647718432844027556389
0.000038677231850728417575195628
0.000032607648696564280413074527
0.000024039439921043222441864734
0.000015258478036891740247391405
0.000008449212604176173444913561
0.000005093083635870143843933904
0.000005598815155066720465094898
0.000009255935020547921213010870
0.000014507943897608008651132702
0.000019451675987842227590757238
0.000022409649728349787862384870
0.000022408229843349525571474107
0.000019428376459960960184053524
0.000014366253106099162074210142
0.000008726745298468771344299610
0.000004149160879792526466613555
0.000001909671291361625309311329
0.000002547391028128952314755042
0.000005720840910975553989935728
0.000010331425011634415053849052
0.000014871293284936159466262662
0.000017887648879799148923276653
0.000018422942685809930342269794
0.000016299573673517548435272020
0.000012165569950934768285585527
0.000007289888046356864632706850
0.000003170993015462585841180701
0.000001078018600142368468578955
0.000001663537857315876414138743
0.000004764930425529489234131794
0.000009454102297497780094397320
0.000014320067381372982975103365
0.000017898312686433190307191618
0.000019116321583663362624911503
0.000017619714135045412160742589
0.000013879781186019229992584592
0.000009049769225682931125765915
0.000004613847568966890178119179
0.000001935860724483033035929307
0.000001845393664533497388196464
0.000004387041675113479726106670
0.000008808690690377783411978835
0.000013791515138037396156199012
0.000017850781211021077537603324
0.000019784991919205412587131135
0.000019037120352666127406828650
0.000015859609840619651893213471
0.000011235519106998841473059672
0.000006582634590128357457536508
0.000003332463919915752252755943
0.000002511854424465909933642058
0.000004451061751478185138440440
0.000008700576993326164485799933
0.000014173835393598374242027371
0.000019465111976261346532187171
0.000023242648920890345590152190
0.000024600792794646989935375414
0.000023274820416607328407059344
0.000019669536387254238059621447
0.000014710638444725526426462570
0.000009577191350398328822772498
0.000005399811019173661031484660
0.000003006972371625487254866507
0.000002775928425215276024282281
0.000004607010785347801628132180
0.000008004531042232079329594441
0.000012224749041498096400267144
0.000016445406127932820456935548
0.000019919302252865087596907928
0.000022089265968185712609144628
0.000022656211538828074816658009
0.000021601256526891870026526460
0.000019166642986558333924774697
0.000015801105339775131067465985
0.000012076703964122391507431814
0.000008587744903369184286943440
0.000005847364807115214312745882
0.000004200846611718306247847902
0.000003773757594717028946188723
0.000004466290466964275703248659
0.000005994095141734379235658875
0.000007963936753140187250815316
0.000009963852366049804492893066
0.000011645069930911863665778765
0.000012777375737213992945356597
0.000013268953613259805023212590
0.000013152489975727810962474913
0.000012547957347014070423750660
0.000011616579330344413829812986
0.000010519546586059484627093639
0.000009390347318364355907191823
0.000008323351005493308436573169
0.000007375834425477832047442737
0.000006577512962302542730589835
0.000005941277840221498540403469
0.000005470668703117684703788985
0.000005162464124172672751817131
0.000005005413960104743456255069
0.000004977689734486205415842260
0.000005045785842782884738526913
0.000005166604483397654087439149
0.000005292887516665354331239866
0.000005380685883195340762474423
0.000005396694489681513555022919
0.000005323251433555996484710705
0.000005159524706260502387297415
0.000004918583733092810224285518
0.000004621281534258091202628255
0.000004288797066405793653243780
0.000003936075180607438306487015
0.000003568186522622291403309801
0.000003180895790893003632026064
0.000002765664853875724420563878
