0.000011290431163106798151808501
0.000010698399946914770536430389
0.000010316083269485332494065991
0.000010086899669531816734879132
0.000009957329633790676210965999
0.000009879392169309323393959835
0.000009812298265556728508476024
0.000009723361243256551945382191
0.000009588276326600334655047078
0.000009390896282624422539576231
0.000009122630491243430788219151
0.000008781585644286742605205652
0.000008371551506773680404274209
0.000007900918193806013954541903
0.000007381594626724870855422229
0.000006827982564715725433059524
0.000006256047197492207361056021
0.000005682513290000628442455357
0.000005124204421320733944468680
0.000004597531099342072427626268
0.000004118121099216219554864718
0.000003700572847844229327845481
0.000003358301872247346865412929
0.000003103444292028449672844618
0.000002946783922558509609960142
0.000002897684523828384762589392
0.000002964038374518523489382308
0.000003152285882811323847993478
0.000003467612988983521029738750
0.000003914482837328668964668038
0.000004497689638477890952726699
0.000005224116719628057003261233
0.000006105319078974052925882880
0.000007160920982960865285404765
0.000008422620981704015909641466
0.000009938347145011953770107893
0.000011775841258119828407809754
0.000014024727477386524207483148
0.000016796005359741147326246152
0.000020217965355960055960247643
0.000024427806054642833919615663
0.000029558751995712144054664211
0.000035723196148455893062043792
0.000042993235257458560527078772
0.000051380792743735096566887882
0.000060820164375474464744149999
0.000071156105674263808074167525
0.000082140370421551392845008199
0.000093438841253511481900820290
0.000104650100360837312310144376
0.000115334616278400169065918024
0.000125051917915815913187951858
0.000133401501998755693837936387
0.000140062100051627615518445857
0.000144823589074430435306301002
0.000147606425264587700577761931
0.000148465011776683709129182054
0.000147573701103992127895911390
0.000145196840668280102888687555
0.000141646947133031446582063229
0.000137237259088355141025891704
0.000132236145425240547235726241
0.000126830857527753291342717534
0.000121106832775403055330043500
0.000115046342006091642279526355
0.000108547096184574332522650153
0.000101458014317344364773471055
0.000093626296478357476913735591
0.000084947791350759998011896168
0.000075411802152327675106101290
0.000065132122788387014720307144
0.000054358163572709105812192504
0.000043463189038434259681576571
0.000032910429734739839765893243
0.000023201520124784418854218399
0.000014814733548493866740385430
0.000008142321878419230392559883
0.000003436610613115357112804307
0.000000773290057008233695811684
0.000000037779688582576315367647
0.000000937047696332567048717148
0.000003035410249719831042271778
0.000005809234052888881107102811
0.000008712685626058471301605413
0.000011245130888403419289200968
0.000013010699595401338732867692
0.000013761866518291177946499079
0.000013421418561671192123041160
0.000012080454516135541754586445
0.000009973582326569318951534938
0.000007435703662485989137904702
0.000004847241233693180329812622
0.000002576039549610323008257745
0.000000924300403799273064935895
0.000000087835768684932002418833
0.000000132842410618538051750840
0.000000992667771744654743530764
0.000002484066529507684116268723
0.000004339676704609393109962449
0.000006251260354559836839255602
0.000007916944161563046474883523
0.000009085411549300028961981962
0.000009590740998426192453845361
0.000009373209592479898755331379
0.000008483620107526600130284922
0.000007071217810871886769370255
0.000005357664743011793318850679
0.000003601486140560094043050476
0.000002058624085693454110255855
0.000000945071189767764483979852
0.000000406992550764057552494316
0.000000502394702342836582864203
0.000001196499173365149727634327
0.000002370836202777351841240999
0.000003844028409339397622064213
0.000005400594857423882276981249
0.000006823107364830682647057012
0.000007922796820580999894089932
0.000008564235019192347809526000
0.000008680883407459729486969034
0.000008279884841306121606892277
0.000007436203130038063305881982
0.000006277805208022910227899389
0.000004964788775286361437579039
0.000003666018074726720230857102
0.000002536876682211143843955923
0.000001701219184887480716795159
0.000001239636586849566745574709
0.000001184940820521058383820888
0.000001524545851977449300549165
0.000002208386182827264427062713
0.000003160327210207765185457198
0.000004290769355969147539470437
0.000005508326821310293626714379
0.000006728990686672373653428453
0.000007881925175743405485276512
0.000008911828728794103532417394
0.000009778459575103896274264441
0.000010454359432414233444354548
0.000010921949899054389092637948
0.000011171032829913214848077327
0.000011197367318946314490015967
0.000011002530558527810159320098
0.000010594818938527941724479960
0.000009990614645258539210483442
0.000009215498889322049338372438
0.000008304452829717473067621183
0.000007300718967072808538061601
0.000006253229629182491894291620
0.000005212857913690567115473119
0.000004228027155473996611528831
0.000003340367825816350758245683
0.000002581110480593803609952654
0.000001968761411606689457585995
0.000001508365593082577931416041
0.000001192378270012011309326614
0.000001002903199188359611312656
0.000000914861721930592929854142
0.000000899561419707371139376536
0.000000928141055570840610033803
0.000000974463453460989036762348
0.000001017179021169162434515233
0.000001040853223468346219735578
0.000001036207730927646776907642
0.000000999642606049472335773384
0.000000932273388264846322030820
0.000000838732084037682308270999
0.000000725954124843374231362142
0.000000602119024602991956476178
0.000000475846631593293240382932
0.000000355687122323985463290361
0.000000249890426319478467110383
0.000000166403803440898581406798
0.000000113024694947273601924073
0.000000097626770782121216690596
0.000000128376260705551076356557
0.000000213859652152632470573844
0.000000363050691166436604421521
0.000000585054312206723141322944
0.000000888579308667905765732067
