0.000011094698863346993456847900
0.000010589187029062150662461934
0.000010307968470938942378407020
0.000010203332177157166475158986
0.000010229090111183180455316569
0.000010342335287194499789152971
0.000010504549119162377016144065
0.000010682162649502938001739270
0.000010846694681868421724388156
0.000010974591122762585997411564
0.000011046878949983444888186847
0.000011048730023543709545075057
0.000010969008615286709583825503
0.000010799855300675545818249804
0.000010536340983790902972442628
0.000010176209639987122878494567
0.000009719717368694079747586459
0.000009169568368329348301694164
0.000008530944731329627615736173
0.000007811625344875400419556583
0.000007022188244799545314754705
0.000006176288989694377523686011
0.000005291003573790601046029653
0.000004387216933613594497013647
0.000003490026559617820679499826
0.000002629115153136691391335148
0.000001839027713880166056703309
0.000001159269201649238727465743
0.000000634122692811898484777555
0.000000312079731407394051398408
0.000000244780034472866005873097
0.000000485382085169262344603175
0.000001086332623533187705160098
0.000002096571041361702395020971
0.000003558288576371261685278406
0.000005503451128425662510314838
0.000007950373813524932490822729
0.000010900689553019732682456050
0.000014337070815766884181998927
0.000018222037889194436300396157
0.000022498122702985715303533945
0.000027089566479060939635558139
0.000031905628525508820275170818
0.000036845485750583809871853275
0.000041804611645158364812476653
0.000046682429467068147941818945
0.000051390914871462720341782626
0.000055863652421234167579858904
0.000060064613321907617358042658
0.000063995630562387460673993977
0.000067701253840528682762314738
0.000071269462339191696218301808
0.000074826717867495135027081088
0.000078526171614253271482074259
0.000082528571235612082474496221
0.000086976546693931053202790415
0.000091964369682820463927468146
0.000097506755906563564420715118
0.000103511498796855902406605088
0.000109761345286910468000904362
0.000115910256547183731297596954
0.000121497879327477903009697979
0.000125983725838876636305210810
0.000128799489379638454865373287
0.000129414584416593357076019633
0.000127407003928193960284528941
0.000122529564625992545444030379
0.000114761080277334999054025810
0.000104333245573907934652599372
0.000091726986422715057990437404
0.000077636350797536540519622195
0.000062902995825352627672945316
0.000048429111599796637488857948
0.000035080334305340411988911181
0.000023592123875212629122459160
0.000014492807869896923218702538
0.000008054019291225559878596996
0.000004274991930354357815209122
0.000002901874079341702623949803
0.000003477827603195475981870486
0.000005415151136358458452404671
0.000008077779983261264664436835
0.000010861716445095161566285202
0.000013262266626371698295823974
0.000014920032870447603017276424
0.000015641751696983251945522603
0.000015396433783154185332558983
0.000014291036021718793176237677
0.000012532446478423417266694420
0.000010383567501873819250292168
0.000008120764222551540687964830
0.000005998238296946453037791248
0.000004222527341302011068258342
0.000002937917993846362320174573
0.000002221611547733988035454927
0.000002086319425772829356011779
0.000002487669964870146162831286
0.000003334225250735678707392912
0.000004498724363761342207772634
0.000005830020350694264203925132
0.000007165750479865569948928223
0.000008345899100788135060503305
0.000009227080953022160047767922
0.000009696749906169181525139589
0.000009685881287430101596667813
0.000009178254860357084541624614
0.000008214478447358984565833048
0.000006889407778002594992300314
0.000005342557658025809760480793
0.000003742262242884841725860771
0.000002265463841967673065707538
0.000001075835518742749451524083
0.000000303293278954330148409520
0.000000027765344546248207141738
0.000000269417923678758122311451
0.000000986544426497136136796403
0.000002081212109081653830578535
0.000003411725331859948051084486
0.000004810158045879158659986416
0.000006102708733936207994403515
0.000007130448024125257630589664
0.000007768121923316534743688029
0.000007938979732475201037144620
0.000007624055836519342026962130
0.000006864905146656957848688360
0.000005759443546329088036751526
0.000004451249242448157881308843
0.000003113396260656808940052269
0.000001928551301599338386799296
0.000001067582000217474104815331
0.000000669204403826930387997707
0.000000823164672986964352686013
0.000001559072667128960008832081
0.000002842311838889575007253366
0.000004577532115114334556119080
0.000006619229829215653504773630
0.000008787991453789226114156306
0.000010890273112254222990244804
0.000012739209845603988668048812
0.000014173939480039573381837080
0.000015075261697042651256889939
0.000015376054220332027174878223
0.000015065621413206928323833683
0.000014187933527001452132534041
0.000012834418512251654883368074
0.000011132513029671424668420703
0.000009231521115784090017290786
0.000007287458028640967515104834
0.000005448490422103425894709977
0.000003842357515380899693892107
0.000002566816232193994838970503
0.000001683744416111133309420602
0.000001217107198651847993134531
0.000001154585755640187102235563
0.000001452322621589343557303438
0.000002041983028270100116515363
0.000002839186548709134473973898
0.000003752334276868583037671534
0.000004690936932495719240306369
0.000005572718987536943051938187
0.000006329003607217663693708734
0.000006908137987028317821274360
0.000007276963738911670370062591
0.000007420542833058874917324596
0.000007340495995502014659470687
0.000007052388412017151059468355
0.000006582609180729435270531657
0.000005965147257928882241746846
0.000005238584383309952978891207
0.000004443523316992514435568723
0.000003620564937422711241260835
0.000002808853837801073420371752
0.000002045137623846145588933686
0.000001363233920950061102330547
0.000000793771013324282661527648
0.000000364060446810171207067175
0.000000097969164687990965276230
0.000000015681197849411693561830
0.000000133271607352323309062585
0.000000462055925195608214592135
