0.000006532277229187275171986941
0.000005892542110194585901130227
0.000005216636708069797971100423
0.000004539407451591843234818893
0.000003890629993339753729013949
0.000003293526345806867552891330
0.000002763947930096888636964172
0.000002310208094351016653710418
0.000001933525702431513367522296
0.000001629029925637315439975621
0.000001387269342589164992322198
0.000001196159769131457972676487
0.000001043289967540862253907348
0.000000918479651075181328454401
0.000000816449711703720629616603
0.000000739422741697545902534372
0.000000699427472652317805875961
0.000000720040289547248317210751
0.000000837268076409460849796463
0.000001099267140087418059276681
0.000001564610350204594963421001
0.000002298865926811942472578979
0.000003369343151889216050610650
0.000004837999216269547700407846
0.000006752693600022410190227354
0.000009137225980397774464740988
0.000011980899021002832136950991
0.000015228694739260519448427814
0.000018773508435240322003668620
0.000022452185460583001905439382
0.000026047260404521259402610411
0.000029296187712645820565553895
0.000031909354619191042802105879
0.000033597189292008205715230756
0.000034105204203981028595205754
0.000033253956764485449704941283
0.000030978932586087510594671790
0.000027363680883873878446317998
0.000022658674415801435938957326
0.000017278835136816987031339182
0.000011774806968472942731189154
0.000006776895450430626131107376
0.000002915722873224932303938030
0.000000729202984292688386673380
0.000000570209622321359350852860
0.000002531980179510587072584486
0.000006407767811295929698755473
0.000011697023389856708625207660
0.000017662772891072568411195004
0.000023435089299894754495635560
0.000028145606597088991437634678
0.000031070182094674272011043670
0.000031753148907353589427103591
0.000030088384219956435959488633
0.000026339714249763615354360535
0.000021094711519096857145006210
0.000015159329531144926847801430
0.000009413100814329856987744925
0.000004652971187411772307552550
0.000001456278898951805245707333
0.000000089293307939239001259614
0.000000478012007273064209798396
0.000002244791689534876647773784
0.000004800827242244567406490550
0.000007473494788752403953594611
0.000009641452490431223797725385
0.000010850262237680651354761706
0.000010886871014200447802173534
0.000009801037133969655971987844
0.000007873351387547196649375342
0.000005540307959708737764253309
0.000003294712123611829703647043
0.000001583178132039772451324848
0.000000721223970161193755132724
0.000000841180931037438070116928
0.000001880251796076589005613454
0.000003607413321216867867685446
0.000005680284361563771554088764
0.000007717997269897695461178880
0.000009374305877802152281506702
0.000010396693781029787729012701
0.000010661491318400469094319558
0.000010180854949371832387562155
0.000009083564413582776586467485
0.000007576664010431024062893965
0.000005898043587860177986001344
0.000004270650305909914215356758
0.000002867244139849946287434621
0.000001791080846603779556981966
0.000001073606445566641071466887
0.000000686271979713166056125833
0.000000560865109399591668980841
0.000000611856956267093784297218
0.000000755209761948563111367801
0.000000920401863028315243988415
0.000001055258127769095456656217
0.000001125580370795233934558439
0.000001112798880862797208768475
0.000001012590992657561406476980
0.000000835853441227052368250644
0.000000611260640726927302774100
0.000000386816521793889674919010
0.000000227146083312121898089870
0.000000204197842780869320166958
0.000000381362956712497960681151
0.000000793997426896514940581121
0.000001431841925156843115806717
0.000002229780278877291983303686
0.000003072114813269392940078828
0.000003812149741831201279291998
0.000004304234791817912706985826
0.000004440963939013680507111523
0.000004185494546092331997252239
0.000003589077135621438676690376
0.000002787141718052357111618878
0.000001972928842164442559553323
0.000001354088756184627729674892
0.000001102932711256038820628626
0.000001313397791845959255781933
0.000001976409845652909798334939
0.000002980487278472520190099587
0.000004137514707955946850130406
0.000005226698852824931252171806
0.000006044882770045151407136558
0.000006450062272591465978603328
0.000006387428995130198568642554
0.000005892671302308354518357299
0.000005073832250225130678135139
0.000004078711882385559362319393
0.000003057964239508236039410830
0.000002133939764515345274186126
0.000001382311297853833233263980
0.000000828838791926382898563790
0.000000458925776640730103103139
0.000000234376175717679984918787
0.000000110800101978191931364305
0.000000050410023560284193766751
0.000000027712034220977410754871
0.000000028655792531343978092264
0.000000046048876759892822572698
0.000000074799565754844546530212
0.000000109783520935506853569045
0.000000147351440776953003072139
0.000000189525984269075176980171
0.000000248564765488568468837315
0.000000349266040138814444492054
0.000000527190922024596785192354
0.000000822491343992766345276271
0.000001270663482160017072669297
0.000001892702973850224976639788
0.000002687448897626965439131312
0.000003628315284302319207259367
0.000004665368979826124430079423
0.000005732251486141662592669384
0.000006756213641751842152716450
0.000007668868052656119458612878
0.000008415291524022439477469883
0.000008959740947702925901140192
0.000009287237539992969636041750
0.000009401320003017780833247732
0.000009319093832784182176976438
0.000009065139320315243796574202
0.000008665840771819998075730686
0.000008145335725598536842292918
0.000007523702316266218215841041
0.000006817376446844516037931218
0.000006041267367523617102696362
0.000005211717940224991296672887
0.000004349368674809175547030932
0.000003481110121745097386170139
0.000002640584453952500412537898
0.000001867044198797980107456737
0.000001202716224564264470796564
0.000000689090858338363590232761
0.000000362722097433823320971323
0.000000251173221948818490644964
0.000000369682401565431589663519
0.000000718980330579977252339298
0.000001284500280492026725993296
0.000002037016078410757430322683
