0.000008684383310735891255615834
0.000009716178279599280804765260
0.000010660595864790632704443597
0.000011468621363332627584850389
0.000012102781676287742600238266
0.000012537597423773160350236530
0.000012759386407436378352872434
0.000012765535954502536797588313
0.000012563362520870359657909621
0.000012168670542817015933875942
0.000011604112195165400839443580
0.000010897438169587170776948272
0.000010079718764253501835960469
0.000009183605523952050067007687
0.000008241696599519649055372306
0.000007285063435702208478378285
0.000006341991414508261267358319
0.000005436981527490667768479256
0.000004590052889818742888866209
0.000003816376006428374203496498
0.000003126253549516559643382373
0.000002525448802427284282197482
0.000002015842099939582911477358
0.000001596373241737584535704093
0.000001264204159120887328008513
0.000001016012796033170162348248
0.000000849308515043166743987036
0.000000763644185180267101809232
0.000000761593646830499575414481
0.000000849368666224905584266375
0.000001036969359583317820035502
0.000001337797549104490862453788
0.000001767712537582475847434873
0.000002343569412332049090128428
0.000003081344238365448345005372
0.000003994008931555467797175872
0.000005089360697937171625949721
0.000006368027224064877987990546
0.000007821853393944144683543572
0.000009432828090029768723038389
0.000011172637635201435252815111
0.000013002849534789615707267539
0.000014875654934506183437207746
0.000016735049858816509359875704
0.000018518328682925221578608674
0.000020157803890841037510080203
0.000021582746597500085280986123
0.000022721641661076409673307788
0.000023504937988582575065805297
0.000023868513210995869025824942
0.000023758031418371680220259085
0.000023134236482283597143884413
0.000021978996870894227765990542
0.000020301631272532319217325250
0.000018144751243952334982499630
0.000015588625519885882170830621
0.000012752969832059689946177246
0.000009795150841941480210784549
0.000006904088553605048316202247
0.000004289634277250209417838879
0.000002167834437822494090170088
0.000000743171480001531566744950
0.000000189487026911378277902370
0.000000631722909687500762506080
0.000002130767246784773884970459
0.000004673511072772907137622654
0.000008169706327590141911165061
0.000012456426777134937337442738
0.000017309978964683335147427615
0.000022464133401471015672769271
0.000027632698899794143435624041
0.000032533879754577748840728424
0.000036913629467866947056042121
0.000040565380904915351856481615
0.000043344062063545739837879672
0.000045173111410763626513871494
0.000046044157000253653597328374
0.000046009970430750757948608343
0.000045172108534646765269898044
0.000043665202115279458307695731
0.000041640080112175547927440278
0.000039247823197524983281948840
0.000036626469637864795853184063
0.000033891534996900206442964343
0.000031130863598256425510846929
0.000028403710969965550569432677
0.000025743450627507796074893570
0.000023162960587111785745219328
0.000020661591930724604331990821
0.000018232635604145793552536767
0.000015870341477516936495644959
0.000013575751536178452965361423
0.000011360836121194524276148408
0.000009250632056746133772043815
0.000007283258102765588249153869
0.000005507829754823819329290473
0.000003980428400754126708801367
0.000002758418877882141936116068
0.000001893566951665630927555584
0.000001424581310744776644293917
0.000001369872094828405418399453
0.000001721442835643865955537468
0.000002440870649225195081471074
0.000003458240567612250734793071
0.000004674660878356071548427042
0.000005968600952670957643191301
0.000007205796658601766144116967
0.000008251926057216476745391313
0.000008986755193254324677702705
0.000009318081834688810314920246
0.000009193643809325256782303756
0.000008609259529973800677228254
0.000007611841749570861504999627
0.000006296535283394824041936291
0.000004797995506324054536305759
0.000003276634864495730209416188
0.000001901393398220370972869463
0.000000831117903922400466681280
0.000000196873109863760170848497
0.000000087412664770084055913025
0.000000539617596702814548691196
0.000001535028416648596923650238
0.000003002760523245478956684724
0.000004828232146163356371094087
0.000006866382930711477752035860
0.000008957531601611784757735295
0.000010943785157677325225837606
0.000012683990618953407239532030
0.000014065581347353313377049853
0.000015012236385688375398797176
0.000015486937311427601118634864
0.000015490658842109997569850069
0.000015057465759057078402379827
0.000014247138527359116591921098
0.000013136582302838364520649467
0.000011811199519146380149613694
0.000010357170568849960803903265
0.000008855257863061555454972130
0.000007376399510344457309215550
0.000005979054603210052129514361
0.000004708046713440139504572995
0.000003594543659091309870822926
0.000002656802591761672668576114
0.000001901373460232841088266031
0.000001324554634211289788262413
0.000000913995854583013254523582
0.000000650418175246128842695000
0.000000509454040685550658607212
0.000000463603222184813043650799
0.000000484263654357758384331350
0.000000543748358551946422723708
0.000000617159342804817881443286
0.000000683971021051239723591623
0.000000729186259894055943621329
0.000000743966421007825788396742
0.000000725694694903219199575209
0.000000677497587690140111742112
0.000000607309908793227336943439
0.000000526613557166871328082242
0.000000449003576391829194941008
0.000000388735014924216486270392
0.000000359384174515241863169469
0.000000372724024614948782360111
0.000000437873425932417494007870
0.000000560740559612823301460891
0.000000743748250004577026004045
0.000000985806089488463901189443
0.000001282482439448166336719466
0.000001626327480296951694918768
0.000002007304102756225177401576
0.000002413293476555300283632223
0.000002830653476615945486551291
0.000003244818129301253041660725
0.000003640932958603696120161112
0.000004004523525053352113662643
0.000004322192346934170475254364
0.000004582333261693160520659600
0.000004775843143136306647453596
0.000004896800112847674836481695
0.000004943066551184273341363641
