0.000006326676604764628678826029
0.000007862891176009303702103270
0.000009621324802593310659536846
0.000011489668606771758949895018
0.000013364002763773238842978999
0.000015152747480191383773993896
0.000016779631367136292895191410
0.000018185756026804795603291770
0.000019330852682101256809731049
0.000020193828951266456432200175
0.000020772694979746877941544775
0.000021083941884908210487748620
0.000021161425643884416227273257
0.000021054789758356387313793789
0.000020827443457470942104591688
0.000020554101451218987381235059
0.000020317888161183276374147436
0.000020207014902916609809741325
0.000020311052740536007852993616
0.000020716845901684550817697938
0.000021504139255991411685056680
0.000022741026467191466733409888
0.000024479360832597207354478785
0.000026750306303771971452431372
0.000029560239630640934040389095
0.000032887244001874442759971590
0.000036678457968052292003866000
0.000040848558550636676861382568
0.000045279661354572809121767779
0.000049822909368681178381935842
0.000054301991010363595373255929
0.000058518770959929195711948791
0.000062261128203126804223077606
0.000065312969014987554941704950
0.000067466215372009757694944654
0.000068534362952407052783400376
0.000068366965585257112114972444
0.000066864151315587855902572434
0.000063990035201942640791933359
0.000059783700637508168491095206
0.000054366316174363526526631257
0.000047942982468031221886511223
0.000040798103380574986189140152
0.000033283472797974334594656859
0.000025798868590597385451164761
0.000018765721520538263065308593
0.000012595318674489085406767615
0.000007653911622254185818112551
0.000004227903319981950548201496
0.000002492843711076149891699670
0.000002490135886606992321262114
0.000004115036237420830150628148
0.000007118672374322387595203289
0.000011125427611160591226564798
0.000015665265020500309669452405
0.000020218588410122562224607856
0.000024269330542264228457293579
0.000027360421604427831085686734
0.000029144909656306095392490352
0.000029425998598725693132342751
0.000028180241815592189268862081
0.000025560035550965423234003743
0.000021874189951093405927988814
0.000017548369766053614011904610
0.000013070146526396842580125188
0.000008925816862346729253134894
0.000005537596827308639919266835
0.000003210008995928761769652390
0.000002093137821366114531058305
0.000002168060424312762735933862
0.000003256498961167798087258749
0.000005053087167573168229667974
0.000007175183590031607363407280
0.000009222469650932982250827671
0.000010837099288507174457240993
0.000011755176703145285208289977
0.000011841838554026356012944914
0.000011104959959548232437012531
0.000009686027582390330982627623
0.000007830430289433696640745766
0.000005842681001210776515109209
0.000004034356926162777387089974
0.000002673462617805038882713015
0.000001943356761631477523633547
0.000001917475978970794794090061
0.000002553205679713321517060494
0.000003704917944620411576588104
0.000005153009513874636623369328
0.000006643272331874916524808994
0.000007929515056812561711705074
0.000008812217593370445480787170
0.000009167098682820289530211524
0.000008959550043861828804900825
0.000008243522928538021869943400
0.000007146153710393040526713780
0.000005841712427106194835976869
0.000004519982551493272014144463
0.000003354723925031137470140381
0.000002477413505938215576682344
0.000001960157160981159680114127
0.000001809812100467113337676716
0.000001973317696992120847792598
0.000002352367603471641100976999
0.000002824170187919712986268118
0.000003264328647465010576830813
0.000003567884683345810297090163
0.000003665238112545373436006180
0.000003530802869235284010781574
0.000003183648350281369680890142
0.000002680749758234956658248249
0.000002104607468661842452101619
0.000001547733001290834039794051
0.000001096760693641365149814072
0.000000818738588240905167738330
0.000000751562608689674791436516
0.000000899679935684583988217790
0.000001235259652410313155278232
0.000001704166102658684783007891
0.000002235399978267483202970002
0.000002752276673235027370828694
0.000003183521972258803897322995
0.000003472662366541239523001338
0.000003584510209727348275013901
0.000003508103713266998068746709
0.000003256058176917431075170000
0.000002860822497524586531612162
0.000002368737385233251973269686
0.000001833011001192291148436330
0.000001306749407232083524791656
0.000000837021333991192215804211
0.000000460644216715662446487033
0.000000202013460857967373160494
0.000000072927512896717365033724
0.000000074049627569995960620106
0.000000197439463770345506475119
0.000000429507537605968851122007
0.000000753792048764904678710935
0.000001153107035079917371407339
0.000001610823115364691297080957
0.000002111269466992391424738128
0.000002639442268118852378535819
0.000003180335225004527866210198
0.000003718253083973251231925941
0.000004236429077088167789927938
0.000004717159178824343751534626
0.000005142519268738166673190105
0.000005495580465131966170857798
0.000005761915358217046968911015
0.000005931117174985204872734394
0.000005998045716072040393473247
0.000005963564976132164208839047
0.000005834632549752976103185978
0.000005623717514596645610414245
0.000005347636670934763204287958
0.000005025987274517780262065355
0.000004679403540729515771591160
0.000004327869414051599453684398
0.000003989285765572162285202452
0.000003678427762109412435634652
0.000003406352878882193354243045
0.000003180247290599277374203730
0.000003003640601225806414971290
0.000002876883526553977013165550
0.000002797772091804082665719364
0.000002762212050781455955375488
0.000002764842065429840633697259
0.000002799565758289066866597479
0.000002859973568413245754299412
0.000002939659772002598876099524
0.000003032455038854106450459981
0.000003132600082380829360615858
0.000003234883025948542097842506
0.000003334755004049883113641673
0.000003428428524270109696109278
0.000003512954069687469950021216
0.000003586264220494726627952876
0.000003647172024053256505761412
0.000003695311292449815889025327
0.000003731010180522359732913605
0.000003755094807261365314317520
