0.000089307221610310862395729070
0.000095368358827570452675333190
0.000101291302825293286779886892
0.000107011981678379843778772806
0.000112456498375808024896629900
0.000117540806067279170687121803
0.000122170799682077668279339688
0.000126242869875039555316309503
0.000129645056884072169475774494
0.000132259012187547868311110477
0.000133963008657131453591621062
0.000134636221976259140738207964
0.000134164428929215806367281072
0.000132447130400242932051976807
0.000129405916803896579034618974
0.000124993670577259330259703440
0.000119203974308740502001738304
0.000112079901364776649756553606
0.000103721246901397552752158160
0.000094289242247842802594273715
0.000084007900930180390655123424
0.000073161365226580735523533028
0.000062086931312539309470513449
0.000051163784804481009661335927
0.000040797825687106160127536753
0.000031403256450453867238293421
0.000023381820858982977891313976
0.000017100707681600148078867804
0.000012870191411075761493600783
0.000010922103331020833108370473
0.000011390247332511799308605097
0.000014293922206011101992358982
0.000019525792983122308970472814
0.000026845451294823168231174979
0.000035880077225771840588285089
0.000046133599952099712453255226
0.000057005572666299472641554535
0.000067820542702563509692564869
0.000077867932125106449018497878
0.000086451302116036604313888125
0.000092944378751324435196379259
0.000096849495474993425089133003
0.000097852416055405498011669774
0.000095866222665324688856705593
0.000091056540846220297875934779
0.000083841250483386879546049419
0.000074860256779301704351675673
0.000064914821413352777616963263
0.000054880942611708322500033153
0.000045606494319052077860733585
0.000037806188800164633402513953
0.000031970771376385862568968860
0.000028306298620990656710917632
0.000026715532636850584209068510
0.000026826763936955625957552288
0.000028066856294904102438452637
0.000029766661786759323574547836
0.000031280082117332592549652920
0.000032094633471563861488572850
0.000031912431879090814358136685
0.000030686113569459579314240016
0.000028603339499219197344112922
0.000026024311400354714391043587
0.000023386764340159479458151892
0.000021099875995596023678293335
0.000019450755472479301660558224
0.000018544028187822485617035698
0.000018287169641914457931912430
0.000018423462918406789516363037
0.000018603305475568273448169765
0.000018475739922808809485074016
0.000017777663650517430530845903
0.000016399235833370844056663604
0.000014410242808081477763155684
0.000012042011189690075096889177
0.000009630394266706892512615659
0.000007534673555643052102615952
0.000006052637498738142358555188
0.000005352377048894637423341863
0.000005436559769258593051671595
0.000006146475613899412498259637
0.000007203243559169836941020668
0.000008274758876951474929634794
0.000009051385526905052664485216
0.000009312269450818648564905701
0.000008967485853852840565775956
0.000008067926247722900586650287
0.000006782996630719086034199718
0.000005353720888902116820822798
0.000004033935694681126853458619
0.000003033896690741362555700233
0.000002478717295918027263242674
0.000002389440269494991029842991
0.000002688594417100605012637109
0.000003226380695587297172104851
0.000003819485573527007481458174
0.000004292711509529579111128349
0.000004514253579400289539253193
0.000004418043920419421876353335
0.000004010245990761401640913725
0.000003360709742174115926248174
0.000002583148376822657064130328
0.000001809451465759251124844668
0.000001163789825329614845562509
0.000000741226759747610307581820
0.000000593882008052591110652580
0.000000725815013695962118534834
0.000001096138695455409644327182
0.000001628709332607484343142493
0.000002226134959130915749996732
0.000002785719924583577035664787
0.000003215150417607099183204666
0.000003446056069684835153560734
0.000003443946173173742828177392
0.000003213388094848190654163542
0.000002797710014982183857572403
0.000002273033531110937033179386
0.000001737107973148574106256369
0.000001294191919070888025156867
0.000001037991630065321462921815
0.000001035245683093170943503782
0.000001312756367570069016128880
0.000001850380498571939393140156
0.000002581678009934908748438786
0.000003402676103413289687352325
0.000004187754435582118253515466
0.000004810276153483615710316438
0.000005164567264516735318807469
0.000005185406743113808134297213
0.000004861443395436175937923511
0.000004239879670480315961619139
0.000003421206741566917620717570
0.000002544492120383755638857908
0.000001765412007977714995365058
0.000001230584917021388793786094
0.000001052546542684596527034656
0.000001289743027541515603447554
0.000001935167579739003148502421
0.000002915822160029579681092939
0.000004103288828566615789779099
0.000005333689701096083266690893
0.000006433593435241318541565995
0.000007247348148330551862242310
0.000007661122610886843362510562
0.000007619668386802144818684742
0.000007133312772250036626830397
0.000006274614285209539084450705
0.000005166022119863946126833588
0.000003961359413210662955610007
0.000002824705774877525514077268
0.000001910195002686428532610386
0.000001345488554398843312513647
0.000001220515332677173546543632
0.000001581832841745103814310282
0.000002431974896677582481468137
0.000003732595716367524819434120
0.000005410128608313007154344103
0.000007362935467676256137670686
0.000009469332753270938554451472
0.000011596235900974131332111239
0.000013608325149171021320069694
0.000015377560302889444886643294
0.000016792619583516617623192985
0.000017767534980760945576439697
0.000018248585605249641205562183
0.000018218499026139029232842365
0.000017697238504248452193538116
0.000016739085988339949849024527
0.000015426271882013956851693870
0.000013859930159012036218974320
0.000012149556197253543992210616
0.000010402335725108693189602457
0.000008713668921519439060060022
0.000007159957828659471868587832
0.000005794320945101833484399551
0.000004645429671878897670079037
0.000003719211406473043318038092
0.000003002802716997270308316994
0.000002469907972336977626716002
0.000002086641639192679261816197
