0.000000504005623608867957773354
0.000000347708770183687160993541
0.000000309865926097023335700155
0.000000387864128760520098249131
0.000000575546923879113576257818
0.000000863408899538646306835634
0.000001238784034364414962767383
0.000001686047964955254283294056
0.000002186873559614010464663327
0.000002720588502334155189463488
0.000003264681920966932060566672
0.000003795494998232761457495829
0.000004289110123033241516745349
0.000004722427954265329958893471
0.000005074396058899509137033595
0.000005327330778896677821701751
0.000005468258845086225747127422
0.000005490198183717336368153510
0.000005393297077512696315656354
0.000005185753806414133790399484
0.000004884440319929840179267403
0.000004515149079173358027017478
0.000004112370165667350035304008
0.000003718488584059455934595437
0.000003382277027077462424697971
0.000003156559437468590179922106
0.000003094950077809140158598394
0.000003247644818966456747649178
0.000003656363566209389109651394
0.000004348712679141968980467848
0.000005332438245214786911728606
0.000006590245411677226244689595
0.000008076023991286952470429472
0.000009713398003718312414818230
0.000011397460312143127986747940
0.000013000328962083343480255274
0.000014380758268780763890369243
0.000015397476402244424185244975
0.000015925260540004851193699245
0.000015872094366254387010333610
0.000015195200323529421232134420
0.000013913428199741235957720420
0.000012113524308288368789990677
0.000009948271909536511264210944
0.000007625389100669828290135835
0.000005387321646132392974196980
0.000003483521900259221315689995
0.000002138243425816795139412368
0.000001518052567134959571494806
0.000001703919213869484856964083
0.000002672708860959382341191152
0.000004292061436051578623594119
0.000006331038156309814958922627
0.000008486709804424258455626470
0.000010424335767389930897347354
0.000011826320560648641527605462
0.000012443148984134304009877003
0.000012138381882166581558876901
0.000010919837072798574880978621
0.000008950424775532663949949644
0.000006534695558361740312875235
0.000004080717708973610188339168
0.000002040957600045103613321026
0.000000839772925865323701581731
0.000000798266435616236955794185
0.000002068957183127732374149739
0.000004592541360795734698102381
0.000008086735751084516731000511
0.000012072959164342296983036748
0.000015940899674413757389559998
0.000019044637240208611657149226
0.000020817948602624935079902571
0.000020891774748949727973264257
0.000019194516337043209756180184
0.000016016473474121241762392620
0.000012023554861332269862411563
0.000008212020089235580008637898
0.000005804649048854189867909306
0.000006098102898762344299026308
0.000010279868767550140622245129
0.000019239586983453301849509437
0.000033402526186128092414509561
0.000052611767371154251793537171
0.000076080199236339127242916003
0.000102424333914529077467145401
0.000129780482931797383570199367
0.000155991704775546859932516819
0.000178843051613100656460630944
0.000196314777555565457556330244
0.000206819661776098967119127958
0.000209392106594457819276552946
0.000203803047241009403604816708
0.000190585015022282251977853162
0.000170964342940803940224317459
0.000146710526741281163578406455
0.000119924141377360731581733222
0.000092792739983194527046000966
0.000067347679936801297263110344
0.000045253429464412168352956817
0.000027655002052460373157104917
0.000015099834736575653383128595
0.000007539245184259587820492250
0.000004403348533749065565087548
0.000004733667568077272461081646
0.000007350947898122542905230848
0.000011032669435060106762698691
0.000014675582111034016579939089
0.000017422852859234403528031210
0.000018742188638194086131201488
0.000018449405788858934764941344
0.000016680075868656585102523318
0.000013818929571856516924904107
0.000010401745017930429278163462
0.000007006948654300774922401226
0.000004153980545557998626496517
0.000002222866879088266080471796
0.000001404964222737512134553178
0.000001689274811068326620809099
0.000002882963726890135163730567
0.000004659597901587829156359877
0.000006624892637789905825080380
0.000008387873579030554767712105
0.000009625515962665086549653742
0.000010130958871455888862817690
0.000009838865550634085172573146
0.000008825751782899346608722742
0.000007287374976348768949993215
0.000005498846738736589705620790
0.000003765446347375411429700192
0.000002372876274913508820899825
0.000001544918882736752976995954
0.000001414410730254531414030539
0.000002010637177630541847894296
0.000003263246502655787589899971
0.000005020140634822326084103772
0.000007074934974634232689376205
0.000009198708808235244227861048
0.000011170891499542868319618319
0.000012805065536757810666862803
0.000013966915335114327733939850
0.000014583171574598045912448362
0.000014641890383472171634931559
0.000014185546632368791928821561
0.000013299101984044467392761905
0.000012095426922319319873021931
0.000010700287642256407592963527
0.000009238674946107184942582086
0.000007823686069738668125671255
0.000006548589176637504934348245
0.000005482190316656291952427359
0.000004667233760970678196206007
0.000004121315393376181809436017
0.000003839666721926203145766159
0.000003799150076389735251376637
0.000003962863138456940928098984
0.000004284852871395026602469383
0.000004714559562198069540264397
0.000005200732096475033431042662
0.000005694663638544142754893337
0.000006152686333556071046721903
0.000006537932527825097812836271
0.000006821419026855331130287409
0.000006982542127862978860409690
0.000007009087125441837940137500
0.000006896859381563338660273230
0.000006649037653157959253287512
0.000006275337114846934303169675
0.000005791052463598840811603245
0.000005216033638518026672667178
0.000004573630609368450966264758
0.000003889631176424856910201020
0.000003191207558887226919061304
0.000002505883494303389478677748
0.000001860532645448804811748257
0.000001280420031725985566549474
0.000000788299866986635598799314
0.000000403585027504238702690244
0.000000141605475799794190081151
0.000000012975903165551327633850
0.000000023097315172081886223537
