0.000006422589214242509954842265
0.000007026217238797124726816523
0.000007670602344067010381028875
0.000008342655883093510666196312
0.000009030410638870134732206739
0.000009720595992656023222365860
0.000010396621610907677066954445
0.000011037062695831275225730704
0.000011614740884805097636471409
0.000012096516854627135229395887
0.000012443944753774472306061608
0.000012614972834454323753522638
0.000012566895580948959354190657
0.000012260756259039916674351972
0.000011667351454556096362500869
0.000010774888132125604500635013
0.000009598178550754275399148688
0.000008189023066456125013088362
0.000006647127672125660584237072
0.000005130547261536389189195452
0.000003864270042208156612391617
0.000003145217261380622102807459
0.000003341699969427669382644741
0.000004885339804925369538773569
0.000008253714092720256827379922
0.000013942599572209893771549891
0.000022427695883947708745467797
0.000034117078708592417498821070
0.000049297253555852636893418184
0.000068077362675795027673573967
0.000090337578427637899134046429
0.000115688698589266696602206874
0.000143450155412759447698736737
0.000172652842235887260839352630
0.000202071256089066684027977239
0.000230286528116496101931467977
0.000255778230088989327710435884
0.000277038843323169177088050041
0.000292701018916014074795761690
0.000301664852024985277560709118
0.000303210888129566789178648278
0.000297084867013385433252847800
0.000283542437853747579610402818
0.000263346100116707210799654737
0.000237711999101483065655743276
0.000208210247556688785334697012
0.000176628325144318387620451238
0.000144811976774184003602385928
0.000114501158383745741580275745
0.000087179472737259602801301872
0.000063954027579853539630175274
0.000045478914217743474134383885
0.000031930049745519973616002252
0.000023032698423429542725938968
0.000018136464046852749715981259
0.000016326801180125557967810768
0.000016557879018227304062683969
0.000017789472838648520225477562
0.000019110693250325758407422508
0.000019835724969266184267375000
0.000019560980767382539350415088
0.000018178596142163067062285514
0.000015847254490658346787320884
0.000012927135407203734800336316
0.000009890546508313706426185688
0.000007222883829284451042904158
0.000005329528335605804257799067
0.000004462962317632959639824262
0.000004680929275399381055491627
0.000005841331405387834976102208
0.000007633503428750993807230460
0.000009639451990715599169717680
0.000011413595063499634097640804
0.000012566361760272111731799073
0.000012836338785178447616740736
0.000012137690526892457205943021
0.000010574069667338261216404938
0.000008416435813492662105172147
0.000006049005310937542666499360
0.000003893684333637983850065923
0.000002327578158029731415361611
0.000001609633420091769574018434
0.000001830793209117871561333749
0.000002897490430664644742674279
0.000004551735491061675085002012
0.000006423771206324476473899752
0.000008106747442140868110688895
0.000009238451571068280509038684
0.000009573735524755577986017255
0.000009033198337021812340959757
0.000007718516344402003403059147
0.000005891557848680810392826609
0.000003921682434103428324635113
0.000002211924517337583125434469
0.000001118836207363730701525072
0.000000881837093862577858281271
0.000001575838076150916776627131
0.000003096162148196291006750028
0.000005178382685803470066769963
0.000007448936936084799114159583
0.000009496567093244842296595118
0.000010950871448615282429685756
0.000011553154743097563403927269
0.000011206456158016632102566827
0.000009995688167315035086617561
0.000008174409077196381022260320
0.000006120810621783797071009722
0.000004270935380271605419323297
0.000003041019945257564522890980
0.000002752578414620205953850960
0.000003573186361154131955694853
0.000005483096037356557659659707
0.000008273356807884562410127655
0.000011575817178455642358198517
0.000014920132094777019158096144
0.000017808532122511923096591646
0.000019796298261817548612634746
0.000020565031163730189943134735
0.000019976996859317124955249256
0.000018101849249108877069457807
0.000015211378302993078389607901
0.000011742926258811543966959628
0.000008236977466059580585367936
0.000005258411345475703328050665
0.000003313398330075592595903369
0.000002774531006567814782717060
0.000003825425111244308836269158
0.000006432920184748762104068494
0.000010350667046566060212095355
0.000015153026941500007590329577
0.000020293631473446101026389399
0.000025179413647463999478262262
0.000029248973242006884635212083
0.000032044038938770658272135738
0.000033264446465629588412134254
0.000032800065461538937812251138
0.000030736863384911428370011022
0.000027338106126111118466962338
0.000023004950262701397666054159
0.000018222957279909010759860050
0.000013502172825885937250617666
0.000009318408788479432206387602
0.000006062448825697207376429852
0.000004002348555470628282168099
0.000003262095227199522228661577
0.000003817855227842521450990279
0.000005511044804210863502303211
0.000008075652786660648504621883
0.000011175763623867334287738558
0.000014448222120232595024318795
0.000017544986111010702113524942
0.000020170018771216895934984478
0.000022106572171281326937052406
0.000023232278167925444903665899
0.000023521343528487375067886900
0.000023035020495353402493260084
0.000021903065533664222694137588
0.000020299855010925087336545736
0.000018419076309068318185457880
0.000016450490014645003592885092
0.000014561332172348776884123096
0.000012883746422929309531895531
0.000011508469654380634842076245
0.000010484057905955727817647570
0.000009820357232681896147638567
0.000009494719914473950450801466
0.000009459575910455323506566966
0.000009650276706339764134275766
0.000009992505449723920317884468
0.000010408887101969838424723493
0.000010824670865132285764919837
0.000011172476419390651891541504
0.000011396115425313384808504377
0.000011453462042207737225495839
0.000011318297216669833418984173
0.000010981028447698227832923963
0.000010448210201989000989642072
0.000009740862667723110737542404
0.000008891695932426527668786947
0.000007941471817652914012885049
