0.000009766510249177297355569795
0.000009199491288462592139952949
0.000009579028012591299799292043
0.000010609994707448809324605750
0.000012023214758167864878624261
0.000013566557372068943190302794
0.000015001503533929073455903576
0.000016106186410035598774101451
0.000016685488958971561747725645
0.000016588070741741828175840751
0.000015729148735640961862675136
0.000014116548582317499832593580
0.000011876180179684257031736717
0.000009271983636535233185872740
0.000006714881263424612721263558
0.000004755643467528395315342508
0.000004057966009355529150696464
0.000005350385152222384243353957
0.000009358627359999051109141002
0.000016723139595891590883196265
0.000027909359512635278585419157
0.000043120320911977195273059177
0.000062222183110189081736013383
0.000084693166739272640998817399
0.000109605276547958312366795597
0.000135646244476760106890608770
0.000161186405778158183552464799
0.000184391649964555840281524302
0.000203378979267439182225182814
0.000216405428067967925929993012
0.000222074325559676197467187664
0.000219535860006629771372030357
0.000208653050381722254781255432
0.000190101538829973371524592607
0.000165374215139232091757726106
0.000136671152435078306240298640
0.000106671903171384153063104561
0.000078209114592348003588799521
0.000053885734043268568435255950
0.000035697185873740248430487088
0.000024728818817262895581260765
0.000020993052330302973830077756
0.000023448614852377063844709321
0.000030209076232525874819261069
0.000038906869047610387378835495
0.000047142298625379277295533581
0.000052924838621984542411623431
0.000055013372126559842087423213
0.000053084437434361467472287294
0.000047697952629279829746353908
0.000040077986404921586293011171
0.000031769204443780840686675088
0.000024256337772460842219400187
0.000018637802745843005085149904
0.000015425378659373064997844399
0.000014505796632781321563567326
0.000015257536025961996234206683
0.000016778395195843590379869772
0.000018155726231279389209800207
0.000018706505458717168885506357
0.000018128410606556219091022378
0.000016530936614942243293455496
0.000014349392120437656414615873
0.000012175485785220846199979235
0.000010558395578494066954300737
0.000009834915109775346984109269
0.000010035758601132831470642386
0.000010890933074131030599543055
0.000011927249654896654508539657
0.000012624167672433795028526585
0.000012578071233854010857336828
0.000011624431048105259099006981
0.000009882064508124783420626135
0.000007709024125016568349303379
0.000005587344071931341683314148
0.000003975122980681142596250891
0.000003172671653392212367053322
0.000003242619707682672242754886
0.000004004920301856609744642953
0.000005103431380016673878921227
0.000006119323132771384075423004
0.000006694553075979165388214968
0.000006628965784582644264516689
0.000005925785191738933164529776
0.000004777582045863783648796154
0.000003502133587739125048215322
0.000002449833281314143931057994
0.000001908874063431654436172628
0.000002031622189751763422465311
0.000002797811032225779512679293
0.000004020488681015126106817106
0.000005391522918872995655628112
0.000006556170589529958811578908
0.000007201033082075276352197919
0.000007136652717160318884948196
0.000006355460351641826752310069
0.000005048685622251132755933679
0.000003573059432313607965006966
0.000002369521967551429135815082
0.000001849743280189830385514026
0.000002278301644101003061424794
0.000003684288747508952001081649
0.000005832343739421107085179122
0.000008268884179232192943326957
0.000010437621115313963206868049
0.000011835689380997997134908201
0.000012165685556753116431305192
0.000011435994758127692024970989
0.000009974415105617061603560450
0.000008345333718379740201433019
0.000007190914970926026323900897
0.000007041989154392223605695086
0.000008155811314130473647313752
0.000010431202662465816335068090
0.000013428483442722747930693147
0.000016489383018423978171295916
0.000018921248024712039538432901
0.000020190380803234460186431493
0.000020067365605034161673116480
0.000018683031332265578964560090
0.000016481710381718276699604744
0.000014089408307633268836473600
0.000012138631409068789272819380
0.000011101886188661631664747337
0.000011180041655266036653522052
0.000012272772861698069671765494
0.000014032917923047351515153554
0.000015982849043825955189348023
0.000017655648525777570891385701
0.000018720537265627722276623013
0.000019060262409279852673657865
0.000018784349122194460106598929
0.000018180817401983744463923182
0.000017624764239908420588405155
0.000017471289529448131612335629
0.000017961160553529824645277793
0.000019161303780910106815118729
0.000020951335786176929567876243
0.000023055254732442691446197072
0.000025107178531554264568114235
0.000026733703943459339994782875
0.000027633841243708683900991152
0.000027640115806719787230330207
0.000026750048280001659673638104
0.000025124194169922665648836402
0.000023053676347169047331593303
0.000020905477647785548428677541
0.000019056963714695683526989881
0.000017831950547265762495666164
0.000017449288026956894317748975
0.000017991862795904367219347597
0.000019399786323950137819195974
0.000021487084732008741969240539
0.000023977213570333938131825050
0.000026549852579664219245523735
0.000028890147720320353847550665
0.000030732005636528356672110274
0.000031889004434706974934823909
0.000032269451286309427549478523
0.000031875394139859945764284982
0.000030788272752374848395540141
0.000029145825851915417700668115
0.000027115590176047776036806491
0.000024869881526577840589803045
0.000022565844821812599223362014
0.000020332447139825831218095525
0.000018264616196567756332101717
0.000016423438293801373693420187
0.000014840596042925129901613249
0.000013525047130653504307549496
0.000012470194447812869912835601
0.000011660288917978595281789780
0.000011075357897274562269914269
0.000010694431190260146163342400
0.000010497176206139554959471949
0.000010464245350304070516687070
0.000010576712856431478518987044
0.000010814980057713581822892435
0.000011157497972381834149121702
0.000011579618756074881011819584
