0.000012665747420694818784229693
0.000011692619643042506520115575
0.000010675594011746903798289882
0.000009666941114648766670744938
0.000008715890469313081908805420
0.000007867350673617423863085221
0.000007161154531179188612033393
0.000006631985518187955311005585
0.000006310335711797234196831358
0.000006224847569028006476861067
0.000006406135918257723768165848
0.000006891681023227534119159586
0.000007730736393276644067380429
0.000008987608730735432380773778
0.000010741393342652754897123199
0.000013080500051196381868976425
0.000016091156208301243618011972
0.000019840388178148729580747150
0.000024355420229058290476457926
0.000029602554226465037069898970
0.000035469055599678000925516208
0.000041751285387010573504559807
0.000048151532680348215734351947
0.000054285189074360483559543444
0.000059699494169799765370086619
0.000063905142452704369066679435
0.000066422133477181979866951766
0.000066840537009594388974560719
0.000064894537793261603073752264
0.000060544009606714439624373936
0.000054052688479689563021135523
0.000046047406158148605466798320
0.000037540788375359525320083820
0.000029901829853958852655339620
0.000024765183995342248042016708
0.000023879840891408655111863985
0.000028909109106230252892420773
0.000041204184242975179237444133
0.000061581180717782906908035201
0.000090135080423745791511694336
0.000126122911460729478748399313
0.000167942227090232278595427484
0.000213219573690504938297957116
0.000259007842976474494858102338
0.000302073217951243241062575517
0.000339235295575513406095280455
0.000367712133816326799604090603
0.000385419058099743566843387033
0.000391177574355791970225210141
0.000384807172590254402064213757
0.000367093992868475075316142542
0.000339650878996461597948697264
0.000304698582663679947736545817
0.000264805298645429034593012929
0.000222621398468879740442649684
0.000180640206239408612938490695
0.000141006662616924841784429856
0.000105386120985583744513562621
0.000074896812268271072674831468
0.000050102409369581801020648859
0.000031055879854222513247047344
0.000017382504343641276144290242
0.000008388461537218286264696795
0.000003181401237240523350213641
0.000000790401852885238293909673
0.000000274129104672251469742455
0.000000807708912395224138869765
0.000001741088792740138812626316
0.000002624991912855692326801997
0.000003205160376492463343605288
0.000003390847408206096059844108
0.000003208019477436375980106305
0.000002749729487610862411703112
0.000002134496076751124904159968
0.000001478575308016782815267770
0.000000881647073057311870600944
0.000000420468103267450183143500
0.000000143833857589308138364011
0.000000065337069662325326510150
0.000000156163139333999061981832
0.000000345064714904251023410543
0.000000533223935790722448298847
0.000000626398941925848430644936
0.000000577200446613602720861275
0.000000421086623596074978078812
0.000000286213637643221339874200
0.000000363334310167262672052716
0.000000837021766961072130234329
0.000001798319910302584749141699
0.000003173091334621064741884329
0.000004701909167163153517728872
0.000005992809824185529533793326
0.000006640987488555587502656388
0.000006379471683908616854395950
0.000005204874486617397140594213
0.000003422882316366521842623729
0.000001582273644114340319138034
0.000000307011517311092534859488
0.000000078433779124842298588886
0.000001046187754188369624071611
0.000002944404431290429606082187
0.000005156372801335033080832957
0.000006917008660924323519060032
0.000007587589404572319931781017
0.000006903541247384537148817397
0.000005098738771745253597466457
0.000002850497984002919253220670
0.000001054717541440511591850030
0.000000506245179170545748206431
0.000001599743240087392045850005
0.000004164048745485932182018932
0.000007497223253348389253986582
0.000010596247683694997037025243
0.000012502086857700285533025533
0.000012635891731499011015325308
0.000011003312259224409377163408
0.000008191491618207094610069549
0.000005159547005641216272232678
0.000002899315146222909444259207
0.000002090105389371217346365433
0.000002871748595896469768870519
0.000004814869761267670194670835
0.000007093931948382821008427558
0.000008795158461592068478555363
0.000009245026465879787892212724
0.000008241676012975415215240128
0.000006110771763196703246494735
0.000003573017066181439327338760
0.000001477769530084461115573423
0.000000501925885336219561154176
0.000000920743197726071588074255
0.000002526952439078167653765386
0.000004719207111517714715778066
0.000006721401012071147802230415
0.000007851651993114022027014237
0.000007747550949768367299424696
0.000006474838269067932091478321
0.000004490646772633691272201377
0.000002482980146715345969141327
0.000001147272776696190501409382
0.000000976187195502828295264790
0.000002127195456238591575893332
0.000004400685500403913149236254
0.000007322503049691826156443811
0.000010293128544199772682441081
0.000012750898283267724230309256
0.000014301187997156234328046884
0.000014782412830919335123875009
0.000014263914336529573726689707
0.000012991082928765611823659215
0.000011303612302836370094192772
0.000009552695881135251490859882
0.000008035410595151357767036704
0.000006954412634233525871991360
0.000006402633800452172564015869
0.000006367982105549533425857284
0.000006751892047909145183777740
0.000007396363388059757108198428
0.000008115203114606950671053656
0.000008725660384810992144851566
0.000009076602423196739974245277
0.000009069470890085600529146280
0.000008669095120721432166303703
0.000007903164654469243432426476
0.000006851383971551365657424396
0.000005627355112849100041605595
0.000004357426741506019500461619
0.000003160811280974493753427460
0.000002134315085920216621809048
0.000001343464026974166961565598
0.000000820155785241844863424419
0.000000565661713700902258375154
0.000000557069866114212216966922
0.000000755129450764285427905498
0.000001111791254609111478273472
0.000001576330574393751099128652
0.000002099583417467270455322552
0.000002636369395866324034558535
0.000003146532439148241676969350
0.000003595185177160206774975119
