0.000012846077478355124028720075
0.000025744098538670830741536405
0.000042807730337413035662588734
0.000063702142685892243403195101
0.000087980663501781506395139909
0.000115086642152707353662678680
0.000144358548784976448804348581
0.000175038678545755418351076438
0.000206285914161898233229117117
0.000237193017204625057701289359
0.000266808820505080705482586767
0.000294165460060026953161005370
0.000318310422132091523032132452
0.000338342723926170576599636863
0.000353452045076724772655618612
0.000362959138003779132122805784
0.000366355417204747703212308618
0.000363339296119076970905531487
0.000353846626226418377141047511
0.000338072509024276693281180206
0.000316481811928518742826899057
0.000289805950336186122877346616
0.000259023942855445400788166888
0.000225326459094880903258339977
0.000190062608922280610462829387
0.000154670589616826101731633658
0.000120594978376488811072989038
0.000089195320592586063582554723
0.000061652520868704882594547867
0.000038881117171228810731019310
0.000021456482032274084122613553
0.000009566019751338662984591066
0.000002992247909676932593296683
0.000001133130622806229585928226
0.000003061235021416474558068107
0.000007618524659284019222510800
0.000013538456442371056570204632
0.000019582301172415003074353881
0.000024673164321560287734784109
0.000028009894686431669694757010
0.000029144535861216464114930094
0.000028011359119177693590297534
0.000024902403913203827374479860
0.000020392841243920305975643320
0.000015227900389389753700976685
0.000010189901879045478241825329
0.000005967629109371863424114875
0.000003049899252173791308281620
0.000001660634994729284063459435
0.000001744787800362876546543143
0.000003004709398896328362662308
0.000004977051024511820046035242
0.000007133005165687915408677649
0.000008981197726216633007208928
0.000010153421014797502116406257
0.000010458287043172737970793927
0.000009895499925251124940725478
0.000008631970678302855194382118
0.000006948521408479580093473047
0.000005170920845509339576983286
0.000003600638467913631102663161
0.000002459008294470163318907628
0.000001854198309882425028309681
0.000001774702208608320737811821
0.000002107354856013451379546887
0.000002673285236386211562419893
0.000003272518644755124666721659
0.000003727386980645604572264700
0.000003916307916349274470643911
0.000003792322270556869306658244
0.000003384332684134548132617263
0.000002782543558935737489437590
0.000002112536786772903089274937
0.000001504276085072319997577753
0.000001062870735798281178770123
0.000000847126387204722687588275
0.000000859963616972952091299968
0.000001052085090750117312989229
0.000001337353591889919493502321
0.000001615801804958282289882785
0.000001798578305505374155999227
0.000001828821231978026386666338
0.000001693546655245984836526811
0.000001423920702146564612325993
0.000001084227135445552033947468
0.000000752723348752599998341272
0.000000499654004225124492724955
0.000000368396609219479389835811
0.000000364825584118968729148517
0.000000457705857240662117669595
0.000000589859868433540645451629
0.000000696828670436793046420851
0.000000727614111682248059450348
0.000000661458072465135320943969
0.000000515685114407304042965087
0.000000342125868941417987472814
0.000000212864117327908496958149
0.000000199113082645087743254367
0.000000349071112891164368431722
0.000000671061776033275965975384
0.000001126994850131698508595955
0.000001638526064044908798098487
0.000002104944027779643109270962
0.000002428643254382812218607245
0.000002541865603030994650462539
0.000002427764165764224673586119
0.000002129937257209254488943577
0.000001747161452295853476595288
0.000001413544484418448996771258
0.000001267933290766915510730311
0.000001419316850387144708338784
0.000001916450134447982962219038
0.000002729560659405390603705205
0.000003749729126821250806134156
0.000004807731520743787816476750
0.000005709552502011874773059884
0.000006281453912230186727421594
0.000006414487940987314347918852
0.000006097557639032885246532963
0.000005429966666537323495664476
0.000004608656339453354622726772
0.000003891141261228763656627484
0.000003541172243760008227870736
0.000003768849981399212728983179
0.000004678988681991332981803186
0.000006240296071503440843999087
0.000008283543130414160085128045
0.000010530333714388692310445772
0.000012646945274120453698088462
0.000014311777403531687882570420
0.000015281700981527132117291159
0.000015442838883676068129210610
0.000014834923158248028595058467
0.000013644407409895936662347707
0.000012168441690428483971646995
0.000010757967326168297415443960
0.000009752176665294732675918696
0.000009417642327673746271824752
0.000009903546214976365833762215
0.000011220314388157510071064929
0.000013243725099851689540136034
0.000015741464193372292152328304
0.000018415224189439818327194975
0.000020949433248513080066746661
0.000023057702732316130982571228
0.000024519780873301363975473588
0.000025204566542785712018100858
0.000025077827727549686421572306
0.000024196013382140702050598913
0.000022689481663971805411794333
0.000020739396168956952923485837
0.000018552521522979418871698853
0.000016337421162222592592536824
0.000014284451977624642709250105
0.000012550785296578594011523457
0.000011250707204745613457599895
0.000010450796108328016712591887
0.000010169259924537765211885812
0.000010378669266097146576394161
0.000011011429179594790144034594
0.000011967469052571312024312380
0.000013123707071788661521986180
0.000014344820154177748505286254
0.000015494731984091959022279902
0.000016448069423015285401082353
0.000017100698694828399222317081
0.000017378401459939763385072198
0.000017242829477066668684417591
0.000016694095298935070648821410
0.000015769692642207350452782447
0.000014539845035632442335482573
0.000013099792546653145610606288
0.000011559880947150787621445500
0.000010034564105594185299836357
0.000008631536294334266320245515
0.000007442166230391062596528570
0.000006534219782198122725277653
0.000005947561118445189731079349
0.000005693152014729673748253281
0.000005755271573993467883959951
