0.000157378794169155578237806470
0.000156210908706412359911452903
0.000153864602065441016158844900
0.000150443239314238289775632618
0.000146116511019485172508461379
0.000141111754636664000865653446
0.000135702151814012529065442414
0.000130192219282537009934774819
0.000124901111084283497707630994
0.000120144356407835665198451103
0.000116214769638972706443727501
0.000113363382894926301202101482
0.000111781357648223529242977048
0.000111583918450176622144329186
0.000112797402337362872833462224
0.000115350514299871880494544052
0.000119070804026354321644015632
0.000123687215959772129486582415
0.000128839302337218849798389231
0.000134093324038519492134857725
0.000138965004070451693786794611
0.000142948163540434315188845660
0.000145547894117408930592452720
0.000146316351743016833698851631
0.000144888752188587023378082974
0.000141016774729424052524373590
0.000134596400203806140088991228
0.000125687280036435966405761189
0.000114521092050992476197787684
0.000101496999825594351636592894
0.000087163275096096502194895073
0.000072185311121828537000814918
0.000057301557026130372910540517
0.000043270216506153131577269710
0.000030810736481982317798433701
0.000020545014343892136453317843
0.000012943740885512902404085901
0.000008283265228347980223613800
0.000006617761838686502665128446
0.000007770303619736118703065914
0.000011344773354619584171377143
0.000016758520659205305769002062
0.000023293493185665045371382509
0.000030161478446727740142978627
0.000036577338863586563192861756
0.000041832942463941004613333513
0.000045364070539789688686280189
0.000046803028551469421985817276
0.000046011004669874069721025034
0.000043086308263082026136399361
0.000038347268304750382916269713
0.000032291481038888951709143332
0.000025535914042738858863385368
0.000018744735496600501767957420
0.000012553316579783445176583118
0.000007497411686679415113545352
0.000003955942426548342082505763
0.000002114135091562610437932509
0.000001951180335565117065837679
0.000003253426646988411580110716
0.000005650808402673707084621323
0.000008671202979839696785226318
0.000011805135740981561584322587
0.000014572034903015943351086391
0.000016579257170230882634676811
0.000017566353657511229265000136
0.000017429332656719009864675074
0.000016222651710255770146455745
0.000014139882710718722799540792
0.000011476954954874577871800322
0.000008584153281318116933320400
0.000005814309892366299670673959
0.000003474725573398106618229052
0.000001789325073696928720051258
0.000000875607622070198325279176
0.000000738449468550441899845492
0.000001280176583830158262839035
0.000002323976017131818483027472
0.000003646004299340007430614303
0.000005010702231451129206782867
0.000006203900388747513501574733
0.000007059203291494941972833606
0.000007474647170647893156035600
0.000007418431280441788622671134
0.000006924300846284078574577239
0.000006078625317106911607782042
0.000005002168555300338093874864
0.000003829899560985922264948894
0.000002691969268271582190691759
0.000001698302309748646806721560
0.000000928304798651660888821622
0.000000426171791899388155313959
0.000000201372408333260331217670
0.000000233227231219047953311046
0.000000478135815055628496420502
0.000000877959172570344786669968
0.000001368256292893875927644577
0.000001885425463500423593317867
0.000002372211889765230483480491
0.000002781426275615243948820428
0.000003078014247576117630488327
0.000003239795171767421001171898
0.000003257251934895864874770170
0.000003132723134877180910822696
0.000002879259582839014755821679
0.000002519293257638606261096612
0.000002083158558486082599262934
0.000001607423650458948797018974
0.000001132945571860785815659868
0.000000702560851859537088305585
0.000000358362615162329520565257
0.000000138590389623499265510766
0.000000074260903161130599012493
0.000000185783098457149771172954
0.000000479909182242134225925240
0.000000947452189368770117047780
0.000001562224429999711530590986
0.000002281599317529054085374731
0.000003048960558368208417177056
0.000003798082332493446635962239
0.000004459205442537946873816923
0.000004966278635142281097333058
0.000005264574419914128141479402
0.000005317719769022438706842625
0.000005113149209510226712437509
0.000004665114963268676931298744
0.000004014670934435372065497358
0.000003226448549490926287177306
0.000002382500645887626329437470
0.000001573927507419203827151934
0.000000891339202009070614353306
0.000000415388421842575971239470
0.000000208594198153403065122623
0.000000309470840343433486388373
0.000000729615311857765412668279
0.000001453955017793030739592440
0.000002443896468218799104555597
0.000003642722288707905918260207
0.000004982322218584566713328772
0.000006390248351024983220944851
0.000007796158715623669778482796
0.000009136928348065723458652429
0.000010360012061706092953059476
0.000011424975597553795414007376
0.000012303410517500276873115173
0.000012977664859392537902160747
0.000013438928585344362114789574
0.000013685206155199148723902031
0.000013719605576523533074784211
0.000013549206992839156143515304
0.000013184584568053454419682240
0.000012639882172614209861509146
0.000011933216851712209632973595
0.000011087121981171256635098805
0.000010128747702478704624984469
0.000009089600027199332650594370
0.000008004702950033915727010014
0.000006911186524826864912879505
0.000005846414996303829259048992
0.000004845853966515688625402592
0.000003940922398757588780118973
0.000003157080134260931841838627
0.000002512367987025552330912926
0.000002016554508059005621222219
0.000001670963591817734215003144
0.000001468973486002540884299704
0.000001397102385432541403817571
0.000001436537685412926805875698
0.000001564930484024084197453757
0.000001758265596638031266519013
0.000001992628395407117463370870
0.000002245718965339334976773688
0.000002498005699370441470060639
0.000002733458431230975130922295
0.000002939849819595225916522580
0.000003108658210078764121337466
0.000003234642126307407362467662
0.000003315183676287649964603771
0.000003349514435210133867626804
0.000003337942583030587885041529
