0.000003134037902984211664182300
0.000004940759562253075489845870
0.000006988920610895851823012558
0.000009201613572373873374977277
0.000011507957674316930256645450
0.000013842509925037500191657459
0.000016145594039800950251833597
0.000018364654286074422103467244
0.000020456581341392019465861424
0.000022390815513172973274169317
0.000024152922314678107338021054
0.000025748264010444844895105637
0.000027205358019694634663741134
0.000028578509557238515896484404
0.000029949314246888745008612354
0.000031426626114229453193282815
0.000033144561963582025595174974
0.000035258064995756512006400835
0.000037935504205870152188290190
0.000041347796382579255901768694
0.000045653682133780414597809538
0.000050981147867350761187371644
0.000057405616766743671830833251
0.000064926425388607878256240491
0.000073444157556009807353084029
0.000082742419191843483692629102
0.000092478318876275243014609129
0.000102185953962340381152504309
0.000111296332914057865951830417
0.000119175285068842537949604377
0.000125178142932435459196843786
0.000128716713920889411779460709
0.000129330896775169514392733738
0.000126754966153468860397615647
0.000120967721224212929314462128
0.000112216813495969749102376678
0.000101010698007434699123748001
0.000088076401519609839332013157
0.000074286870143587690096427523
0.000060566982831554242187790255
0.000047791300651102243727229302
0.000036688394275995002608882489
0.000027765724312634571750019186
0.000021265668361268626608377719
0.000017158060311334798046269123
0.000015168582346643676470954523
0.000014836718639494690248864343
0.000015592794362688585806022562
0.000016841566201586033652871921
0.000018040082202872940189903109
0.000018759773954336540280948137
0.000018726298394846483714873756
0.000017834664637557137663098281
0.000016140878979823755629127366
0.000013834168382093753324468821
0.000011195561546295689951202937
0.000008549268842389602847137847
0.000006213146487777932457151429
0.000004453849827826273059404229
0.000003451310435492191094794230
0.000003276032743247484748034312
0.000003881413991301758290789880
0.000005111816527026814778239192
0.000006725463005508190731599871
0.000008429467139077198424112862
0.000009922640525342061573591847
0.000010940387845018196974955157
0.000011295291392458244180644483
0.000010907113033733559638409349
0.000009817021639916684915623708
0.000008182859163992416227234594
0.000006255006090391068443944643
0.000004335564378676874826550741
0.000002726682767458304474305839
0.000001676359972695360066151241
0.000001331416879026698903230180
0.000001707060115899925689146523
0.000002680313893931833529166425
0.000004010662562981193567253867
0.000005386031322052551286924931
0.000006486657371294841717065949
0.000007054674973223514353106323
0.000006954604038487551226181693
0.000006210363914292959939449437
0.000005008307064946254574117068
0.000003662641140092419803650590
0.000002548194854172974062182008
0.000002013850478418341562831737
0.000002295957604130292372069050
0.000003452834795361912097048148
0.000005338111738595513916820143
0.000007622473726461183240132001
0.000009861979836858693093974357
0.000011599206777087535101566397
0.000012474105040503980575301857
0.000012317330853255847790839878
0.000011201450495135038143033543
0.000009434620554194151040056267
0.000007495158922396469549829200
0.000005920485407862268111510700
0.000005176319055142479496603360
0.000005538343666078883951173813
0.000007016814450896605550103691
0.000009344864408704009473005669
0.000012035804931687525866227176
0.000014497347412227422973579442
0.000016175880827858483572206580
0.000016695644402243454843329240
0.000015958125187212994624879822
0.000014176304241202410954419445
0.000011834180756631812242093971
0.000009580315899378666675114194
0.000008080298485734003881286736
0.000007862964917592698218281981
0.000009196477420311364862123144
0.000012022810277659560219379493
0.000015964902559011267965888639
0.000020403446077289785569840175
0.000024604348356178359436344238
0.000027867167317047867214525880
0.000029661585096035704179088729
0.000029723586841914557060218352
0.000028093784331105536362276423
0.000025094221577095298872242882
0.000021253463452872830896428144
0.000017199691535742971711803184
0.000013546002597803830438949468
0.000010790760676381658814603978
0.000009249778644141528165787715
0.000009028363787210515493605878
0.000010032233438283356892527579
0.000012009039522954639727975353
0.000014608000169695674748089956
0.000017444239216789339573868145
0.000020156363945387856191670053
0.000022449524766356367306858327
0.000024120501973536931627486654
0.000025065227113214839476914089
0.000025271908575091802810807032
0.000024804349439206738853723466
0.000023780232125119174296182939
0.000022348438078672269339408976
0.000020668297733117327720595707
0.000018892422409085528334227178
0.000017153744599651799771508967
0.000015556732659989401030458181
0.000014172455638248941770266850
0.000013037149040525752600127272
0.000012154009759076927902395754
0.000011497968739584618820016859
0.000011023053326970276940459728
0.000010671651477702950833832338
0.000010384615267483736353640832
0.000010110839104616015942284153
0.000009814867982350173523887690
0.000009481323070746771570029877
0.000009115467080407945704820412
0.000008739958568008099982831957
0.000008388582510892130580243409
0.000008098304042762808312291498
0.000007901234835974625008488820
0.000007817982438302781641624103
0.000007853429432692199656934617
0.000007995396291899114382022498
0.000008216043717244738165956901
0.000008475409776953518630653386
0.000008726237041775079607860803
0.000008919233760661734056879313
0.000009008076157923418380863573
0.000008953706245907027471233643
0.000008727719779067135151594606
0.000008314806946301705505020241
0.000007714279189811088877169049
0.000006940703416334173975763347
0.000006023610490710243857686440
0.000005006197130619612217241297
0.000003942939130094568941085117
0.000002896099025046202533266015
0.000001931238869886738993735583
0.000001112014237587888067836724
