0.000001770988305943235240891005
0.000002105444351044031994595052
0.000002436256065322658194628085
0.000002745463528839455874904678
0.000003017912089404228749583590
0.000003241894231888386124185945
0.000003409496372273988158197768
0.000003516659807611204714228662
0.000003562981307118185318294056
0.000003551293135204898509301591
0.000003487074146098284681803432
0.000003377752300032410292553436
0.000003231963739727256560454972
0.000003058833692567659961585860
0.000002867339420834085107888875
0.000002665805153353598893288924
0.000002461563910567791194772399
0.000002260802554452788418594498
0.000002068586034527207635715009
0.000001889036860026143167128922
0.000001725628623520734477154960
0.000001581540007036164480089214
0.000001460009600540080158679246
0.000001364632690020421568939690
0.000001299548619824247846845657
0.000001269480240553569892316744
0.000001279603568271708710095869
0.000001335244129146455206009168
0.000001441414725018033994981487
0.000001602226140767457637868049
0.000001820216770210459324087944
0.000002095658847285901584526395
0.000002425907695496498525194974
0.000002804865771334201991928222
0.000003222634507918030179830825
0.000003665422852255697202020733
0.000004115770491605832952653875
0.000004553124868598776563708222
0.000004954783807270609027905740
0.000005297180920276596179389807
0.000005557451664954929425408597
0.000005715178332317709034146244
0.000005754177875667637510491339
0.000005664172997241487507111019
0.000005442179063800044781253323
0.000005093449972521889843914134
0.000004631855078063585451483494
0.000004079603875859054518755904
0.000003466290045758158812127603
0.000002827285003333431911542312
0.000002201566490719256769176878
0.000001629114380247314629456706
0.000001148040361274584193672864
0.000000791639707402083902366237
0.000000585563335875399377281980
0.000000545309719095137566412831
0.000000674231857804074171797691
0.000000962246270311188680977735
0.000001385418440461251241848598
0.000001906579544452077581181797
0.000002477097591532564146228797
0.000003039876463363837246422442
0.000003533583558723337552894602
0.000003898008332469518766739535
0.000004080331835731693419376705
0.000004041948854745672516076103
0.000003765342704021252143793859
0.000003260386546066405111634137
0.000002569355920365072149343837
0.000001769907060461512016166070
0.000000975323686450275890356910
0.000000331473829357161139285348
0.000000010150566655870486949623
0.000000198786775577509547907417
0.000001086911367769473070579766
0.000002850117755802916258119420
0.000005632699662196527867568351
0.000009530424939684743333885575
0.000014575116044041456944517499
0.000020722745380655885246703671
0.000027846608828557824308769925
0.000035736805450022330178736635
0.000044106743376966775136132498
0.000052606752644652464174102741
0.000060844177633235651137671995
0.000068408621540101815779004457
0.000074900405153444679466623324
0.000079959859274640168237159588
0.000083294855937175051974023787
0.000084704034869876904546154295
0.000084093504404283975347741964
0.000081485363267052055924813403
0.000077017143950497001132771135
0.000070932138312841666789344830
0.000063561436686934127873044309
0.000055299296379933250505066267
0.000046574067998845545906204391
0.000037817283947121851526897846
0.000029433617249959878831109400
0.000021774247840876068962271545
0.000015115756643794982488470530
0.000009646060989692261929216027
0.000005458182274401674425061328
0.000002551880649706046936799281
0.000000842482019332960051333464
0.000000175628211773293951911750
0.000000346252009729862934641633
0.000001119842558019050898245311
0.000002254028508692347798999427
0.000003518650434984697253013031
0.000004712788632947154210763897
0.000005677614782830674317601945
0.000006304398468885241009192297
0.000006537474984365305379996423
0.000006372426473751097960099548
0.000005850109166427045753332455
0.000005047449515953412123824007
0.000004066115952218113707131077
0.000003020245345982008875921699
0.000002024368415246786366828036
0.000001182548862419677203238941
0.000000579546589934715613617519
0.000000274560343054534752178493
0.000000297826526721001391464090
0.000000650075638101049297762877
0.000001304600066482449422991660
0.000002211486489608572348654607
0.000003303425968002306649043279
0.000004502441276495646932712634
0.000005726863274365104805509880
0.000006897939470531305527567847
0.000007945557124415707361147522
0.000008812696141695906815183292
0.000009458378417889392109139772
0.000009859035161664900462504500
0.000010008358493656963690739137
0.000009915826873753564096934492
0.000009604187064761004859192450
0.000009106233012304589715247942
0.000008461242311273587665210530
0.000007711415493470866208236374
0.000006898617213010458293267341
0.000006061649320271650124235772
0.000005234203464862247853230364
0.000004443555572228763579645250
0.000003709985940640292831013431
0.000003046844547426407941046128
0.000002461136383621685320044654
0.000001954478011412125204072920
0.000001524272779314395759151955
0.000001164964560469096211466501
0.000000869253389274723691495194
0.000000629185475109080037520973
0.000000437059850443133183529876
0.000000286120674790870513939212
0.000000171025808937249795141849
0.000000088098028262886530009283
0.000000035375672806492759187460
0.000000012485875541074713882594
0.000000020367263531067245429454
0.000000060871541691753762243790
0.000000136275596929211249087242
0.000000248738142947722744005763
0.000000399737418308884654969581
0.000000589528637179872996214400
0.000000816661149075898328488659
0.000001077594922494657146634688
0.000001366453455384362795582503
0.000001674945153834428296233316
0.000001992477473529069381902399
0.000002306477801844583441868031
0.000002602922515151301824159677
0.000002867061405687118327969632
0.000003084309407300478778551434
0.000003241262037654459191254961
0.000003326776080765894506093439
0.000003333043706875607646513034
0.000003256577510113840197991534
0.000003099016987429521296885937
0.000002867665034215969777948866
