0.000003219166498716642225714612
0.000004597492526117441774113209
0.000006152904437275111954302326
0.000007776851361576307756747276
0.000009371077301762945952856403
0.000010850488266076756558925140
0.000012145025412094967681535251
0.000013200683515010469440235930
0.000013979832173236976202617202
0.000014460999164949530761755010
0.000014638264102196873014038667
0.000014520389096277461915421650
0.000014129784703445498570285183
0.000013501376989930255083155117
0.000012681407909097081870429709
0.000011726168771149910396382060
0.000010700637545609766119580203
0.000009676966965271937569956044
0.000008732753654222930888195893
0.000007949010491939830999347932
0.000007407766847992226414516478
0.000007189235792050337423030916
0.000007368515232462635879779819
0.000008011831880497109786192292
0.000009172392657319605426468820
0.000010885975855723173668049113
0.000013166470375276174945727327
0.000016001649923704946737890858
0.000019349542417382501456081523
0.000023135813379110871520431131
0.000027252615269605011898796862
0.000031559351550152087704289444
0.000035885754960917660722624634
0.000040037576391686038000932574
0.000043805019901748101156073456
0.000046973842152306345080342576
0.000049338768527628290095146668
0.000050718579023008391432839753
0.000050971908465003524851474892
0.000050012520041375056354879258
0.000047822587777308755562378356
0.000044462406053579698727434844
0.000040074975577034083586494551
0.000034884131356711688208126904
0.000029185300131278756486513659
0.000023328599892375403057794003
0.000017694789776023050039072473
0.000012665477449988599202589969
0.000008589892922880284142558849
0.000005751316871156273552966043
0.000004336772052474679355407727
0.000004413722307633733438095129
0.000005917183469278024940331447
0.000008649800135529818185912976
0.000012296122795387619741278029
0.000016450654572268112881515412
0.000020657424757472256138289904
0.000024457139721016203312304454
0.000027436631092415172933742309
0.000029274610446377042353082940
0.000029777821413240245027997249
0.000028902616270878606091363980
0.000026758703774119412644545354
0.000023594113253668834662363576
0.000019762980895048580911102509
0.000015680205895426768360938555
0.000011768960315583948359765241
0.000008408141650901364299751026
0.000005886927110571379414367607
0.000004372581301655543471545128
0.000003895719195133827067521574
0.000004354628771528236916581091
0.000005537421602854881479073741
0.000007158159912683928052042244
0.000008901128316335680861967616
0.000010466394104041023570598155
0.000011609885635138312106511352
0.000012172378125790618726403264
0.000012093790551561439981309923
0.000011411704259691672530053520
0.000010245574211325194101179434
0.000008770281811302991202290019
0.000007184119942999357515123204
0.000005676795663780352450388921
0.000004402551160266476424525513
0.000003462183475731885120429835
0.000002895876295206929058585841
0.000002686714529101587751189553
0.000002772916409791271789787772
0.000003065507479256300992252271
0.000003467575347181998251399780
0.000003891431310019773977130000
0.000004270861450511987134081877
0.000004566950914344914452184902
0.000004767416858908030583247099
0.000004880688229799839757843717
0.000004926878483491743474637341
0.000004928164827338532902453391
0.000004900890537504948350853301
0.000004851038994316090260006287
0.000004773772082907107156793565
0.000004656709033383250935403223
0.000004485766130187772867375390
0.000004251852929071147098425039
0.000003956613612903769951222900
0.000003615705157358580310999075
0.000003258723655927664736856519
0.000002925673552094765608787372
0.000002660645674834496299802260
0.000002503968126559799706686536
0.000002484405652512606181803135
0.000002612961225621455437173558
0.000002879502121747502434097364
0.000003252875784372523450282445
0.000003684520578500476557071803
0.000004114946113046986684116425
0.000004481973855058374287571414
0.000004729370515083013323776821
0.000004814504326470869051066148
0.000004713888079436589943554351
0.000004425881622817409542661529
0.000003970323947019250163874109
0.000003385357351656125485451403
0.000002722110702637412429504178
0.000002038166762146070566360037
0.000001390823133310889724169974
0.000000831073215817797187141968
0.000000399016068849919595362924
0.000000121104063477569206759755
0.000000009313876267987718373059
0.000000062035349377878716981282
0.000000266257137526497039188854
0.000000600512798261761933966833
0.000001038040827961383273756336
0.000001549693367977881471809413
0.000002106273222179827756450534
0.000002680152217121909186971739
0.000003246190057011178480190789
0.000003782101827882264993526459
0.000004268495006406509503934198
0.000004688807151693519347358894
0.000005029330268148292986340152
0.000005279424362006522871240168
0.000005431924235070467596930496
0.000005483654151141548444925531
0.000005435904592693582392925328
0.000005294705854785162858831653
0.000005070756797760568346548557
0.000004778926222982804425973118
0.000004437324277077786988414052
0.000004066023642716319364291341
0.000003685577226270329394877115
0.000003315517141007431957161651
0.000002973022453674015225011428
0.000002671911645495805640032486
0.000002422058193530049005777992
0.000002229256911711342990307016
0.000002095499091049832511741979
0.000002019558897144484745078945
0.000001997760751591571821652758
0.000002024790974870410792477984
0.000002094434743408264104733325
0.000002200154927192941184816962
0.000002335473568175395708249216
0.000002494160151906070038404020
0.000002670265458989722776939665
0.000002858060592546673357749500
0.000003051946162536389446466589
0.000003246388216512914430284670
0.000003435919393388490754770361
0.000003615221202409342821706148
0.000003779281509667155460703222
0.000003923604383204798510534003
0.000004044439810311139735232722
0.000004138998943530164455217348
0.000004205625255081752066001373
0.000004243900935599229052794246
0.000004254678260976525246844521
0.000004240034902647605641930889
0.000004203158486452489466032693
