0.000003843602105304753394565079
0.000003231742533086913133440112
0.000002695295711487736454124980
0.000002227978049355572135614310
0.000001823481048717849686304198
0.000001476159432693579120381751
0.000001181404206456176834776853
0.000000935709578908498750286684
0.000000736471074441068221838776
0.000000581576047593230540342106
0.000000468865973732824946405406
0.000000395561260072055710786484
0.000000357743013067473529673567
0.000000349981604501490948191012
0.000000365188832475331492017522
0.000000394749401949400646280749
0.000000428959475328725492044695
0.000000457766997708302993891821
0.000000471772831415876336725061
0.000000463416332888081631559261
0.000000428237003451218219031297
0.000000366078429629041102413058
0.000000282085002833041162397193
0.000000187338798713591657319231
0.000000098996118991760424205962
0.000000039812587580099968195589
0.000000036993293126799492050398
0.000000120369373342136844049670
0.000000319980979397608053493954
0.000000663231567567191059377229
0.000001171859055893998355910631
0.000001859031741795283635006707
0.000002726906285095594366233492
0.000003764969099550612269245407
0.000004949414876160277016456986
0.000006243700013747038993000213
0.000007600259301018257328047198
0.000008963216802717577269174996
0.000010271788585163505364049666
0.000011463997046433642258505235
0.000012480316137253044480215532
0.000013266948144425537629387084
0.000013778578338408321206712270
0.000013980624973885596117311597
0.000013851146753953500663785088
0.000013382635638726222640114069
0.000012583873320057586923524824
0.000011481858410080883847281634
0.000010123550010202485421591072
0.000008576889385646275048538829
0.000006930345302631766896041959
0.000005290171096589423071002156
0.000003774727989105128895684551
0.000002505635930390192809663315
0.000001596114608751431623851055
0.000001137567400801971462628208
0.000001186092423526378993319137
0.000001751020182885928479040089
0.000002787647653630535310188008
0.000004195998337561006373639533
0.000005826706865188671789128425
0.000007494113333010686951816265
0.000008995534741436973520233716
0.000010134669331728727385811238
0.000010746381173210825158521528
0.000010719844857922084969546923
0.000010017250049669550919853589
0.000008685916805646205673583325
0.000006862609810883761948677520
0.000004769863652972845004241170
0.000002705036967373177613632989
0.000001023439414050383057937189
0.000000117142702766858906233315
0.000000391014997874060948117553
0.000002237216981696018009275004
0.000006009035130211582625763770
0.000011994679764202691152601837
0.000020391675424961096669803154
0.000031282767224948512840062426
0.000044614801751609476038271801
0.000060182659745865863107003313
0.000077620802149971465286847072
0.000096405115062228390835491476
0.000115867329829957746000629326
0.000135223285559381821169938620
0.000153614763520646687528989349
0.000170162763748475502362939027
0.000184028224156607237175717340
0.000194474654963786421166954677
0.000200926297784818322540723035
0.000203015437759166637301730396
0.000200613461523519798559989091
0.000193842050892185382114651926
0.000183063260260630936756415243
0.000168849765930887015224354242
0.000151938885617037313909352680
0.000133175682409174251210129403
0.000113451344151275479422112669
0.000093642983990682794105155085
0.000074560129874064279774902031
0.000056901693292453695417580650
0.000041225451694908838134318030
0.000027930381698831337173400888
0.000017250823727823207879693984
0.000009260616448237991968264055
0.000003885049969372068927276828
0.000000918660069081427163981319
0.000000047337669615787394471666
0.000000873734455883235284321558
0.000002945302457746261340403504
0.000005784378479025627418788971
0.000008919480369455734373486389
0.000011916493752808484854867691
0.000014407851269388609281581030
0.000016117340167502386627735103
0.000016878007525611901786877569
0.000016640896840927382245188190
0.000015473083319600980335348228
0.000013544609074205017946600400
0.000011105288054007375405794929
0.000008453723745308404805627774
0.000005902012220259176259644709
0.000003740273602246614659055327
0.000002205228592666273186817484
0.000001456482027273991730010531
0.000001563075155445939651326559
0.000002501403705684043147041470
0.000004164014736300132098645744
0.000006377353302211671344122343
0.000008925458757142937368453395
0.000011576064038685350662989670
0.000014105583044841029180136924
0.000016320029192210900654451747
0.000018069851024267592737955132
0.000019257800503055615658209998
0.000019840054450347811783360655
0.000019821705619063540647307661
0.000019248304282866243736108483
0.000018195319847132504525360000
0.000016757238578657795004082931
0.000015037612728640564678885862
0.000013140855283202521701087055
0.000011166061268315503909290438
0.000009202731902674572694866839
0.000007328038159307836347839023
0.000005605192237732778190299233
0.000004082564021276236421349737
0.000002793324370624345548365288
0.000001755552156721487265018554
0.000000972853683420747574793291
0.000000435581966869771783065822
0.000000122706945618360574763993
0.000000004296809541356126415666
0.000000044459305063135648045114
0.000000204495945125971129595392
0.000000445969132403180314744030
0.000000733385513556327752696801
0.000001036255927514232257858283
0.000001330387861989696496296072
0.000001598378135591680261444469
0.000001829378752048783393055519
0.000002018289524255524346104404
0.000002164577133476001546844112
0.000002270930386221201003981275
0.000002341941250725079578978282
0.000002382960734210581245411326
0.000002399228851021765344036585
0.000002395328396904359131948034
0.000002374969506916846089802442
0.000002341079086384970190808140
0.000002296146263517801961221397
0.000002242760223151118898372034
0.000002184267649504803954598527
0.000002125471334678623959229746
0.000002073288008023617639934144
0.000002037281912323094354877896
0.000002029991835924771269381982
0.000002066974519479077461041371
0.000002166498050611754985729160
0.000002348836256288163234503359
