0.000041833940643891063800117319
0.000040055973405421102268453987
0.000038617334414147089899881082
0.000037483205999757657374531900
0.000036612711090476955286786287
0.000035962629442295308802250015
0.000035490540190777472486644006
0.000035157280990812238036669762
0.000034928658621262923661670435
0.000034776387484303372004713906
0.000034678271003718552905475958
0.000034617677038835033569066230
0.000034582393298747101176293661
0.000034562984290820329886552431
0.000034550809803479183178118173
0.000034535908020072550754162033
0.000034504994117673157120497474
0.000034439874689738404723790555
0.000034316622572606174412009755
0.000034105884132073156008325282
0.000033774686145228300358268891
0.000033290054040208155077332219
0.000032624630047531499193493032
0.000031764276422760091291540296
0.000030717363170396747734137988
0.000029525084746288900871971986
0.000028271758155201671795526269
0.000027093677813775928110576544
0.000026184809654342640155254285
0.000025797476626895927541861103
0.000026236295426493771911630182
0.000027844026775129774729962417
0.000030978720865463052740879091
0.000035982548897936430121885509
0.000043143927954504554598928745
0.000052655831839418103820869149
0.000064574354420589565278602862
0.000078782453753664923663986575
0.000094964164327833927104274836
0.000112594274129076548111513811
0.000130947450219434424799683225
0.000149129085338859149710566410
0.000166127858981256692431222044
0.000180887389547210479176508890
0.000192391706963724494960574218
0.000199756946511800567104627513
0.000202320000133405006716505459
0.000199714155662339117123377230
0.000191922205942895735680808755
0.000179299186125226375212657337
0.000162559713213088468525269192
0.000142728614816501887764196854
0.000121057759553662400999439475
0.000098916247287484217534658804
0.000077664834961060029818250006
0.000058528124571347797525707607
0.000042479168813057511058274562
0.000030150459559291369109274364
0.000021782677750391035947745422
0.000017218285664371074596308564
0.000015941489727693963367226651
0.000017159987549998187319859333
0.000019918090992498171704246090
0.000023226186000678313833605823
0.000026188848699842409451519001
0.000028113838163348751127829095
0.000028586810128471072228175873
0.000027501678522644093445896282
0.000025043384239129843282182369
0.000021627345736432828233715767
0.000017806803244601846381457017
0.000014164395778788060821680450
0.000011206662590890206033849771
0.000009279245364498188195054480
0.000008516490050031362896349775
0.000008832623358500964256992231
0.000009953918839100616444714488
0.000011483749634761249792990270
0.000012986601229456588455987709
0.000014074111201747721653504408
0.000014476568201250749465453828
0.000014086900263246117671867529
0.000012970207838547585395250726
0.000011339051633097671986107578
0.000009501483438046916157383205
0.000007793825704009274047724676
0.000006512500853386813193051340
0.000005858443999785027318826566
0.000005904137754049603399922851
0.000006587992777299165917076311
0.000007734912828024324030163836
0.000009096721545650131871213820
0.000010402732190761613520393197
0.000011409682663046582262755292
0.000011941542316969804140647585
0.000011912809152821589618121215
0.000011332983656730844339841947
0.000010293935101252453919373417
0.000008944995506750050550401690
0.000007462266306093096614431969
0.000006018652002463160819367358
0.000004759787118704533002825664
0.000003788826326979890104856234
0.000003160670827955441968682001
0.000002884199008401649954154650
0.000002929854407957534316857707
0.000003239653059700501495850626
0.000003737181926460484653453129
0.000004336161694810458324842936
0.000004947256076518324405667630
0.000005483678724495489726329951
0.000005866554271040791102519423
0.000006030872931506319339640520
0.000005932336387676208323219834
0.000005554633652661882379955420
0.000004915958701106404313339697
0.000004073110882496698742277676
0.000003121452800512645073499444
0.000002189385987796500067310889
0.000001426789725303338950905107
0.000000987919612592844385132629
0.000001010395863981954095393704
0.000001592923066983882188034621
0.000002775078687985756820252523
0.000004522726664131498552272412
0.000006722252011062761416855440
0.000009185848304792653529595239
0.000011668594534730423027831490
0.000013896208679199841193861210
0.000015600436851872675721782796
0.000016557369143951118525782615
0.000016622916867174706477766968
0.000015759529010185621808372985
0.000014049119043198191763600902
0.000011689072113843631669171351
0.000008970846538673927985253070
0.000006243624808371451923515952
0.000003868153073051394572848694
0.000002167787243799653539705601
0.000001384424872859977142196654
0.000001646268147191174898173651
0.000002952347399374758059060336
0.000005175823676905437114366838
0.000008084862746182650423401247
0.000011376973615706134293360310
0.000014720691496662232386569841
0.000017797710322585770547406531
0.000020339107150529374949026254
0.000022150942470238200988040533
0.000023126842491459339499733708
0.000023247642755027072197565249
0.000022570290888215322242611391
0.000021209598216383730132257590
0.000019316925933581601221127044
0.000017059537438730495995109493
0.000014603365398264846734431230
0.000012100650546588521879473946
0.000009682640306872122637005598
0.000007456553249757326258203606
0.000005505468545367447750398318
0.000003889707365715907731772497
0.000002648546427119618090751090
0.000001801587099334999981478959
0.000001349625370300715630997334
0.000001275285251762461642151660
0.000001543904349019073859433497
0.000002105174217568321991511096
0.000002895875530170136783917690
0.000003843781105027389561994144
0.000004872512327206358266704772
0.000005906899891810069132475677
0.000006878266405045593948107754
0.000007729033621376719509054459
0.000008416150113188276550265157
0.000008913005153702028949907164
0.000009209701573074323524602594
0.000009311765407197510212755805
0.000009237542941067994602751152
0.000009014658240014185669138937
0.000008675970948834864991780665
