0.000074054427963860848267013681
0.000080532007151425292839318215
0.000088026184994044321513971540
0.000096463177237540224354291063
0.000105758657123642947715108642
0.000115816069085771368527698622
0.000126524580342791438669625137
0.000137756841554362925890420133
0.000149366769996510216503629587
0.000161187609205956080887442439
0.000173030553445858195334497442
0.000184684248481460378801463640
0.000195915486323378198801545280
0.000206471395115517299123641948
0.000216083381205323706974325004
0.000224473005054068373669007297
0.000231359864652060337290861991
0.000236471421065058965598273955
0.000239554535734670117578387627
0.000240388307095667000650579537
0.000238797607645330331113675548
0.000234666547790661402525871915
0.000227950947940046971806893339
0.000218688804663392697639340279
0.000207007708723143260889920647
0.000193128227860558503983443024
0.000177362415816663735162322935
0.000160106854477957738546248234
0.000141829972769753177115267806
0.000123053798574845982705810998
0.000104330762916452464222037688
0.000086216653767348568884396065
0.000069241267284792548490635067
0.000053878679507948486291507573
0.000040519313604266642527343412
0.000029446063319028435364965723
0.000020816619514904144297526983
0.000014653816926161727370947832
0.000010845277014779774297256569
0.000009152899132347929678980673
0.000009231900384828305245669793
0.000010658201792166555917215284
0.000012962098320320806740021252
0.000015665433959684166320171228
0.000018319025753266149608017299
0.000020536919183391389852767067
0.000022024256500337691230730769
0.000022596102610674245319286393
0.000022185456559822536003060214
0.000020839791829538249458763852
0.000018706690469608070576893605
0.000016010317816794709271967234
0.000013021477628662343683173773
0.000010024662684110232526812738
0.000007285783099651217963087582
0.000005024077138936015208419989
0.000003391110784293371735253304
0.000002458834211518180641847364
0.000002217513199338200846540700
0.000002583146378580568435347296
0.000003412874262115534436195195
0.000004526023109125023148949230
0.000005727906586261027390707349
0.000006833379269811899453643169
0.000007687389899742286492002538
0.000008180358456871130744584263
0.000008256999466161908933937302
0.000007918112401049637013097926
0.000007215734387281834668671256
0.000006242792203965946588666795
0.000005118921216776032221665218
0.000003974397102182889960372923
0.000002934149080396372188202139
0.000002103621092795148291758681
0.000001557873866511658941688646
0.000001334842175359615575714429
0.000001433144714395281776140732
0.000001814347396687569804432823
0.000002409149016913469421063195
0.000003126619527570310307144864
0.000003865389371324952292035149
0.000004525566018012132581702176
0.000005020136922035470679857600
0.000005284699417804363970048269
0.000005284529641200808033961282
0.000005018255654719915485959935
0.000004517723204815620584469654
0.000003844019086786271832559617
0.000003080021797308153049416721
0.000002320247273203876273037433
0.000001659105846515411241130951
0.000001178937569205476498148256
0.000000939301813224076596330905
0.000000968929727498722302695051
0.000001261490740797159210216487
0.000001775889390869129985320177
0.000002441238348486480883579083
0.000003166016822974269243388089
0.000003850309224522316735273789
0.000004399522402613809759803088
0.000004737687432985169320011441
0.000004818425323676664084816997
0.000004631918550202004038912097
0.000004206759658293749425692163
0.000003606276201001883013647249
0.000002919752490310189191628429
0.000002249755812651585439899959
0.000001697399638156921961853682
0.000001347731826068025498939701
0.000001257455441068562940524177
0.000001446860941256481734352741
0.000001897216511313138009349336
0.000002554025365841822876324888
0.000003335648442344888576469074
0.000004145955559019699477847978
0.000004889044167268637271423545
0.000005483753922342937645885950
0.000005875756824022957776267485
0.000006045405433265549359391888
0.000006010206164497509445036449
0.000005821635660654407976087685
0.000005556895184032937302259000
0.000005306959253612656885238340
0.000005162801927978814163977192
0.000005201901013109441191783599
0.000005477004542603391537059811
0.000006008727817931783002337008
0.000006782912968731245581847315
0.000007752937675069705201840418
0.000008846427775405377448808379
0.000009975222471250855266070370
0.000011047045410111539461331907
0.000011977195002877248037405529
0.000012698683824753105299455377
0.000013169590347603408385336252
0.000013376866743564433054141348
0.000013336388281297104497612888
0.000013089546692987347517979704
0.000012697109182781340046665755
0.000012231337516762541656428591
0.000011767467494833163229239412
0.000011375595694397084629194764
0.000011113838163559642136912070
0.000011023359736654025312508481
0.000011125572920624605339546577
0.000011421518195131522062260414
0.000011893199018738995106610548
0.000012506476671763934991905148
0.000013215039423580005880720992
0.000013964941843485318716581133
0.000014699248928295776542101402
0.000015362397195968186360600510
0.000015903981811795072438993348
0.000016281778875492228036373638
0.000016463903590239762557249914
0.000016430081655082855580886012
0.000016172070808838044777893880
0.000015693313061087558644372125
0.000015007928425430372364169328
0.000014139180848714611270894835
0.000013117558826476836270069626
0.000011978618253122264128733218
0.000010760733827819438459833662
0.000009502897762204017448567188
0.000008242690521863896212467586
0.000007014528178483553183758612
0.000005848265589069949658778368
0.000004768205657357165015589138
0.000003792534482785531624749603
0.000002933172597232489100551028
0.000002196005953320315374338850
0.000001581438685311468890051551
0.000001085194142273582253551334
0.000000699281847354157632788306
0.000000413045783828127448380563
0.000000214213151774496492339066
0.000000089871537008263719925594
0.000000027315168864040919539774
0.000000014716459321921877782619
0.000000041596200196818138931746
