0.000006988692923179539171006213
0.000006192988939268769104924510
0.000005670590656763905511837404
0.000005373273829401318822164037
0.000005253496077775224705821988
0.000005266485430871355687392626
0.000005371616444944460680432918
0.000005533165994765637224863438
0.000005720567872950652441477615
0.000005908295132499293267878699
0.000006075495741793579460552927
0.000006205494761532600845276280
0.000006285258621923029929425778
0.000006304897151634972232389122
0.000006257258915252621161030410
0.000006137656463442244217008047
0.000005943740888892052360735398
0.000005675529646363356262668467
0.000005335577585145862995470549
0.000004929268029895644522486373
0.000004465188083489270910622464
0.000003955540036297625818158784
0.000003416529441470300001120050
0.000002868661550038461884308983
0.000002336873861892556273440417
0.000001850436768783353930467031
0.000001442570030260212209799204
0.000001149752643403373435329650
0.000001010747799971779067336854
0.000001065419617073529561239627
0.000001353475925663703738653166
0.000001913318409125870930918411
0.000002781201045419066614179182
0.000003990873055434820517784790
0.000005573801018164745355834740
0.000007559924727465408019312990
0.000009978716986290320814208601
0.000012860121916789063074566639
0.000016234789562825484445602806
0.000020132965875015608453848029
0.000024581491516483229087339929
0.000029598643369028838846952756
0.000035187013010127169234698974
0.000041325199543360359216628147
0.000047959690632447585754982722
0.000054998767373098622038458949
0.000062310437382351194311042031
0.000069726146783770308443424490
0.000077051287081973473353999071
0.000084082343112561446635266904
0.000090629087489392306728475113
0.000096538783864342714237556653
0.000101718245213050024122400372
0.000106149126434128049161972895
0.000109892248869441613097659716
0.000113078136233978258202124978
0.000115883162245652569961873457
0.000118493438742635747037111604
0.000121061315974704705690154216
0.000123661556738096143183772146
0.000126255357524909556272973976
0.000128670058498169253159010283
0.000130600502639433306475286178
0.000131634771347060761884778524
0.000131302929883075756483171159
0.000129143167413818939302100341
0.000124776106250438703756597270
0.000117975809468305462609366563
0.000108725645326044486975967940
0.000097248852213819886487755628
0.000084007191461340743107027995
0.000069665923863686674954304179
0.000055028685272151241572591296
0.000040950741138196474259124125
0.000028242704838743043347553188
0.000017578469825719829393783841
0.000009420536230061965732264159
0.000003973212944683198854633338
0.000001169827340055448126245204
0.000000694839587554344342899913
0.000002036535787183625957337367
0.000004561630043486785925825958
0.000007600317970165686063896155
0.000010529467721498504993249759
0.000012842730391278166154076304
0.000014199084820557140708364649
0.000014445133012923596981880517
0.000013610629922649112355016211
0.000011880569185267118341377442
0.000009550087102149350818053666
0.000006970138639540803070888345
0.000004492239661574105946217992
0.000002419691332477322757283072
0.000000970913139052221706775335
0.000000258210387842636536840908
0.000000282897004792452589200236
0.000000945527774684670332269406
0.000002068301760343793087602643
0.000003425598028272235452196866
0.000004778109943558587106935808
0.000005906096718461130068889182
0.000006637774440039394475065668
0.000006869717209999196184553802
0.000006577230390985844514365518
0.000005813895685397241357996422
0.000004700773021194824591219991
0.000003406967292524965706555437
0.000002124306258225169918125389
0.000001039602539343991055269668
0.000000308276310106701018300986
0.000000032925676589742423700361
0.000000249743673256570562348313
0.000000924568060182812557012771
0.000001958963233698889996485309
0.000003205279699852626950452384
0.000004488344361644297476291593
0.000005630512095814889807871787
0.000006476402494576293574629622
0.000006913812521157592790271677
0.000006887993736088220273676517
0.000006407579434462132711165360
0.000005541747790421839089817016
0.000004409493030669878765892035
0.000003162945187701749373955593
0.000001967378361278862055201407
0.000000980798870415859214703025
0.000000335809289436263368923153
0.000000125875100589236086791510
0.000000397302881905729113711564
0.000001147324067132901549435410
0.000002327816515756629815226981
0.000003853512114670346254917659
0.000005613114328936171284198994
0.000007481615571741061842332872
0.000009332240143133991951466220
0.000011046781855281124077911188
0.000012523566839373453786032724
0.000013682753466999243989899587
0.000014469095153615530141132800
0.000014852576210829851512400419
0.000014827459325028843656509026
0.000014410265996940197058529508
0.000013637089234125629349831006
0.000012560469625456591936832167
0.000011245912259343283690115126
0.000009768030144495261419992742
0.000008206293171663112871695375
0.000006640435549629942720614023
0.000005145699971943882403721364
0.000003788229730649959357889449
0.000002621015038488990956029069
0.000001680822204708540241286860
0.000000986468985832310921440125
0.000000538664212417184492010815
0.000000321432375781758020464126
0.000000304934014914450808063427
0.000000449312079503715262606295
0.000000709076576494379317235658
0.000001037503356298557213925572
0.000001390568716366662660785915
0.000001730054311087661482544057
0.000002025610305149555246507316
0.000002255728210442808821881979
0.000002407720353575928908304972
0.000002476910058530074714951748
0.000002465295340974633765489775
0.000002379959453785977395098850
0.000002231472420328531522506826
0.000002032471949412326126454620
0.000001796544218636760796632581
0.000001537457486338253121572290
0.000001268743202537681095311436
0.000001003574828783185267738168
0.000000754864805150255052825338
0.000000535483386219876599606984
0.000000358496758661150646737290
0.000000237323583046603763546350
0.000000185717599166784993030004
0.000000217499230323660998398232
0.000000345982193771613602851773
