0.000007297699128505076256786394
0.000005993329056352240573953428
0.000004756419252364860140655511
0.000003640892407799773838894281
0.000002683302242895579879216608
0.000001902828961197878267807876
0.000001302365119126309351877020
0.000000870519411237196618021420
0.000000584398066111726654194209
0.000000413040436141081428598663
0.000000321378523448780209536071
0.000000274557586419859219872814
0.000000242401002228927894253274
0.000000203737245922663151163657
0.000000150244291988716441509520
0.000000089422880032714722792800
0.000000046299959064724091537596
0.000000063498661872675049434320
0.000000199396944666616309946330
0.000000524232110051131151203245
0.000001114184514557497185314994
0.000002043677199611208807706947
0.000003376342337329829888992920
0.000005155312989733593220386017
0.000007393683327402200268865275
0.000010066126477785492906633601
0.000013102749988466441132570033
0.000016386284566338922709773443
0.000019753617433918600548251737
0.000023002468726350208151620880
0.000025903640959374123946355045
0.000028218732682706247063761373
0.000029722508064389869842118405
0.000030228302599059141239808135
0.000029614015978720426795073317
0.000027845535484300966064512978
0.000024994015334903158876214690
0.000021243477505942219980524313
0.000016885826120421492974477823
0.000012301627040151396052505492
0.000007926826458997732931591185
0.000004207764507975579379287813
0.000001549059055306226063210588
0.000000260790260812327027673078
0.000000512499230391180490609671
0.000002301492627865401648389098
0.000005441648113646591133701295
0.000009576394150959398297319990
0.000014216088559241754889911347
0.000018796158208185390677685822
0.000022748743560447334219635704
0.000025577896606286505622358807
0.000026927178067920399167972309
0.000026629121666484604656274793
0.000024728487758874696540029037
0.000021475173942706125146395735
0.000017287441117758849020834971
0.000012690915238473994891750009
0.000008242773299733983596469453
0.000004452895998360136655726000
0.000001714138831287445041153504
0.000000252186906888196985019148
0.000000102052260851428290271289
0.000001113794846373055305539584
0.000002985323262232644296848127
0.000005315987443991049605129980
0.000007671785157852111986290754
0.000009651764838345900512982072
0.000010945690836614725140966270
0.000011375009815832371723562551
0.000010912159629314788239105513
0.000009676723929078230178497944
0.000007910293332930637055983893
0.000005934686540302114624283875
0.000004100111251350486329036657
0.000002730776474486779848631184
0.000002075424747378584922383833
0.000002269357813638322329428607
0.000003312958278741255408079980
0.000005069652593738884852341171
0.000007283902123524733542958131
0.000009617330535170866590856907
0.000011698691944086440461128377
0.000013181281914699053480302150
0.000013799858622233076191712121
0.000013418463337422338070765472
0.000012060974333519057743969657
0.000009917969090880986320394284
0.000007326503643499957649687544
0.000004723498155379519830598424
0.000002578024378678524899434227
0.000001312165081959777029625008
0.000001223369271048895219744100
0.000002422514603330080083798403
0.000004800614921598318300666446
0.000008033125239113412605486235
0.000011624515229476068428767464
0.000014988195769338759949138550
0.000017549420982596612890187099
0.000018853053474697069536369573
0.000018655499925625693906187930
0.000016981593103319470586731396
0.000014132805370272629648408826
0.000010642103059067921364054359
0.000007181346775157862504304629
0.000004437248195871654576189456
0.000002979281985343449606754886
0.000003145834558557571947689201
0.000004972343484431816973054524
0.000008177484661619922450557021
0.000012212007015704187472921946
0.000016361917195888135863595519
0.000019886133964242807951362801
0.000022161045618349128530745820
0.000022802426519212133209637758
0.000021739497286530011890045427
0.000019225744847884132304261309
0.000015784387766928867238933748
0.000012100189327004956551560311
0.000008880620619705410399239570
0.000006715629151679007121007476
0.000005965084072541846655225294
0.000006696435243448410775356228
0.000008683795439227894058130050
0.000011466184485537952270853973
0.000014450165580758513156323618
0.000017033360797634255974540921
0.000018722184930450372759803621
0.000019220024996553508329476950
0.000018470012606770561510100351
0.000016647352118024304982318862
0.000014107198864201101203117057
0.000011302800240631800645025110
0.000008693254072792067814814954
0.000006660175896221513523244064
0.000005448355428428758651169909
0.000005138598411190568518566377
0.000005653313818247244347699448
0.000006788847785764577815034379
0.000008264378858202445305640264
0.000009775890554812236948574802
0.000011045063205129908350194193
0.000011856038172811712996064168
0.000012076810886205103980767239
0.000011665488150017658893105310
0.000010664105872006321632633995
0.000009183881152329502264310655
0.000007385799146085977814901475
0.000005459701303329973299041655
0.000003604020381436410704479711
0.000002007395301416443156121688
0.000000832818557219423324679806
0.000000204750137934207193651245
0.000000199655735495929442190847
0.000000840506680059922102548578
0.000002095744321303670048759187
0.000003882968976787803360155738
0.000006077169176637439743863655
0.000008522752246849949012705641
0.000011048109747247092255200036
0.000013481086280072767516545300
0.000015663610231706158449054705
0.000017463916913530072832615864
0.000018785207890144864421822987
0.000019570153947438920791560002
0.000019801248692192526630259652
0.000019497546310095882171435633
0.000018708690336053025753864157
0.000017507321460204958672984138
0.000015980944741097733357909280
0.000014224177250122153551162643
0.000012332042944175059448193126
0.000010394693667711979242367949
0.000008493666451623876239348382
0.000006699574153416721502911878
0.000005070986415118076161073161
0.000003654191305722086484402853
0.000002483523130772994927465682
0.000001581980821145355349134480
0.000000961925362592044844284290
