0.000004243962739348951299078998
0.000003093903010937398495388238
0.000002156451547383698424541383
0.000001461870872835856705201116
0.000001020931276543005922902412
0.000000826290527572879592019327
0.000000854908965049550872701382
0.000001071194064314096622251454
0.000001430567078881440821428329
0.000001883169166538908182039641
0.000002377469315290478802201639
0.000002863593496063847342497947
0.000003296254785373754861996579
0.000003637218497029334612089067
0.000003857276428539160975693736
0.000003937724516852348081075077
0.000003871337013238916660562688
0.000003662811582043269177812574
0.000003328632964730432853786178
0.000002896281930831942212937677
0.000002402716690453258839278673
0.000001892088727215358906252928
0.000001412729761424739488215579
0.000001013555614303414457278525
0.000000740157522794968468294382
0.000000630962378065217173014260
0.000000713905891239610098235086
0.000001004046621450543672846587
0.000001502438725577581158477725
0.000002196385125841471315922930
0.000003060945104358122907032939
0.000004061328058499915782833620
0.000005155635305074415957490679
0.000006297373310935942612275983
0.000007437285759719848874738438
0.000008524326870303259944504359
0.000009505965082728477438876562
0.000010328366312281736559899881
0.000010937244230245530085088128
0.000011280180560511965146106191
0.000011310957067266018326811249
0.000010995919739297897851828395
0.000010321710571692047217137733
0.000009303014785879042608052539
0.000007988474541086454660003199
0.000006462791494937441898714636
0.000004843391111857136059842908
0.000003270856692015725503174320
0.000001893542929514866790980136
0.000000848118983992753018385071
0.000000238972764495500241260773
0.000000120130871566324257280551
0.000000483381344330780324963521
0.000001255531492249574214032921
0.000002306264906982678300766294
0.000003466126554508411325753424
0.000004552139718906853252855440
0.000005396874950689828636263973
0.000005875839134820479741825282
0.000005928087870688300120135955
0.000005566039876026368099775233
0.000004872415149178378292237155
0.000003984657805840168042030985
0.000003069645669822396332918979
0.000002293421786669086120334085
0.000001791695732485726714897567
0.000001646733599595996795167613
0.000001875004995236638832351505
0.000002427840431367991017610987
0.000003204809301526077308397986
0.000004077075361286504007966424
0.000004916110515564531744899576
0.000005622203102386571187251349
0.000006147336559419752840800841
0.000006508168189976109245910643
0.000006786740032509944452491710
0.000007118810231316550487731809
0.000007671869128393293498814620
0.000008616613330872167463968941
0.000010096625664346508424273723
0.000012201138936461709775930552
0.000014945096745913153833597992
0.000018259446425822736857855905
0.000021992969939872087834463465
0.000025925263574718379643632010
0.000029788972439141797783363624
0.000033298259791652497110829578
0.000036179847868279288805332811
0.000038202826545781184194167102
0.000039203741804560415643889082
0.000039104156553545257315671058
0.000037918810775633247792462677
0.000035753583369484563301253510
0.000032793570725616644375138148
0.000029282655070989147168269984
0.000025496856610351886849707287
0.000021714471127440878299051305
0.000018186417509593553196514670
0.000015110295034008292846031650
0.000012611334229133964437898768
0.000010732706235361507335129491
0.000009436569427337927764795102
0.000008615871811008086076310274
0.000008115445902181637861743345
0.000007759530629444555109726876
0.000007381757698817367166922027
0.000006853061033618038514815020
0.000006103065325695222154644103
0.000005131344722136860750014414
0.000004006450196498228017599232
0.000002852584382207519159109022
0.000001825940225802307145491050
0.000001084631922611544370155679
0.000000757453727248909647733221
0.000000917108824056312345459566
0.000001562917485912477363923156
0.000002616404621597052120474548
0.000003930851598626055495009669
0.000005313309492474217046796385
0.000006555222555254049018576626
0.000007466182195769851813221991
0.000007904763235713293902432418
0.000007801004609482841420722843
0.000007166752839286971649222346
0.000006092431736365183251929664
0.000004731337526116754901622709
0.000003274760664859326363015880
0.000001922673430887831770217094
0.000000855152734205911322940561
0.000000209119550558769812513316
0.000000063578246887445942277707
0.000000434694060759907926315421
0.000001280177283506422268545208
0.000002510928110858865651769389
0.000004006993258183256242184380
0.000005634684896101837792397726
0.000007262140450600243421757241
0.000008771460196641303711266244
0.000010066589611749990928785299
0.000011077064425105581193836853
0.000011758421718990473054831589
0.000012090410160475105767600469
0.000012074116565592888332533392
0.000011728854146324090847956084
0.000011089262672416591955963996
0.000010202687515692578481066310
0.000009126636453660965208191207
0.000007926011443626557165698272
0.000006669873039710211299745547
0.000005427669312885874697033762
0.000004265077496842276581453298
0.000003239793781079188348542581
0.000002397712722642124370163669
0.000001769940504309718186734405
0.000001370993926765383071254443
0.000001198380333744709413379133
0.000001233573592359278614256218
0.000001444236426112243591133059
0.000001787416995997616299478002
0.000002213379431223230753809916
0.000002669711651525946528667153
0.000003105377510058781861322337
0.000003474428773937521278217808
0.000003739152093444064530071555
0.000003872487674817755838141235
0.000003859615496980874907104186
0.000003698660671394405227788973
0.000003400522296925693803112175
0.000002987879696758425519126107
0.000002493474547949752662568280
0.000001957804133046019490687695
0.000001426386450530144994031751
0.000000946769859318128758345773
0.000000565457908102919814149177
0.000000324905997758351933040068
0.000000260724621914888388041676
0.000000399199436225218377910848
0.000000755216688390466795126191
0.000001330667841601261407676634
0.000002113401718913916836183747
