0.000001095816708804601888181023
0.000000485682680830552253026234
0.000000127375612555658017902935
0.000000022888895432800593607143
0.000000158771122893908761633078
0.000000507125175457552410778481
0.000001027323837237218206655661
0.000001668415295080287803926571
0.000002372176225300859294813126
0.000003076734901651463190900941
0.000003720634904606982949380137
0.000004247148863919230934148036
0.000004608591559470391058994220
0.000004770334198273020373504659
0.000004714197369085500980302045
0.000004440906520828231412068195
0.000003971333525966874505516713
0.000003346318234339010447856095
0.000002624957239769982447600595
0.000001881352550373845542488463
0.000001199919122900151288585988
0.000000669448297233894455820764
0.000000376209745381115307853297
0.000000396449014308283308756617
0.000000788707270076773871522345
0.000001586462480543090449854548
0.000002791672337532715766352746
0.000004369886078744884986082859
0.000006247669863599383349673719
0.000008313128615826105528505141
0.000010420263456826250563608781
0.000012397729076892535475941208
0.000014062206543538665872100993
0.000015236062794472598688755305
0.000015768245724045249687951184
0.000015556532844776644691981229
0.000014568438645862805160533827
0.000012857466425201695276446003
0.000010571164261936447819386492
0.000007947795995563715178221058
0.000005299485005695462716047463
0.000002981433832694581694569514
0.000001349115753480690349831186
0.000000707861030156768557879631
0.000001261568809007912301097453
0.000003068842909291432975309221
0.000006015183893220014625235082
0.000009808628655993794815434565
0.000014003332303647951625948792
0.000018051293302073811216507115
0.000021377340457190883939078002
0.000023467521392078448676417335
0.000023957185566668979300603004
0.000022703299552037474462462541
0.000019826531225337217276922727
0.000015712565336958586934132040
0.000010968537738198730433630823
0.000006338385852233145907087819
0.000002588862325627716555015130
0.000000384340301427197883121296
0.000000171924531724747375053186
0.000002097855476755411636773877
0.000005971590384591901100124443
0.000011285945644860256609773655
0.000017291713363004190541190666
0.000023115120971717301309386605
0.000027898369069562095216635242
0.000030938906497583222522836099
0.000031803038202854312069441101
0.000030393966538571653464165592
0.000026962583648705097297661529
0.000022059674680359537055204452
0.000016438675114421361604785318
0.000010926776805850194675693091
0.000006287422675951569013227428
0.000003098187864583359913919118
0.000001664666314743239977744400
0.000001984019977942296118962086
0.000003762680036390231882829915
0.000006483032735309656894922767
0.000009505508699787464706870699
0.000012186765963600534743360368
0.000013992529960424222596881288
0.000014585386391964961548344502
0.000013872995906909498412353833
0.000012009807438823386186192363
0.000009353980414896301498689848
0.000006389316039218058698668980
0.000003628087380696169182768378
0.000001513658641231862573490780
0.000000341176794488863006386343
0.000000210560821833788304467377
0.000001019323478548937662833420
0.000002494774267578674868916762
0.000004257469539671932643614717
0.000005901936808252384361042284
0.000007077862358960507901625182
0.000007555613479759801687663662
0.000007263931180668315826004684
0.000006293930823951104179384865
0.000004870749962222725179897004
0.000003300691681840825685625160
0.000001906151537929909955357841
0.000000962145165522662428113192
0.000000646745297852603436982062
0.000001013775720349156670352028
0.000001990806402916410658258690
0.000003400173639858942499660356
0.000004996600249839455494418970
0.000006512776077190372421544216
0.000007704162656653182602380266
0.000008385937282983050314539089
0.000008457643751839303053918946
0.000007913915771340241574216025
0.000006841893888926004732489033
0.000005407325146617621950025090
0.000003831867373145831776515193
0.000002364162853422875681447994
0.000001247242806046084684921168
0.000000685098513668667309645241
0.000000811855812490076977989343
0.000001667656496714888912245769
0.000003185614064715444076781323
0.000005193593296654738633154769
0.000007432797302056718985897171
0.000009592340068862412227109621
0.000011355654701004593747429294
0.000012451551068735977067267022
0.000012700870002880511972984112
0.000012049651686543758186045266
0.000010581769730417619587345933
0.000008507759390690177223439197
0.000006131279689446515507485203
0.000003799203987171681021748661
0.000001844652548123271373962896
0.000000533587723663064909503453
0.000000024617613921611486628465
0.000000348691040001516872108784
0.000001411173569386241391607640
0.000003014375340406145740751627
0.000004894937634923160314445213
0.000006768293977547064407937396
0.000008372007908817911899001032
0.000009501019599424154090912611
0.000010030223218956909491577159
0.000009922677484007369976709047
0.000009224455625159834072494293
0.000008049157846579699742252736
0.000006556175497360594166306250
0.000004926906450031491517646716
0.000003342475340260377173845453
0.000001965423120816209704347704
0.000000926625144721833742255139
0.000000317639209881336689837304
0.000000187931103863029290410949
0.000000546018662122222809707109
0.000001363469933968882277422864
0.000002580789310712541375432590
0.000004114418667986047995638061
0.000005864279255326396248513068
0.000007721430295978482912714995
0.000009575505595609838438214342
0.000011321622453659755842283151
0.000012866465789994911201503738
0.000014133264421148390287564373
0.000015065417378624519867229281
0.000015628604402589161648327171
0.000015811321407459737263100780
0.000015623904273815247367544756
0.000015096223827937225563924559
0.000014274333190933627006418902
0.000013216412460965577842903450
0.000011988378481230911809995651
0.000010659509941254762658050491
0.000009298386905341879464211366
0.000007969369606017676259195580
0.000006729756161981207235832630
0.000005627674594236485122690158
0.000004700691119646285526625148
0.000003975061545550921253714891
