0.000008750937522020798780652932
0.000007389476125915417137118499
0.000006295702896650307054478204
0.000005467574215170767056373724
0.000004886663167582134462000373
0.000004522486196456643731795243
0.000004336812691012918213526433
0.000004287656909284968893879622
0.000004332749622809310170853600
0.000004432380166046372045064988
0.000004551578988503412200419037
0.000004661670589529241979739362
0.000004741264715405413516862657
0.000004776771083092350283767595
0.000004762523534975527594534112
0.000004700589240199273264643205
0.000004600324326547081817096688
0.000004477726547620134184160643
0.000004354635262315103033279543
0.000004257844757813413958096732
0.000004218231797663741529770889
0.000004270051097476101072505147
0.000004450616357742847198721882
0.000004800645687345993968824127
0.000005365587753128157640482385
0.000006198232260518489971203374
0.000007362817297206246175064748
0.000008940653433328879775491942
0.000011036980292283614195607971
0.000013788367630041276429221815
0.000017369510768588485017088069
0.000021997821834574006179350431
0.000027933882761366736415149792
0.000035475716472176782015270774
0.000044945055366143104799703245
0.000056664414827472907440139571
0.000070924828743033292211862817
0.000087945509517764418306283447
0.000107828305135162510358139143
0.000130511410531002080854384717
0.000155728069724491693850282337
0.000182976692577392928201404643
0.000211508667591285998707886784
0.000240339043521879761880141735
0.000268283185416241841750317754
0.000294019656484340269168853421
0.000316176262536256775549647902
0.000333432863069913702335628214
0.000344631696681840988573386486
0.000348884055033757325275933781
0.000345661528458520524078462222
0.000334860923381694324148238895
0.000316834290328528033094113159
0.000292379057055638263452890246
0.000262687603406584248028760031
0.000229260187246173167182478059
0.000193789336102080883648263177
0.000158027104669715396474335978
0.000123648538037744449820734549
0.000092125033867120374253892323
0.000064620038799381203245900118
0.000041916832675612552996761984
0.000024384415369503348487711936
0.000011983203560045161352909555
0.000004307907668931307799899295
0.000000661108858162700373360557
0.000000148121129686752288896301
0.000001781996979530009262828534
0.000004587147171499698404344668
0.000007690960690352189579790249
0.000010394846119273121637675492
0.000012218971840568195364080950
0.000012918288906177854724914231
0.000012470780969841633104011613
0.000011041922893987087342122094
0.000008931723026226392274352049
0.000006512239590984048918475939
0.000004163971216860065449128295
0.000002219013010941683614106554
0.000000917445184001023533205965
0.000000381286564094686449726598
0.000000607786950297274278283573
0.000001481185595366447257532883
0.000002799672428645921909732761
0.000004312462707843281580974426
0.000005760864922814816682227358
0.000006917102952216287250228419
0.000007615430410737829176610458
0.000007771598359232425765833613
0.000007388746554336316315530001
0.000006549953482101250502726061
0.000005399657779340391620330041
0.000004117653917027124532983413
0.000002890163778719069119261002
0.000001882516093280453892941416
0.000001217286082641900511551979
0.000000960533976807610719543659
0.000001117286403152159088861478
0.000001635906770605927002445990
0.000002419747713317875862130361
0.000003343644907655212179646044
0.000004272472911402597995559997
0.000005079114939424757674518284
0.000005659692741028383255574418
0.000005944605503547810899554141
0.000005904676039507357053915532
0.000005552365049493790708726865
0.000004938509128307413980534316
0.000004145344565497861108081205
0.000003276727257541022802789796
0.000002446509770687808402850859
0.000001766054212111699340853783
0.000001331888397912485782711468
0.000001214561865432164078067254
0.000001449798695555244393585732
0.000002033019418520215643300187
0.000002918150440437167332204723
0.000004021309020586814307618179
0.000005229435634782419313698696
0.000006413285432768630475665501
0.000007443479314567727325496673
0.000008207682698336208465799552
0.000008626567114426102094782746
0.000008666135733157101579313651
0.000008344325328602261881050413
0.000007730524836278295877666812
0.000006937682130858632064285968
0.000006107841165606032091161051
0.000005393052861190314833353572
0.000004934424575115802561701018
0.000004842446986730752667453179
0.000005181577474090512137059120
0.000005961382665207039748380205
0.000007135470092162108605039067
0.000008608169580323724338552505
0.000010247696584373353959865512
0.000011903566607247494069880128
0.000013425496543815299167875729
0.000014680997283236256245380832
0.000015569301408811086752338390
0.000016030060077435143666259657
0.000016046206781710872958527161
0.000015641330701380306726416478
0.000014872663602232557791436515
0.000013821254208441779388004921
0.000012581046669122117697792000
0.000011248426788916509060003296
0.000009913432172394066039361991
0.000008653345154886203896191753
0.000007528903122684699216653550
0.000006582950522979501484970369
0.000005841069248663326863972318
0.000005313574687441194489964311
0.000004998242113607434051114273
0.000004883203715371798469711481
0.000004949594729977963754601229
0.000005173692972603236994862900
0.000005528460011867216452848342
0.000005984532261884689567437660
0.000006510811753097048117165484
0.000007074861701825954215182811
0.000007643319982607138824847078
0.000008182508867413681665934841
0.000008659351840941135181853490
0.000009042621948299098380607067
0.000009304457223183252152732756
0.000009422003253840634888461279
0.000009378993902351834209790531
0.000009167066440078350646474166
0.000008786628269157829157487427
0.000008247143875228455173133531
0.000007566782425665021878842271
0.000006771445259432517935682325
0.000005893264871423775790623516
0.000004968721531950721460662527
0.000004036553123086083876003283
0.000003135635857628827987374220
0.000002302990988472503924080212
0.000001572032189163555631665156
0.000000971119284981399027702155
