0.000028603439419758288004332764
0.000029124398466620675602137269
0.000029800300841848902273778510
0.000030560808190318215847147004
0.000031324697606533866351460199
0.000032004324255446908915629517
0.000032510138230621006235395581
0.000032755170535142445287311169
0.000032659547111107361356489159
0.000032155167285832843304151096
0.000031190681614825174219028658
0.000029736821139040387553280007
0.000027791973021608312288243531
0.000025387685288695181155121938
0.000022593547292138131378719593
0.000019520675845663118037247655
0.000016322891717411015485069553
0.000013194650588828186433209243
0.000010364940135619170994449138
0.000008086690642319440422512017
0.000006621755015392946041284401
0.000006222137503072137869179238
0.000007108792310211996967215728
0.000009449853707775723610793120
0.000013340481097810873896696189
0.000018786522643042003215176766
0.000025693897174341183057113061
0.000033865017600825888957703086
0.000043002847353122333046420572
0.000052722448511133575125599260
0.000062569292951681688193937836
0.000072043259924691783763900377
0.000080627143259517718805115538
0.000087818553928971273539114129
0.000093164172091684901056037049
0.000096295194984654479126821858
0.000096962397315136219719255983
0.000095068421279677584002573698
0.000090693842155922059218402242
0.000084112477377025764396605012
0.000075790734760654843702766537
0.000066366021129204296976657196
0.000056600805517627738488225381
0.000047312094496757333089795999
0.000039280693756881698256062940
0.000033150057171313255870940401
0.000029329605295867366596910403
0.000027920625392638460151575538
0.000028682746653213572139142981
0.000031054508949297255097823228
0.000034232673531237300381876998
0.000037302895926755543810904303
0.000039401667716086040155632625
0.000039879286509284872855318760
0.000038429239929075096173297088
0.000035152965994404453630405027
0.000030540772761674354765851214
0.000025367769087893620415241624
0.000020523936496298877648139514
0.000016814789329726087730625464
0.000014778504516568377651292501
0.000014563741680319014206107867
0.000015899215929296122546375558
0.000018164193876049686000428290
0.000020543837063667793165280817
0.000022231343863629262946933832
0.000022626198493377689270177749
0.000021478256813639601968419363
0.000018941128813063562224758285
0.000015521918049922699383690733
0.000011941587669595533826509375
0.000008943663245394568270555877
0.000007102230748135083647097545
0.000006679609421346896989382571
0.000007569888139400621599481387
0.000009340729717535114232313323
0.000011359154031104100587086687
0.000012964839764143643003431114
0.000013642889206989054412858496
0.000013149940393006814771991245
0.000011562054389571999071209714
0.000009235476673706403778958164
0.000006695524834431698576195716
0.000004487655002659794904545064
0.000003033164311894857967486124
0.000002528143144654640638014070
0.000002909941764800069803669153
0.000003895228127620051472015592
0.000005073768500517820994504328
0.000006027997776424721918810644
0.000006443828464196858031619655
0.000006183556757526692834552300
0.000005304793397105540402351395
0.000004025683020275345082707261
0.000002651324573345848229920414
0.000001485271352528549027854497
0.000000751332421726719420576883
0.000000545104439507472565789291
0.000000824240920447186044676979
0.000001434957715942382866183185
0.000002163068162496960168282491
0.000002793176815382118229996429
0.000003160114964581885482373339
0.000003181274244987900132099895
0.000002865174834823286893406699
0.000002298163212269543074009470
0.000001615849600480025414700534
0.000000967973765282225982061978
0.000000484991824935395744824204
0.000000252621617233957737059922
0.000000297882941499248728930711
0.000000587626478093985939375157
0.000001038550779042947917870862
0.000001536266686165677183335430
0.000001959909297508837913216230
0.000002208005504862245585640705
0.000002220869737816153096748558
0.000001994991197814506987993433
0.000001585971489924553781111815
0.000001098639758967430387593084
0.000000665720132046019522274152
0.000000419211388735940247226864
0.000000460656289280590392532812
0.000000837050289132297107142064
0.000001527988808866345381152129
0.000002447036137260345042295341
0.000003456943877216592802160012
0.000004395202896545574972975243
0.000005104326495662890166580064
0.000005460697094612930743782585
0.000005396720426091067599567649
0.000004912941722044661028122314
0.000004079000693489525019512065
0.000003024216438814751152302455
0.000001919856297301801016820652
0.000000955749524405344955734561
0.000000314098001031933924515581
0.000000143407058901115081355184
0.000000535571064141621968990412
0.000001509232487800166922883491
0.000003002332393133762718500247
0.000004875990241074714290846724
0.000006930349154648035854922074
0.000008930941683205858674693585
0.000010641908712913063366780307
0.000011860650715130855418913761
0.000012447777537689652321904570
0.000012346869069156881333691571
0.000011590497973597062921239861
0.000010291747524640740710862204
0.000008623383386321703083826802
0.000006789175866476902904372674
0.000004993073251242526870328445
0.000003411787750652840397764393
0.000002175034281914563581960534
0.000001355609341000974185924462
0.000000969294180530553951030313
0.000000982748764434422233124758
0.000001326480669219946922991185
0.000001909727427876829632910930
0.000002634552452652029065735713
0.000003407344768445362883784204
0.000004146910581239497934713609
0.000004789184554956065896936385
0.000005289119722144807978706903
0.000005620513702642038860715547
0.000005774471411084513659676184
0.000005757015880765277440430684
0.000005586161076703753750874112
0.000005288634276721121390142221
0.000004896405176985381769766328
0.000004443219555771678327764883
0.000003961394973936206211908521
0.000003479161452422628366271942
0.000003018788672699251739189224
0.000002595631528594135372452374
0.000002218075979910270513489759
0.000001888223329349973482054218
0.000001603060644038354832548047
0.000001355859876842524977853138
