0.000131106631497697153406617465
0.000134922266225840248744100025
0.000139232048185018513711957988
0.000143910048407671828634563083
0.000148815913348397649675416976
0.000153796415109651177580141201
0.000158687337897169927465948480
0.000163315821362924727287377347
0.000167503271096500200429066374
0.000171068929989923391088088578
0.000173834179189395000896325993
0.000175627600946458940550307104
0.000176290785037994606572128720
0.000175684793532480644983814755
0.000173697115247735726049904681
0.000170248843552098575154091220
0.000165301704772427804053872014
0.000158864458662102048160796874
0.000150998100095184074062940049
0.000141819228356921376871940810
0.000131500934720985181158869892
0.000120270607613122087575611985
0.000108404181519103256755090503
0.000096216568475199031312133924
0.000084048307477550642094130118
0.000072248833212456377078289349
0.000061157173135019786695994182
0.000051081289632099195676534498
0.000042277639466988349082384596
0.000034932767939618813676002501
0.000029148834224327915224262570
0.000024934832578625809032177307
0.000022204908264035511127791958
0.000020784573784388074709720412
0.000020424852591671341763349123
0.000020823491752532998362275676
0.000021651500077929020966630361
0.000022582508929756639162083134
0.000023321943249189980101009068
0.000023632831736248640643830582
0.000023355335774747313656125522
0.000022417735874897027378675751
0.000020837615490560479423586687
0.000018713197387522605548383289
0.000016206045487501589909187100
0.000013517456362534008171239971
0.000010861655799597137031574194
0.000008439260841499282266432551
0.000006414311911314671309572444
0.000004897551865224592169121599
0.000003937637042121228742248048
0.000003520777011726965142232419
0.000003578110420071933629125030
0.000003999121625517578163130049
0.000004648732306073825000579218
0.000005385443261156687805811787
0.000006078057272733766321060576
0.000006619016338051003497326263
0.000006933116062845728287114197
0.000006981171980001464274665987
0.000006758966898340834189269979
0.000006292394169559143827531993
0.000005630063189009717881288244
0.000004834734796009005729081672
0.000003974834537168673765272948
0.000003117011962191494621498330
0.000002320350748450734933349014
0.000001632463507438793464700538
0.000001087389347161609821627751
0.000000704993183010268124443886
0.000000491460832785747342818961
0.000000440487730331009801883018
0.000000534847766602764842281445
0.000000748165995383398649801090
0.000001046862918576812750100290
0.000001392348738291730401102938
0.000001743591995839636438911054
0.000002060151822878857801393804
0.000002305648904775739822705771
0.000002451479569463778547533384
0.000002480389950497427478448348
0.000002389373349934274944842555
0.000002191284556980142032351537
0.000001914619170487163940177914
0.000001601100322053886873297250
0.000001301035590577304674721410
0.000001066807354457891709697257
0.000000945268109404188997671524
0.000000970142547048724198817111
0.000001155708452022614892909643
0.000001492979345701538811206494
0.000001949322355399564506665952
0.000002471941591592963924974577
0.000002995013992547884684996412
0.000003449591125230364022547121
0.000003774803749041514984013121
0.000003928545377601408131369460
0.000003895753500750177612821108
0.000003692687174608902425486249
0.000003366189317264144848266486
0.000002987732283746392836530159
0.000002642940253553709611987824
0.000002418102881764184180623124
0.000002385789409547914807324361
0.000002591924754720411181081480
0.000003046541774342680828729880
0.000003719890961417796762587644
0.000004544754443341106208309899
0.000005424814907493235862864529
0.000006247941839226726767214399
0.000006902446314910058392932003
0.000007293859188507378167381709
0.000007359687538294273146169660
0.000007079912764709894819803362
0.000006481652679579421462267592
0.000005637303470742228179849505
0.000004656454415188506054841533
0.000003672770006038406644620613
0.000002827722328761054172485473
0.000002253435283142177950017416
0.000002056931773923951700601583
0.000002307773870210112909123236
0.000003030523203728489025152041
0.000004202728101111901298303844
0.000005758382995201360949688932
0.000007596116334667108918989389
0.000009590834346749939687336133
0.000011607234589566511325864698
0.000013513522551259818507479391
0.000015193799007259279758600898
0.000016557890793196487354450863
0.000017547812145624585423000011
0.000018140501855293598407236136
0.000018346922132982704619534944
0.000018207979442852739997583261
0.000017788002972380103462258019
0.000017166677427410500822750269
0.000016430373673344566182218454
0.000015663766077826973870589997
0.000014942490443428572239551594
0.000014327406822432068759587756
0.000013860813857099080090252638
0.000013564740262069783290500152
0.000013441235486190083011281624
0.000013474411308791792897944332
0.000013633859579406874858588210
0.000013878993624304079927125541
0.000014163832297064533297537708
0.000014441762392140025878309317
0.000014669870054767054337509918
0.000014812515486083911012463697
0.000014843926935138439344107585
0.000014749698675060735606791307
0.000014527183039803781328157609
0.000014184859841596625268400102
0.000013740840985212028998356873
0.000013220719833173295057167709
0.000012655002544940744310382301
0.000012076363382256767505526854
0.000011516951000386469938980595
0.000011005942502167515337869672
0.000010567501559167662847295473
0.000010219251123091168249835611
0.000009971324429891917362489551
0.000009826013439885662487278950
0.000009777993806028993089706110
0.000009815071219939562981908823
0.000009919366143167039086801784
0.000010068832660041601546690136
0.000010238992499150020263091673
0.000010404757199051959708148603
0.000010542210080643468674693741
0.000010630225353496397148285110
0.000010651814517102121954291935
0.000010595110220392636843269457
0.000010453924545698647569406080
0.000010227851385113646500877801
0.000009921919620051237288056376
0.000009545842921300913848218529
0.000009112950177832472277656209
