0.000001623678532882257937239442
0.000001686949036752756802333853
0.000001760018649828908006627808
0.000001813549236619039171507532
0.000001824964763570816003474418
0.000001780280294174282546318909
0.000001674802605233682058493176
0.000001512755859749812002642026
0.000001306073218165261761038827
0.000001072725527573499192758371
0.000000834990108515386999700903
0.000000617980275171500425607706
0.000000448578412441103280440665
0.000000354694195185792632608076
0.000000364576238177508047424270
0.000000505808203108203158959906
0.000000803659983880370816501876
0.000001278638280975887914770448
0.000001943340702964392897596040
0.000002798985266319027685310433
0.000003832181087441548984653776
0.000005012569870780913823104380
0.000006291890392193026673131780
0.000007604836101394526771393365
0.000008871856685105165943620517
0.000010003866027508771774888474
0.000010908697725783587169530453
0.000011499078609133116688433528
0.000011701803115426335293275222
0.000011467598034926413882745450
0.000010780809293106164477998865
0.000009667547866120504806270418
0.000008200449705200759165416545
0.000006497991131485320650271534
0.000004716642392481541105149403
0.000003035222525074094674756974
0.000001632582300929355235931048
0.000000661811911157704053663216
0.000000225891920815175346285309
0.000000360340646098417099052328
0.000001027432322590917965579073
0.000002123947522215216163980062
0.000003500798950542249115630783
0.000004989417041812584453807419
0.000006427801105546395315528101
0.000007679586058659208639733118
0.000008642434421963808159660239
0.000009246592210973456028508255
0.000009448792306688669868312141
0.000009228908370910475221266141
0.000008595528021104323134838135
0.000007601882399455443059413471
0.000006366825926053616333238211
0.000005089473290748219382365839
0.000004043637751526042993684140
0.000003541485294864570882312615
0.000003865050222511079048713818
0.000005177307766030821807243245
0.000007437181975052549996480639
0.000010350103948403886210713302
0.000013383265859747598238490424
0.000015860848989551824578421446
0.000017131292069300730278964481
0.000016771980073112868541915232
0.000014775002621334564539205651
0.000011649449461639428947965294
0.000008386931400136152594832623
0.000006268241442192173731320047
0.000006534457827583610234963452
0.000009993773161820147571312439
0.000016671338086727179728227174
0.000025619957260753242571631877
0.000034986573104129020488073376
0.000042373915686951762300197638
0.000045459153871278795938475070
0.000042750632739785095919916869
0.000034302315731242018269440269
0.000022183544350708579934519649
0.000010530998888191883287521189
0.000005089422064678115437499385
0.000012263022446197940218274094
0.000037824501093160464216570704
0.000085532028711884033021772833
0.000155957566044422893045129364
0.000245814508683512428222073254
0.000347986727977580071174273924
0.000452320451985385296039821057
0.000547075669579229792276187094
0.000620783142032204108759496641
0.000664153208905964584710113208
0.000671658787200516901871871767
0.000642474808809871808165659068
0.000580587210399049124739945249
0.000494056669471062883530754206
0.000393595943006403597465292510
0.000290755350142944332669792118
0.000196078900181623715613665748
0.000117580910288218821926203850
0.000059806210093517212043195963
0.000023599701836764102344610322
0.000006557043862490720217040159
0.000003993054907787336550771626
0.000010176567689667752604726174
0.000019555084832899905812868963
0.000027729154032024685608932499
0.000032020186531113270349008931
0.000031582537512050707761285251
0.000027114437735858778908077174
0.000020300057704041044390067330
0.000013152542928042210764339598
0.000007422140292600067463201201
0.000004191706518525292736682217
0.000003718495539122049899441198
0.000005513812507355705762389191
0.000008597177235127299882054205
0.000011830328627405217834325270
0.000014232913718383493877225020
0.000015202958654494474232993402
0.000014602422032655504853071275
0.000012709584659420920083701054
0.000010074411010605080921760830
0.000007332287092937203263883026
0.000005032740660740694536509632
0.000003525274049108906134283739
0.000002920765032625009358400537
0.000003122247615119749680100613
0.000003900615478916552334256486
0.000004983241451851694707735237
0.000006127073801022799059198126
0.000007159320176587398426972311
0.000007983212540333683789766685
0.000008558380276213791226845411
0.000008871549936910798838610864
0.000008912721813692200039996524
0.000008666172257606392348417389
0.000008117613046970772707399897
0.000007271811482991504078043053
0.000006171208065861034637675925
0.000004906310835843919634338857
0.000003612170515439598023174801
0.000002450377659572918084379374
0.000001580880226381197891472952
0.000001131017257126247165272969
0.000001169797501731039349187483
0.000001693746278341447379395691
0.000002627363395962928147443338
0.000003837459830896513513181882
0.000005157428197426341815443919
0.000006415613619856774242319105
0.000007461698835685504791685307
0.000008186242521225718240065507
0.000008530691752317446833022221
0.000008487634223600315974342378
0.000008093111679652940617301846
0.000007414047801345579009944884
0.000006534117668803925718613509
0.000005540849886635214860115903
0.000004515735354303962799220069
0.000003527993280313907989876199
0.000002631718490683136398472801
0.000001865569955790688041973014
0.000001253980647128719547810202
0.000000808989879945441689456948
0.000000532089019875929195324299
0.000000415799918931088392102982
0.000000444977040527746221306598
0.000000597988743706108015526081
0.000000847981979075219205021618
0.000001164389082279452068945927
0.000001514733406580354079122900
0.000001866674393745847264369526
0.000002190138596201675830139931
0.000002459334348171938353859022
0.000002654451143733532298915351
0.000002762891978173656750772738
0.000002779959285070909012408226
0.000002708990744391458935734756
0.000002561001815607220174402046
0.000002353927043459295121531410
0.000002111560661575085984026021
