0.000003279157198156172377658066
0.000002933365442199966212442203
0.000002734514839009490551113629
0.000002684398031942872853015036
0.000002768798907831754189999649
0.000002960345335200152695043609
0.000003222620878163484978281769
0.000003514965022374364610354119
0.000003797354763274329161946812
0.000004034798970799285032452688
0.000004200782049277117920443956
0.000004279447928255442541473508
0.000004266395691385647397802540
0.000004168137172551677334614382
0.000004000418538457938166699301
0.000003785711811723033875815708
0.000003550227940782657211772188
0.000003320792332652429842108650
0.000003121870998325171881170861
0.000002972963796537617442764488
0.000002886516373947055058557781
0.000002866464335313303413914181
0.000002907518742852668384144856
0.000002995320377900922508257030
0.000003107603854168232930922991
0.000003216485233586586982659251
0.000003291885937951119641634717
0.000003305918333387744035851280
0.000003237802449422777475356115
0.000003078611769679108951813535
0.000002834938428515258414990344
0.000002530510864743432536134570
0.000002204956558263975092032709
0.000001909299997792859227609954
0.000001698381606710176875403118
0.000001621076993444150519366360
0.000001709845786079720399806424
0.000001971592495841215828499254
0.000002381948048631361660641909
0.000002884799880653893644868232
0.000003398197206814900068973153
0.000003826693717807550312870468
0.000004078889292389949977981657
0.000004087587428957072873964961
0.000003828846594786699547997410
0.000003335562539575679209742946
0.000002701364535062793811696913
0.000002071756965397496752582769
0.000001621632602564797081076296
0.000001521303206998105435785134
0.000001896501193123171463046921
0.000002790597980271698833201017
0.000004138645754012371149308837
0.000005762014274794346607993113
0.000007389039601854280033075423
0.000008701572994670139345944719
0.000009400690819461620561158996
0.000009278732681867103454943085
0.000008281071413671233549303775
0.000006541020440762905804692445
0.000004375628034555187668053385
0.000002238211304572585320102687
0.000000633627763055925325490973
0.000000011995616840090164309316
0.000000663275484398584135476437
0.000002636862910952714743225951
0.000005706380537099700996561333
0.000009390949906491720131974411
0.000013032428593795468763148586
0.000015916240912828262207313890
0.000017414313789172373124480853
0.000017124274839756151807192847
0.000014980198617667631915046679
0.000011316101708172287995625080
0.000006872273935261503887870441
0.000002744073111270169300839961
0.000000280895582738601925584950
0.000000948346788650766612468492
0.000006168919539702974846038554
0.000017156438794187823290281897
0.000034758369594236192159746046
0.000059318974564398206671990421
0.000090575849031283788112718647
0.000127602333222872623644944534
0.000168807747470568037624280566
0.000212005036097038390566563160
0.000254550206137360091399046702
0.000293549663934129724703059328
0.000326121032561989526027401709
0.000349682156960259707748073232
0.000362234268093788937432908615
0.000362601130583069307476012932
0.000350588130537345728666293043
0.000327034066352054249033481925
0.000293742780540941174002855796
0.000253299305229655585119941108
0.000208792705132557150681307800
0.000163482054546595977160411417
0.000120450401851530567538459127
0.000082292757727688432530313567
0.000050878091541086989954903452
0.000027213329987466979871654424
0.000011421656979611020937956031
0.000002830690494624349140019830
0.000000150977309297418094920486
0.000001713848618807641653859772
0.000005731437410882882614875274
0.000010541151228914004113696237
0.000014801872105240141921271915
0.000017618636139700445512618759
0.000018584963883478753505183734
0.000017745420989100988535223935
0.000015493299265117809306382957
0.000012427583814785682535188245
0.000009198134037983151761437919
0.000006367517770203901478567616
0.000004312390021653547442334782
0.000003177847083621246677709879
0.000002886741071758446265324311
0.000003194852946313030227622285
0.000003774360042840176556627231
0.000004303876608375078312523996
0.000004544189227847786420036100
0.000004384196178107416267614570
0.000003849992809974783354825915
0.000003079364236995167125631508
0.000002271880791206844277241566
0.000001629534411582548412305606
0.000001303506908026981345242968
0.000001359422051947178825315773
0.000001767482288874898991201906
0.000002417009949302759104695264
0.000003148962715200856714580250
0.000003796400008850617389043972
0.000004222281358086235295717665
0.000004346137235234839309811969
0.000004155109361889015929841969
0.000003699296437747777610723348
0.000003075014843004509547028623
0.000002401661517283932508772231
0.000001798111585608115635842889
0.000001363323439350853264896810
0.000001163748628287242611227884
0.000001228024388525428609082886
0.000001547858945292053230516349
0.000002083273687222178409720556
0.000002770373446620322677446139
0.000003530275930985866766448041
0.000004278376622582110358071657
0.000004933476355179738017807563
0.000005426351485991365166219099
0.000005707175976502187474299899
0.000005750995939092979930985089
0.000005560405301190911710271930
0.000005164792709030740308574683
0.000004616018405058711342875410
0.000003981016219898089709234787
0.000003332419232656790139459474
0.000002738704229889943339375756
0.000002255431074300883359821587
0.000001918904100336400836245140
0.000001743078911080041789921549
0.000001719912693174539848939611
0.000001822756870332005971573866
0.000002011938907718612119069701
0.000002241444664414735776075942
0.000002465604042341502297175631
0.000002644861213929218953069865
0.000002750006550251032373378924
0.000002764582390930763038534293
0.000002685481116043609128970961
0.000002521985447753165597356215
0.000002293636910662421061687932
0.000002027361344505859744563169
0.000001754249368220204226262774
0.000001506312622834133616744239
0.000001313442797576475928753243
0.000001200714921737062256088154
0.000001186116345279817611038349
0.000001278755922148289979502342
