0.000009570837778237410150899631
0.000008137925798905281104264967
0.000006928351493376556683129013
0.000005950000205045072738637216
0.000005195205132429412902650250
0.000004644592971324274267310404
0.000004270976899429030248145269
0.000004042997886085202448585175
0.000003928310715725360213192944
0.000003896205334028405396361479
0.000003919637799333671822463090
0.000003976711581199458421694015
0.000004051695437935746905262161
0.000004135687591541822035292372
0.000004227038645249518792864143
0.000004331630655149233742433335
0.000004463081275057436918935437
0.000004642905241141880457594882
0.000004900626770397585882453172
0.000005273802501001260261152739
0.000005807892522357113000166205
0.000006555913556381495838824673
0.000007577828523219760921251793
0.000008939672142923557390456479
0.000010712478922024695155508674
0.000012971156544654023273842151
0.000015793515026536795000430130
0.000019259694050354639809985793
0.000023452199161261083008161998
0.000028456637760941124089004300
0.000034363027176884098062153994
0.000041267241086846446346259043
0.000049271808153454980385658329
0.000058484949448961370897358963
0.000069016534689996113889273732
0.000080969655173205920387947965
0.000094426841704143456832955261
0.000109430643454758172385295201
0.000125959304432113691632824648
0.000143899519471879641305256392
0.000163019529328062290482112551
0.000182946870825639022360362129
0.000203155659902144866343909335
0.000222968116182568378003114873
0.000241573997572725569175228211
0.000258069708347370327904124476
0.000271516252201853714332707712
0.000281012264355900748431793534
0.000285775534871158371462429582
0.000285224233009680173088484789
0.000279047913205456824155270557
0.000267258636534042849815240306
0.000250214270361151774196839526
0.000228609074645134941567922726
0.000203430648898725655038255411
0.000175886622983936074821748052
0.000147308469752277867862236271
0.000119042873756204138375319745
0.000092342728633026233651948100
0.000068269807331040256357344853
0.000047619477562932679916198747
0.000030874806949616817120310430
0.000018193512358284241069899048
0.000009427064173392170616885312
0.000004167471666944699064893086
0.000001814363946249721640778269
0.000001653277596477687148574919
0.000002935684118908458819835385
0.000004952139567227769326651296
0.000007091744660325009099832543
0.000008883491463949709222814796
0.000010017642301028821617066462
0.000010347682715908611527635616
0.000009875352208904090561001135
0.000008722638509019889992059799
0.000007095386678233726065979578
0.000005243369091419041874777961
0.000003421379403744259799550163
0.000001855261330421309487822982
0.000000715864369129474199442500
0.000000102825023094255351424862
0.000000038889574425569141530708
0.000000474314037628608134227278
0.000001299801767489950733169032
0.000002365581528889087889683598
0.000003503694582901667896372927
0.000004550423939063449756440519
0.000005366082224574270616106707
0.000005850024706946035369899747
0.000005949647997744741975234377
0.000005663100133900557376070289
0.000005036279589649807183267694
0.000004155288616982526927632821
0.000003135753095292782769955764
0.000002110344734089479928413257
0.000001215549512453114007275948
0.000000578382868350290736045294
0.000000303525986387129701532994
0.000000461364525142682011552643
0.000001077670242391762391761232
0.000002126082744972581803301250
0.000003524934372612592944933778
0.000005140085863945316925623878
0.000006795105522446852951774961
0.000008289237057901854019512783
0.000009422225201569085453095001
0.000010023436523003908277143319
0.000009981190939437958062428052
0.000009267224952944726193621895
0.000007951104871153653869510561
0.000006200402128081050945915091
0.000004264502276369356122869350
0.000002442752612936071546917427
0.000001040747383713656474128512
0.000000321267150390097637988762
0.000000458107028819180369370347
0.000001501283289510554376511298
0.000003360713545444160542938813
0.000005812576839370509569951927
0.000008528658413099056260792824
0.000011124792221411034843798343
0.000013220850542469522509361063
0.000014502337558560084569648715
0.000014773031761398706208443868
0.000013989454001483010332231548
0.000012270992474810554130767136
0.000009883728409446478638472958
0.000007200583183129484887566914
0.000004644487826779354858078123
0.000002624103934374550851140471
0.000001472700365020387076419976
0.000001399960769962039938314204
0.000002463979422973502311116408
0.000004567026452948929621928047
0.000007474553403253406881254738
0.000010853134858778211872050619
0.000014320260913044763906591846
0.000017497535658511835054799988
0.000020059026206317774696646916
0.000021768071174883138409368588
0.000022498382052463301752735780
0.000022238203344630368926996764
0.000021079071670506124478415566
0.000019192862201651852917163449
0.000016802043496708225046388022
0.000014148300584484617328090428
0.000011464048987903772917743873
0.000008950109869767261275784985
0.000006761277261520278508331004
0.000005000002814866489958198215
0.000003717202910546614429512270
0.000002918404198973762696787699
0.000002573122816368443396573560
0.000002625462427292822117393242
0.000003004299103083467054070175
0.000003631955742952012819191885
0.000004430823602195900784309155
0.000005327863675952984805846060
0.000006257258277143771513077210
0.000007161666178344726631471544
0.000007992578533667062465209799
0.000008710212931901409555510846
0.000009283262610861952815076090
0.000009688678134750718280460841
0.000009911532018119799034277378
0.000009944923441226621201646102
0.000009789829043520662958449349
0.000009454795497706921584266972
0.000008955391768737564576747905
0.000008313381416755824678769399
0.000007555624918388464657335174
0.000006712767189942500981568452
0.000005817797852642094020181752
0.000004904586723238326938256217
0.000004006493876817335028747875
0.000003155135053895854731296350
0.000002379354147687761784722834
0.000001704421180708809350318970
0.000001151442806799405297452348
0.000000736948308449728749962640
