0.000002416082906900432524313627
0.000002000005241481316911985244
0.000001702329971131693054498110
0.000001511822654158832110915696
0.000001416206059275705357876460
0.000001402872302323805714504776
0.000001459332850338706764417866
0.000001573411546671007432257041
0.000001733213703210500848775647
0.000001926927830505766840453160
0.000002142534251119820933739616
0.000002367505520245402706532196
0.000002588586527550012395687291
0.000002791737138223702808300253
0.000002962307549358521687517948
0.000003085496980222343598972753
0.000003147121005197784495224528
0.000003134682995846770440508903
0.000003038711847588713845598387
0.000002854292274926039589110632
0.000002582676239727773836421694
0.000002232825718429570583452737
0.000001822700394420459620310857
0.000001380073398086028464828772
0.000000942640928334608514282576
0.000000557196937757889763455420
0.000000277682685292458541088121
0.000000162002141326931244551073
0.000000267622372360451044468252
0.000000646148840574795896041791
0.000001337263094186176834440925
0.000002362606277860302829120975
0.000003720348105306931804734261
0.000005381255686126467121762392
0.000007287033926057506229810590
0.000009351529484735919981667866
0.000011465079170470317761914604
0.000013501876608003698267807501
0.000015329790597167910565440732
0.000016821674070177873090052925
0.000017866933169518943550239595
0.000018382041413245999247503756
0.000018318807510358862641105387
0.000017669515099825775606779202
0.000016468483784229215164968824
0.000014790060827203814291207207
0.000012743445609227666782329973
0.000010465001295311950274893875
0.000008108791543724660089847989
0.000005836019102027363136125926
0.000003803907841402351320598705
0.000002154452280553993413271009
0.000001003440492680928438436107
0.000000430276569416985062541570
0.000000469363850881091776646092
0.000001104072852392602664662290
0.000002264479439278074711296585
0.000003829988279477416683951613
0.000005637567129397234428581521
0.000007495605770765025160896032
0.000009202478098923521236175184
0.000010567916815441601239688313
0.000011434547812445997329549967
0.000011696604787338915309156430
0.000011313104436564822474677733
0.000010313626877739136839385974
0.000008796177089048610330977371
0.000006918124691141256066241258
0.000004882573021950537751792280
0.000002923339400268636728509510
0.000001291779237113898431505094
0.000000247874977574325776810281
0.000000056470061453518259860423
0.000000987595906249148230987437
0.000003317994058619016843142630
0.000007329687800826260414349071
0.000013301228512715714783366111
0.000021488247836270818279637632
0.000032092123079753762907202763
0.000045218551940514254805069533
0.000060831035266422399051828435
0.000078706960749911472944272128
0.000098405473824149909483315068
0.000119256112460867168376284220
0.000140375087512401713896181832
0.000160712314140759577165210037
0.000179127420532527726866958706
0.000194487832448240165065037055
0.000205777626461220604619367647
0.000212203051611845196862057850
0.000213280062571183170279029429
0.000208891106261070014357347779
0.000199302514012117398941800750
0.000185139501599394904092499292
0.000167321996579340297487889511
0.000146970208916262365861013506
0.000125293047689878936585064495
0.000103474464250499553546677745
0.000082572292099600009271723189
0.000063441342867812108917251190
0.000046688007920484300391269356
0.000032658291379445024871404357
0.000021456047350449464569286870
0.000012984100874543264391293255
0.000006998525821992684030738510
0.000003165895057231291884392759
0.000001114680333317647324291094
0.000000474699373426369900267149
0.000000901908779576208745979988
0.000002089185774419306830654080
0.000003766382930598081674140399
0.000005694444133936895479231998
0.000007658582382486554013148287
0.000009464568282766609618925600
0.000010940416997244899283635820
0.000011943676007254816723128499
0.000012372607615427274880930131
0.000012178239755054032268937088
0.000011373770467434802310482435
0.000010038197784796623783574836
0.000008312159337744224319702475
0.000006385515062418557838007285
0.000004477834810141089848104564
0.000002814316675686166064306037
0.000001600500958726996572335744
0.000000999327393689698332727251
0.000001113621616620850243286407
0.000001976129424378312471777697
0.000003547968157417146955253263
0.000005725088041536365577374029
0.000008351262646242408344151274
0.000011235418789473045354776991
0.000014170842207142854039195884
0.000016953932642201798014621947
0.000019400632713412045731631375
0.000021359279027425114022694860
0.000022719276503709665693394801
0.000023415560015834959567675860
0.000023429211184697105562878966
0.000022784825714247414771632116
0.000021545305886502211510950475
0.000019804737820340287716373157
0.000017679962430506290658105070
0.000015301407106155686234458951
0.000012803731351985617517835053
0.000010316847274965808370925449
0.000007957879536853803238900286
0.000005824597958732245267423743
0.000003990765350226753115894969
0.000002503686198968848110774392
0.000001384031727920434497148498
0.000000627783704641853420223786
0.000000209922276618552758669717
0.000000089319443366246987432889
0.000000214216066186053584509690
0.000000527666332153214384900514
0.000000972421288942569298960859
0.000001494869970503420256372601
0.000002047832195459448573302431
0.000002592170075745175022725441
0.000003097329992417533806487199
0.000003541027285872539904511801
0.000003908336955254625550120872
0.000004190459429135294928655056
0.000004383401430932660919619244
0.000004486761276916432579942463
0.000004502748240836886099150091
0.000004435506824009859792195577
0.000004290765186088288984434837
0.000004075785470097173342142634
0.000003799562574919136611088441
0.000003473195945140837074508085
0.000003110344634303474559481033
0.000002727668047537576635270433
0.000002345152804771755765639134
0.000001986230098878345482296161
0.000001677598109876564178366619
0.000001448680853184833703013474
0.000001330678395880704733083796
0.000001355193313420728624710504
