0.000003653503269448428286659495
0.000002898615188028409603510430
0.000002380880366858539545380988
0.000002129295076235007194091330
0.000002147686128196606372171970
0.000002415266596534894464915356
0.000002889917847224061500991093
0.000003513830113969562614654671
0.000004220841439744959091922519
0.000004944591591033876813200687
0.000005626488914818751003771476
0.000006222495545071478959388376
0.000006707873996839597567805324
0.000007079291663527038367721440
0.000007354017715805350680958498
0.000007566325085299422046063340
0.000007761577563394702499767475
0.000007988788384336437109738832
0.000008292640393952086536196421
0.000008706032290693361034260300
0.000009244152106683863119487680
0.000009900888174137623397612004
0.000010648094778431258427891723
0.000011437870405729681940170533
0.000012207622035361899285633991
0.000012887321672137172853681367
0.000013408052655505541762219306
0.000013710732210151432155869310
0.000013753817500414636061851527
0.000013518880058670488137359880
0.000013013176440225101825076161
0.000012268736074599765549205180
0.000011337987207766705830989593
0.000010286479480002859370293446
0.000009183752491739328248474168
0.000008093759633486179879660778
0.000007066418434465539862455313
0.000006131783526013090952050920
0.000005298016746412966153693090
0.000004553776821305992359258715
0.000003874905029121522421456554
0.000003234404803111091822250293
0.000002613805084081899283456312
0.000002013225165812484769041870
0.000001457060827336175817250594
0.000000992472165688220580459121
0.000000679026498792616547999683
0.000000570034441659380360681005
0.000000689121596412141335799366
0.000001008825335954924701909559
0.000001440550453252687471798212
0.000001845915380762676589790328
0.000002077351938625302742738804
0.000002050294896260232023390419
0.000001840817460703914064840429
0.000001792614833492361106008061
0.000002608236180565493410890782
0.000005394307973074412035862334
0.000011631777341702016702567994
0.000023051382504272183154988771
0.000041411233383491698070797554
0.000068195034743618728411383711
0.000104271741317926429251476683
0.000149574961354521679575413362
0.000202868184694026927952781314
0.000261656530028319658700425299
0.000322286545365408293693787467
0.000380245210372628418288992735
0.000430633093143371469425223497
0.000468751797481758633850262852
0.000490719782490249816636618263
0.000494019224075078751227951823
0.000477882816361432612769361006
0.000443452674840347227380732420
0.000393679697162005719918154156
0.000332974141971722180106257882
0.000266658901837825413044108513
0.000200308530601153191291058375
0.000139074018495632370420039825
0.000087092987396145070378393471
0.000047068070677046853903576634
0.000020066378093953692079076320
0.000005555873054851030426644094
0.000001656894132991353454139455
0.000005555301015321486237286304
0.000014002756694423250326242934
0.000023822214843816290851235412
0.000032342984497044511746875750
0.000037707638827662823559263433
0.000039018552711363546051277773
0.000036320062532944179798429646
0.000030438208873032126806478653
0.000022719702723195511463944243
0.000014722630853574693516380018
0.000007912777858974614543247778
0.000003412288397356456954347950
0.000001833996135431734380772024
0.000003218035220354039238480678
0.000007070270948979410596639539
0.000012487092748302454082694538
0.000018339889365623774345913019
0.000023485953209673580179819505
0.000026970855536599942472086519
0.000028190260290816274488636187
0.000026986174656563736463932290
0.000023663000440729084635459178
0.000018921383597624748116238988
0.000013721295077594790833529215
0.000009098133972680236242853644
0.000005964779997315730910819372
0.000004936395425195635493155651
0.000006211970992259344339248440
0.000009536873589189505756266198
0.000014255255468037962690293179
0.000019442917630204245495618293
0.000024093949361239589676336390
0.000027322274468216177462998387
0.000028535356369904591388678844
0.000027543155006432931707939515
0.000024579997218756938285851368
0.000020236999419241545920215147
0.000015323179990965859532427162
0.000010689245772720382563424589
0.000007055218170325513352776538
0.000004879891924614566867579504
0.000004297738511930645257655068
0.000005130916412655004758239415
0.000006965569856500380250164013
0.000009267509331914998728092596
0.000011506038985052299096012787
0.000013257036449929099277290218
0.000014265759075072404111778762
0.000014462775548038983491135230
0.000013938842903008844450996571
0.000012893129381023799953404248
0.000011572248582697544524956410
0.000010215385392880885475296558
0.000009015163584665715094728852
0.000008097312922727930409902246
0.000007516852647750540482687095
0.000007265670019124307524164327
0.000007286108765058632394807491
0.000007486638222797864780980442
0.000007757615895666910348581723
0.000007986547569795350993678354
0.000008072624573212106895083069
0.000007939843153470642773397378
0.000007547265543674380298435050
0.000006894605248833816270727197
0.000006021694359143920063557297
0.000005001496976550754726669606
0.000003927794149914997769786236
0.000002899948115364934102017487
0.000002007802407020395298216375
0.000001319587874248124421849740
0.000000874785063596549950362474
0.000000682575105694323328958629
0.000000725214398740118846462758
0.000000964746309558571229385900
0.000001351099394107229494495443
0.000001829803587148779248097393
0.000002348117364458706780394690
0.000002859063141061286954924944
0.000003323493342370641940799894
0.000003710710004314438297619207
0.000003998290169590261396203104
0.000004171669143587621265891353
0.000004223798893028175933310291
0.000004154937836892338462295177
0.000003972429042928800818146665
0.000003690234829029230125625911
0.000003328022026257271231790540
0.000002909704113453980284383863
0.000002461495722260760791712470
0.000002009671693840333044772661
0.000001578309331773844494242525
0.000001187311258799399433527008
0.000000850960903954727294888790
0.000000577172746469993364559162
0.000000367492198962869622557456
