0.000225770329903503198971936872
0.000221147577708762327168556805
0.000218306099482255014333428877
0.000216646168807820720982049156
0.000215493543040325575416149562
0.000214131003478768217659217177
0.000211834394262659295431888706
0.000207913255789836414529764275
0.000201755674547900550530252217
0.000192876264681255267215490012
0.000180965224726991545352652868
0.000165935205694267638287103805
0.000147961406208075478899144350
0.000127509103920811451768346778
0.000105342059731232501568025384
0.000082505262789682278011353656
0.000060276667378214408713268946
0.000040085136452636922841773898
0.000023395759565212968084362694
0.000011568762254749549375776319
0.000005703744973345936407945877
0.000006486070766652511490125196
0.000014055795522302649762738137
0.000027920583892235871975367675
0.000046931842016351617036685334
0.000069337579665347667465247206
0.000092916656229434686775636720
0.000115188041885788249735211863
0.000133676988306489949150449026
0.000146209258721254065083172691
0.000151196529514010147461633427
0.000147872253444655029751969577
0.000136438815192411252042586911
0.000118094379451945868724979660
0.000094921477387339519811784716
0.000069638324485753926376685463
0.000045236266636352535680694331
0.000024549513012419581524164655
0.000009822160431408031748068757
0.000002347535161001384831371518
0.000002251616897716192146610293
0.000008473252976730863579839931
0.000018959938804543049009100619
0.000031054364013884211913850419
0.000042002921919759902275037788
0.000049484336791264340368184937
0.000052044935947756700716799322
0.000049342871491880887862245542
0.000042145545060855490050299305
0.000032083382857091987901999863
0.000021223624112372059834002655
0.000011572791157835962626266278
0.000004632488848526096718424740
0.000001114928107221262694863395
0.000000877327131789370018443591
0.000003072426716929603349490836
0.000006454550395376895516026759
0.000009743981521025186945221541
0.000011946600188944395511602900
0.000012550120507044356022883710
0.000011562760810950147770349503
0.000009409131878043552803876810
0.000006736068937937648586121789
0.000004197886961910158605927948
0.000002284021894326064990824333
0.000001227918608648526838154989
0.000001004815972749171862907821
0.000001398794076398532134616675
0.000002103878498017275681231499
0.000002822621068764905971452961
0.000003335702481025960386922359
0.000003531790530824018598286341
0.000003401666688794447284809605
0.000003009869263348607597812054
0.000002459227928520724284306917
0.000001860039160596775734674946
0.000001309339995175581914968964
0.000000880005740562474460594996
0.000000616307111622740733786717
0.000000532499541293014014455140
0.000000612930824900024275964051
0.000000814352188976155899412896
0.000001072172600338452561009785
0.000001311740837031814859358833
0.000001463779118901907472783644
0.000001480860467620623092119877
0.000001350429874248411862971498
0.000001100015627870449270699288
0.000000792019935068710144702336
0.000000508298501179335331670800
0.000000327795347235155106118494
0.000000302916114768924175300763
0.000000441401894807274289573976
0.000000699795534871465776792119
0.000000992109532831904995998267
0.000001213351366420100470224636
0.000001272939960995791443447238
0.000001128983478235576914678467
0.000000812318214661632513387264
0.000000430336369658512091278892
0.000000145382299669693706109134
0.000000130083836257468478368613
0.000000510348718650003047245527
0.000001313046382569643077107852
0.000002436915690707331242953644
0.000003660545890670804101870968
0.000004690985080296484129882238
0.000005243421338677117039860434
0.000005130673673750171725148859
0.000004335179350138783241439683
0.000003038499983548943678211395
0.000001594155061339459100670638
0.000000445988759916465915568564
0.000000011342440452455112289693
0.000000560584181331989038505747
0.000002127883548842549627525206
0.000004481069158213888841996598
0.000007162744394614108990344131
0.000009595020579296598581503334
0.000011222013323689342123579138
0.000011652941105401444686563879
0.000010767557361374481582957235
0.000008755104333505691992364448
0.000006075393283973245706530882
0.000003351199787622809733587037
0.000001219291818560049593772837
0.000000178172955452200753630735
0.000000471156474888574367259638
0.000002033638224361682705123569
0.000004516186240082833167151094
0.000007375150834578055387871342
0.000010005446379148044157552516
0.000011880581002174051428381223
0.000012665265059825684418478263
0.000012275431020043954768897025
0.000010875982566549922801344905
0.000008823227364721661293740784
0.000006571932983363023525772914
0.000004573022580126704533277915
0.000003186289077764608560947805
0.000002624789589583025567573905
0.000002937016142608414771700623
0.000004023048456618718471844865
0.000005674281043213755524364916
0.000007623974392678002909827257
0.000009597222874252080349792918
0.000011352398045554418996427176
0.000012710004252617035586450656
0.000013567982254664775755266873
0.000013904413568632779672263645
0.000013769554101798210497429806
0.000013269658175781789161032202
0.000012545515392607555057915419
0.000011749066411309725332327153
0.000011021670717106117393015857
0.000010477283743990078646230769
0.000010192829048429252129358974
0.000010206556795649602176374870
0.000010523524786194491509707175
0.000011125964839256557710293893
0.000011985553366946213405073302
0.000013074625766517962991352872
0.000014374061525180879892848312
0.000015876654565740441689717863
0.000017585946834815262333718763
0.000019511462789377312409318938
0.000021661867223971929938188680
0.000024037731867376381554926579
0.000026625392917266719344532994
0.000029392930758257334770229205
0.000032288745724372823215492234
0.000035242671684053963529741765
0.000038169163338443085661377124
0.000040971871385413157807837276
0.000043548892869939195403999888
0.000045798118753126240156568760
0.000047622329884266434354023884
0.000048933932098672931450614176
0.000049659390690921448177977404
0.000049743467619904198589834976
