0.000006183773291527082957650535
0.000008276354456398209705940763
0.000010429013894488134303823249
0.000012557003174274054211603455
0.000014581138702671232138603948
0.000016427125335291641830982173
0.000018025596263263994275833496
0.000019312967165759081919138018
0.000020232992648352091785961954
0.000020738842590084215493535791
0.000020795563729099442125186278
0.000020382896487038581269683399
0.000019498496060944720686828116
0.000018161580977423777172622896
0.000016416852727749279032207208
0.000014338200916638314433943988
0.000012031297925636637055992785
0.000009633821775835670731631330
0.000007311883820641762557783136
0.000005251425821107981231346089
0.000003643973201888780927981551
0.000002667165634085050278438657
0.000002461782339888748340255226
0.000003108273140377854549707640
0.000004606769997290683912925888
0.000006864877012185186131376039
0.000009697011021823067559565618
0.000012837648373058965087169410
0.000015968674259259116700922915
0.000018758442807363031337936424
0.000020907560532804195024478289
0.000022194267478136486891181905
0.000022511067446164147566947666
0.000021884371036082574303203649
0.000020470705786021449381489878
0.000018526699483655003730490918
0.000016355427489791377179597504
0.000014238203983937554563928354
0.000012367226387246748369927972
0.000010798807703521166184452290
0.000009447184320245172655999485
0.000008133433432188198083348692
0.000006692483468543392432083088
0.000005125052974616901876165308
0.000003764140672239861768675869
0.000003412370434227968583255734
0.000005402125522997955963202567
0.000011538431859997666729033758
0.000023905300486273134159126430
0.000044546242570793031763723424
0.000075062168590362164178123039
0.000116196523182274382779768929
0.000167490721209582191838366461
0.000227088255821185976569137610
0.000291743279804865165288907392
0.000357053643270637628606006819
0.000417897222589513526146143274
0.000469012892609681414975847380
0.000505641356521851896045627317
0.000524130805102156422173309558
0.000522418704234714676749862239
0.000500321125997062578563689961
0.000459589995374421660199321105
0.000403730917944932778639033355
0.000337605187721906369480856513
0.000266865963979307917620237278
0.000197298704258880021030278518
0.000134148787541104870350838763
0.000081523885690129295434822043
0.000041953613121772749604103392
0.000016172675778071682052257699
0.000003165334722687818240504948
0.000000469906955422136467581060
0.000004697034413086261292859594
0.000012172870758468759013175980
0.000019588632298582208952474754
0.000024530948896047586699166107
0.000025788767953852986326065272
0.000023380680823128284864277637
0.000018311673139340523783517509
0.000012134086231998208983088455
0.000006435437025336066450777097
0.000002390753400765246823106913
0.000000493365487405330958232724
0.000000521658927180154166356797
0.000001726943364859600485455458
0.000003161895166478913485195090
0.000004030931809162923718512558
0.000003945399509024436236217202
0.000003006332573818444967185927
0.000001701409856520610477630790
0.000000668072325123029301573380
0.000000418866562069927083460650
0.000001133145656076457240908541
0.000002589648114400115910393053
0.000004259107450428631852024433
0.000005515834737150715851895788
0.000005884256121122670806747497
0.000005225834513723464554179644
0.000003796504491831626556912205
0.000002154542346853444518487829
0.000000954649323651400968275896
0.000000705324611775200175425036
0.000001578745622513745731294857
0.000003341882086871802474904898
0.000005432909274482825378693555
0.000007154964930805705094736882
0.000007918628341955903871202463
0.000007449016702214614413777617
0.000005887397177412678667986472
0.000003754530826314477944666542
0.000001789769597398327128818531
0.000000720033637114102359873475
0.000001033352300368861570689606
0.000002827205898394138636512633
0.000005775582574214795610187054
0.000009220364609006171166798865
0.000012355201794078286424601043
0.000014444788107000581400428049
0.000015015958588055911812403007
0.000013969486610699064933608683
0.000011587464949902828945126933
0.000008441906802818363760032572
0.000005236514059236865177278473
0.000002628524633651840351441543
0.000001078230936444670798606167
0.000000761537639245711010232563
0.000001560601065414653422269752
0.000003125650866585707035388234
0.000004983699568799283529112361
0.000006661144227955962314154711
0.000007788458452903741489913893
0.000008164543871220153112289175
0.000007772095931177458745368371
0.000006749105233055994093713421
0.000005331636993866200197869296
0.000003787252206307385493959036
0.000002356772740069899104207009
0.000001216108479596859268361941
0.000000462015173632983132712983
0.000000118446741916709813250417
0.000000155479527512667582725506
0.000000511469353400901642445360
0.000001110918926846375510180862
0.000001874370065265908357352779
0.000002720909158110540810362197
0.000003567039237738568084270683
0.000004326706670942935989724806
0.000004916002683610405524575193
0.000005263203584906597300738327
0.000005321676156294472403854908
0.000005081125921656302142550427
0.000004572575881115966566934847
0.000003864351439271565045552141
0.000003049402036534500821127278
0.000002227246596238035398172828
0.000001485528805617660866750804
0.000000886034727621403746858884
0.000000458259759140811181929296
0.000000201029987462191521541919
0.000000090310373341906036143197
0.000000089963219220824013864819
0.000000162137624056638557024025
0.000000274924046058203593105958
0.000000406319366942009141446996
0.000000544810543655754144482905
0.000000687612325825397096312774
0.000000837719218282664935152173
0.000001000646914322231376611740
0.000001181341816895098346837335
0.000001381470501442311564873266
0.000001597253815279533797200215
0.000001818117873816227355880291
0.000002026545925927502387177501
0.000002199488557646137660195242
0.000002311463108061158132588942
0.000002339089040037299759049660
0.000002266386326536881848625051
0.000002089855303280376649553100
0.000001822272054418561288997164
