0.000000431893011425771224120091
0.000000492573681125301459781275
0.000000555965455194523867728435
0.000000621436262706178598639402
0.000000686717861900619236658087
0.000000747836168692601874872388
0.000000799342123242079403785021
0.000000834851194808329925438123
0.000000847841455342799829822289
0.000000832606942367314210002942
0.000000785246507607943659186604
0.000000704602846206001427239584
0.000000593133191395901399043159
0.000000457739863756741512118434
0.000000310550209623392057734143
0.000000169472543942331044036846
0.000000058097690194813576583252
0.000000004285086831074643974886
0.000000036754538822201162813452
0.000000179373329219808123477037
0.000000443634108892554915133183
0.000000820897292778267923171189
0.000001276932308363834420807158
0.000001751627441360701996326361
0.000002166034799230517705540119
0.000002437089696605160389159201
0.000002497776155713307242065913
0.000002318007996896445327639430
0.000001920034040071365131910688
0.000001382526916664139173457132
0.000000829897987806582984943366
0.000000407304741646138801497564
0.000000246186078135626462264638
0.000000428618843416026605688444
0.000000960171866998717430660227
0.000001759661276611438983415322
0.000002670476607634999049165937
0.000003492851616898029285397231
0.000004030923110434910758845609
0.000004144031063760988133320550
0.000003789554284768530223150495
0.000003045256874973273396658979
0.000002102721887194596595704746
0.000001229551674844974107407526
0.000000705717126502424633021921
0.000000747317336782159456923605
0.000001437121717907313186906389
0.000002683353823788970428002683
0.000004224268511869395634780820
0.000005685430046588601247017913
0.000006680698103173536557899698
0.000006930942239274016441151743
0.000006362660903222317593762314
0.000005148282472541937881092833
0.000003664449080304299304587656
0.000002371999417956917910227550
0.000001653218785383988162081509
0.000001665340694452256286342247
0.000002271892923198620820913769
0.000003089588413625588710461267
0.000003643583791188921706244701
0.000003574794145846231546481729
0.000002811773586925524124989625
0.000001624304984872516284373175
0.000000520096955344955832702862
0.000000015151732236701440917763
0.000000373276124840273716953267
0.000001439199169041199232170914
0.000002663713101658048878740909
0.000003342570500143381197899342
0.000002992446766085554092884065
0.000001709835527502501809706025
0.000000340462655992415579908389
0.000000343274572254390243077163
0.000003348056399515525948326232
0.000010535713244910495153664788
0.000022061342223566167376411218
0.000036750870220374268193801875
0.000052221425403370611028654180
0.000065429809563325840851208404
0.000073496144375444598926573614
0.000074541336295671353968407546
0.000068260353551255912511568080
0.000056036642123602042452751304
0.000040556480539712028816293904
0.000025049566983244591809269070
0.000012403154725717562353740422
0.000004429772053270737647105975
0.000001504847269870847726894680
0.000002657473198058381685926748
0.000006045441822540373192143570
0.000009628285098892121085414723
0.000011806732525669245923989441
0.000011832645700354258168590475
0.000009890011157279632566575490
0.000006865914028285770542544067
0.000003928391988057515759333663
0.000002075447426438726590834693
0.000001806940077456027736181295
0.000003010570339795810433143218
0.000005070960422977265985794784
0.000007136656436168027352285811
0.000008436586333752265327661467
0.000008534825295833175454879305
0.000007445948863384202338054109
0.000005587664008604697431692367
0.000003603178097308519185271777
0.000002125213805850961904582875
0.000001565880506771721473536010
0.000002000242376633076990175269
0.000003173880451519566341122593
0.000004619855030169582925869080
0.000005833918286713119374725049
0.000006440994324906675913913496
0.000006295593592292928519283703
0.000005489167417598384484745191
0.000004275676462433812105210472
0.000002957055020608477471124849
0.000001780563160373457387650881
0.000000886964709274477034512839
0.000000319356246175584222488872
0.000000071861013248601289682161
0.000000140171034439271136771776
0.000000539987265581313720460720
0.000001281785828530165120131687
0.000002318679170991073402432938
0.000003503086260502047117568495
0.000004587055352922828336170637
0.000005280328721603093785578065
0.000005349944911554555204919251
0.000004720790229906942527655055
0.000003530713920664497367988112
0.000002110141382080387137317465
0.000000887276714340131565449772
0.000000251629832558939052390977
0.000000426395677690904388338288
0.000001396601733306693410329499
0.000002917331604628704573562272
0.000004595349683523313670356625
0.000006011481174299833210095730
0.000006840058882284567157746995
0.000006928112486880639378516739
0.000006315716954996070755829363
0.000005200840357859211587465004
0.000003868453775695839289916825
0.000002609975667684250506827854
0.000001655751431961866887594952
0.000001134160676846574864330523
0.000001060862932479826462647127
0.000001353980089575659641839048
0.000001866785784717216633278006
0.000002428179874150842533964047
0.000002881800600924119870241804
0.000003116325338269532590091413
0.000003082064925971123515362291
0.000002792203503009018601606914
0.000002310515146315070250372615
0.000001730289218639998441082433
0.000001150683792116105051524179
0.000000656389956549011567368021
0.000000304583694756771579102727
0.000000120470940485483856866267
0.000000100267301676602996863031
0.000000218919690908438248062610
0.000000439511365206201989742869
0.000000721870935834471920120091
0.000001028952841828814904328866
0.000001330594467908296891391746
0.000001604980198904797887294845
0.000001838472279508378354954783
0.000002024483945716533066482836
0.000002161920619393926166053408
0.000002253532582723105177148525
0.000002304382209032097107237816
0.000002320546304827502376137444
0.000002308128927582254240964861
0.000002272623118005559353978912
0.000002218613751281101687727560
0.000002149759756125897328755611
0.000002068949379398776631166709
