0.000095828191069060778646201970
0.000103118117543580267735960077
0.000111156587547699272711457241
0.000119841777653682097191933931
0.000129063243864726163306899664
0.000138701519660223082045652498
0.000148627338243247563917548426
0.000158700625628222955973423147
0.000168769459371110848791563974
0.000178669230350831975727768364
0.000188222276466731548803107410
0.000197238271568926442581931591
0.000205515644923723718538038918
0.000212844271703179063401356608
0.000219009610933184185703470614
0.000223798374171194503889220639
0.000227005689130659667630124376
0.000228443584051436332071211011
0.000227950470521429582760469801
0.000225401156964602901542488178
0.000220716796023894917767524393
0.000213874070803889300938782636
0.000204912870459116047694436702
0.000193941705353577837842027343
0.000181140172523134142463022145
0.000166757905228469564991311547
0.000151109622623355832962688261
0.000134566128573568999501550159
0.000117541379540858124757261860
0.000100476033610958449598590803
0.000083818186864446621526028580
0.000068002278196318212866340602
0.000053427377226604582933881804
0.000040436239826268833316529061
0.000029296600663508669943040780
0.000020186153138313783360520415
0.000013182529725974140123799343
0.000008259332936347333375720799
0.000005288881966061099345320119
0.000004051849027695784176211161
0.000004253393766223004559526213
0.000005544810818700098043485067
0.000007549143848905142043632065
0.000009888755943165472163500392
0.000012212546758387786042339071
0.000014220425921563717100047294
0.000015682823227013182888203366
0.000016453442597443914010126378
0.000016474117240433631129603240
0.000015771432292009838425353094
0.000014445654964675176876978853
0.000012653341417401187246334453
0.000010585664926331786369608987
0.000008444939456251677423691791
0.000006421937117568767531975218
0.000004676401186468946755256295
0.000003322669010828963612408718
0.000002421614027542111661025657
0.000001979296371754024401831305
0.000001951893475775352409666607
0.000002255776105842661091965655
0.000002781088661940372792159620
0.000003406936604797698521415175
0.000004016288506313183239229692
0.000004508936139344764489533725
0.000004811263638601747894766713
0.000004882079664663581014029132
0.000004714286379751483128084950
0.000004332628945019697006913253
0.000003788142657812465362326309
0.000003150169224259248503574845
0.000002496948461313252799292873
0.000001905822146746247359953689
0.000001444035376732055067601013
0.000001161009571774679045939177
0.000001082805812177673996136388
0.000001209304875386016642327446
0.000001514402341039597284797283
0.000001949253343300372671016664
0.000002448306963927816893894680
0.000002937560394944726075707690
0.000003344166630760221352883449
0.000003606287248485282967316694
0.000003681940649988850640123711
0.000003555599727192148429158816
0.000003241470947582745930793269
0.000002782744679974854058377137
0.000002246618284489515221383823
0.000001715500509782442842726972
0.000001275422138965744768600644
0.000001003202172174339101324994
0.000000954251111555925423445630
0.000001152953656948646445737946
0.000001587321152784063351922402
0.000002209049149384965285804801
0.000002939322310686257412116248
0.000003679791790823651005600285
0.000004327256692773830747491583
0.000004789868366541749882935725
0.000005002282568784252375290733
0.000004937202654667402270944991
0.000004611213251952285152211134
0.000004083648049462057616596118
0.000003448344405974203209281790
0.000002819333283435826805499126
0.000002312591335313122784867780
0.000002026748382831157823194285
0.000002025949217351815635713898
0.000002327839843348547047810655
0.000002898902702257720950004653
0.000003658212865566806869179091
0.000004489312827675461759434870
0.000005258536949957833135074672
0.000005836991869129686059513434
0.000006122713235910098461425941
0.000006059396333317387581111381
0.000005648567429102560357161589
0.000004953052099006771230279081
0.000004090945551549110114492036
0.000003220777056503418289429980
0.000002519942910418105857877323
0.000002159536917658671679467151
0.000002279268559270974218875167
0.000002966145340728563535765989
0.000004240021014243678942618864
0.000006048079028274793057665462
0.000008269003524095332307848431
0.000010726199382433059553872655
0.000013208171180778134523223742
0.000015493239172482565216759295
0.000017375280153817244287650298
0.000018687179429780538547243782
0.000019319137346146072505134392
0.000019229793868094493603567580
0.000018449174890020430091696832
0.000017073561095760102278382636
0.000015253376950528885644896814
0.000013175965641378754929116494
0.000011045572824325210103588689
0.000009062978273115933979084576
0.000007407011939417847900754294
0.000006219733842453167368014445
0.000005596437578593161979423863
0.000005580957598562195397305478
0.000006166117311605944435227728
0.000007298625828145181423044739
0.000008887365294037274024018143
0.000010813827217488267552585046
0.000012943445546451120718375871
0.000015136705163476781767369593
0.000017259132314418944791718433
0.000019189549628331663229168988
0.000020826258237015979270408128
0.000022091058377689823865805407
0.000022931215963320748004849320
0.000023319617233718466513432699
0.000023253429131343824969556378
0.000022751609512669973182192804
0.000021851602531190554568052420
0.000020605524616045256807318059
0.000019076107232400600172096336
0.000017332622180579076895086746
0.000015446977793198243713961026
0.000013490140988951629497203007
0.000011529009609840552814203837
0.000009623829864191531084389314
0.000007826223346839985962170548
0.000006177856292340692766348539
0.000004709750912689654242103583
0.000003442206392710842065057932
0.000002385267502794130989855368
0.000001539654084759401821123101
0.000000898046745529623625275192
0.000000446614120321913511729223
0.000000166665349243250007834025
0.000000036317426835452634101343
0.000000032079648544645752238782
0.000000130274881815775352304412
0.000000308238045452771682850723
0.000000545254229824168328659146
