0.000043129854403508080919540935
0.000046147024860873861484313052
0.000048565585262732300416560483
0.000050308512436093612556643057
0.000051326401429150584222044218
0.000051597799823399914675731842
0.000051128457147946575222542676
0.000049949645179779412584690490
0.000048115720752999380140785268
0.000045701105590888322814050598
0.000042796849146462286994207352
0.000039506922829741751850181342
0.000035944370289156060975684082
0.000032227411978354590020405535
0.000028475576591065323233493631
0.000024805910452456116408554918
0.000021329301554878214340019854
0.000018146949850973518729739184
0.000015347020915051273802585247
0.000013001536144406643347279547
0.000011163577782711902623897539
0.000009864918017947974513467274
0.000009114213343385297217032204
0.000008895931883198000264057273
0.000009170195123621148830203066
0.000009873709044495068942433671
0.000010921926782080460872122879
0.000012212522063756704141391368
0.000013630160161594351341061288
0.000015052436513067892097567958
0.000016356723360381607464131282
0.000017427537422231988790879281
0.000018163935369957445107843078
0.000018486377582846129098139917
0.000018342489985622871312073712
0.000017711207854188552759770736
0.000016604904238658853098510940
0.000015069278586540750820821875
0.000013180987978045851481017671
0.000011043216741164174521014872
0.000008779569977608641046309956
0.000006526815102556518290437704
0.000004427062975865796828325773
0.000002619968375178300073850834
0.000001235443880150811248036643
0.000000387240214982001454179026
0.000000167578212074122895223024
0.000000642856188051898360260683
0.000001850333825669892818955166
0.000003795634540486387983160938
0.000006450925535572415043259267
0.000009753725975645914490373342
0.000013606441011141349130731011
0.000017876891237740908372670992
0.000022400262783771518113311999
0.000026982998562599056760133442
0.000031409146281261962055028625
0.000035449545024220842511473994
0.000038873959476109815232292011
0.000041465872552843932878543359
0.000043039162862640195660914044
0.000043455387188195631980279499
0.000042639943046626645444929088
0.000040595093620804285374208814
0.000037407782145908284739902611
0.000033250407744664836466076674
0.000028373303716498871301747442
0.000023088525637701404934687063
0.000017745637698219679832074488
0.000012701347396967388103856435
0.000008285910371029447287339990
0.000004770025820458655770213430
0.000002336304104468114069129755
0.000001059197139113635034818827
0.000000896501843649586631679912
0.000001694233091565726198764446
0.000003204965976076859821919732
0.000005117896751365617029208913
0.000007097143179747521213839023
0.000008823477039329169418027145
0.000010033988647843991240263609
0.000010554272053440228492770386
0.000010318618047446981520203109
0.000009375308048952497250996471
0.000007876193113985623607997862
0.000006052009056334727578839710
0.000004176972168358935964945985
0.000002527789751576496078753868
0.000001343049011100729698880898
0.000000788878489952058658759865
0.000000935812825730251499609970
0.000001750082610238704263790196
0.000003100364797433652586474600
0.000004778709338095981830763902
0.000006532267122659123846075899
0.000008100904523314783080550211
0.000009255029448358382605007572
0.000009828072816093742449959289
0.000009739025673272931496547017
0.000009002052417102347246845133
0.000007722212157004180421954014
0.000006078399007588343584240331
0.000004296436618565494142162661
0.000002616565479273449229649954
0.000001260171137952675355584911
0.000000400462527761575034291789
0.000000140986811811379470762976
0.000000504527357800889053936362
0.000001433310330255964774474669
0.000002799805253110042458232053
0.000004425991008468468564660599
0.000006107961726745296749058536
0.000007642277234326985929473153
0.000008850539879445409454186179
0.000009599238179838538939929633
0.000009812806034052042511417989
0.000009478933978826711999852994
0.000008646258739846508691723193
0.000007415493465114462838267545
0.000005925731626195052231787473
0.000004338006401593494432199303
0.000002818215032301282284510563
0.000001521273065530295105088148
0.000000577928320754683202919685
0.000000085134718750173151919207
0.000000100353727469588093317642
0.000000639689622133502171054203
0.000001679420487582808489701331
0.000003160277020364065894047004
0.000004993736941203979299848219
0.000007069617086831327661827513
0.000009264322004377297439651519
0.000011449211398823542663459769
0.000013498650786307935461145677
0.000015297393362542330335013610
0.000016747001783858594237521314
0.000017771061726660071874344185
0.000018318976261562113546765146
0.000018368174180244833704504434
0.000017924626573352281025527585
0.000017021648595565020946557624
0.000015717065007548259496315129
0.000014088929980072781118966875
0.000012230100657523108241509988
0.000010242055405378262537461308
0.000008228408174821982021349825
0.000006288590555639706347211462
0.000004512148945687268510029971
0.000002974038057290987277113056
0.000001731191560774140177200644
0.000000820528145692254666777020
0.000000258421081808181727452675
0.000000041536055274375256457452
0.000000148838359751184847332232
0.000000544495750630441514425950
0.000001181362416201797620058105
0.000002004723047807082541606205
0.000002956000289860621727206034
0.000003976177194231982212817376
0.000005008750121075371555757951
0.000006002097750640799254050715
0.000006911220145138514999306849
0.000007698861413532638659960004
0.000008336075955317681217705134
0.000008802329292854768415894570
0.000009085240081202175627356037
0.000009180071636480066529480484
0.000009089071995698875969195082
0.000008820744395873260785797057
0.000008389108453382437840693472
0.000007812989216061217868773171
0.000007115349085044797403001426
0.000006322658182527334517391074
0.000005464283322886684880119543
0.000004571865100410037892049529
0.000003678647147507274746766224
0.000002818721484324210979865956
0.000002026158999771051340369485
0.000001334004194607552196561850
0.000000773127868102693676100317
