0.000003122379477346076850327638
0.000003083380804567125639976130
0.000003026357650756821662975512
0.000002942273279001069304457909
0.000002825243186750771281015322
0.000002672853900860265634548477
0.000002486157195272881257637866
0.000002269367503209745044246738
0.000002029309457668365846035301
0.000001774678432769830800923468
0.000001515188741087739950519787
0.000001260690678795048542620654
0.000001020337831593057645372755
0.000000801879186701309812346488
0.000000611136488403418893727652
0.000000451706694495269360404915
0.000000324904201467912749403533
0.000000229930634408839952101004
0.000000164235139400677278290810
0.000000124009175289930518834884
0.000000104750129175979141325794
0.000000101829652852169223550064
0.000000111015345807274067017634
0.000000128915777938298523343208
0.000000153344051566891278495674
0.000000183617786924886460019415
0.000000220826908964951639592665
0.000000268099521487677877420623
0.000000330877946112110973992391
0.000000417183217183303333454043
0.000000537803021859191693316129
0.000000706295296486526726104798
0.000000938669854274677247294020
0.000001252605871199234320557351
0.000001666093192798210706364985
0.000002195453972636341857045846
0.000002852804246569014683549423
0.000003643140610181509035523035
0.000004561365918727998027676612
0.000005589675985451711291631272
0.000006695791985548348330807046
0.000007832519790109373949548582
0.000008939034934219222474651410
0.000009944128968017705797063054
0.000010771421298112992371394034
0.000011346264870634622436303650
0.000011603789119929997913091904
0.000011497270513992028991988488
0.000011005841231149161550955003
0.000010140475792666681849091455
0.000008947258190012590331474662
0.000007507136477850042197016225
0.000005931707516464307936628758
0.000004355012067085735469242763
0.000002921813539182094093208525
0.000001773324099980752231698559
0.000001031766019625620326723809
0.000000785453148723503799557536
0.000001076197344241122819867660
0.000001890755888514513895638357
0.000003157730855746587199150760
0.000004750829109703205835107606
0.000006498737527942006093071084
0.000008201129672195561469698506
0.000009649579922030497125366721
0.000010651506837466763143976341
0.000011054781516235116748812957
0.000010770385230367823459142647
0.000009790525027417904828830504
0.000008199926779475663092674673
0.000006178599873640307231145979
0.000003995152845097382776629047
0.000001990656064571073135388828
0.000000554001196288998756125216
0.000000090597303888485430618812
0.000000986976035260351065422284
0.000003574375647696681099310971
0.000008094582976826124410337122
0.000014671211108210310112187798
0.000023289187513818058127522403
0.000033784561661817411157456015
0.000045845876383906246994033584
0.000059027364983006249993420511
0.000072773226561519846022733915
0.000086451285771776118817266710
0.000099393542308568130663574969
0.000110940526980827077136240733
0.000120486051908152755189097827
0.000127518895945486713389138700
0.000131658202547207080213009789
0.000132679862784161519545511609
0.000130531867825639313418842336
0.000125337483435585558908670345
0.000117386053186998415742876845
0.000107112200654605127991478297
0.000095065097224030203340236489
0.000081870220394493400245528036
0.000068186587532179009844661433
0.000054662767515369652300289555
0.000041895022372443583322070004
0.000030390709138043620659696414
0.000020539597269819201961517374
0.000012595068824512229942722864
0.000006666325339808302932829293
0.000002721799074337799025221848
0.000000603037004441264424383165
0.000000047474974073145985036014
0.000000717821665529857922679680
0.000002235289334088313844970319
0.000004213682776031537770386644
0.000006291407940282050137870834
0.000008158778617335323791125677
0.000009578549129781678938134852
0.000010398325029892517860560797
0.000010554327056809133093297215
0.000010066820973716690318291306
0.000009028292051749067329024546
0.000007586061875139196280506612
0.000005921458800070266062086800
0.000004227828339698415918083540
0.000002689600481283266446557324
0.000001464339766037577710225816
0.000000669237161220581250499614
0.000000372923777784385248729702
0.000000592867188194671945714758
0.000001298022372318186815523641
0.000002415912531934494877666926
0.000003842955396909485398264025
0.000005456653394163794908318897
0.000007128235387304719611410286
0.000008734458653272845213700985
0.000010167522084194730036272453
0.000011342364951445744783681095
0.000012200985236315635781454911
0.000012713763921157366891946487
0.000012878088981137615900095759
0.000012714806773200605896265679
0.000012263172392202688606240198
0.000011575020084231539568451683
0.000010708837424674018086803717
0.000009724319791295700594262012
0.000008677828290711665304782430
0.000007619000984695848148389036
0.000006588598970996276955175690
0.000005617525829115218921269714
0.000004726854267140526814103101
0.000003928632574112120653822902
0.000003227223274871021059707768
0.000002620939109823242822125714
0.000002103775940975211953539803
0.000001667086871725113790350848
0.000001301087111526432103127799
0.000000996118547970452766838795
0.000000743633864924168197716435
0.000000536882676840130310278126
0.000000371298735341886862892263
0.000000244600554616022661836856
0.000000156629976663687278490452
0.000000108965218110469977414787
0.000000104356455943521918947594
0.000000146041721593138552353592
0.000000237007158175617157508210
0.000000379257249598789026837520
0.000000573156928900545741270773
0.000000816898946731742820484773
0.000001106137787481933209144790
0.000001433817500161971858089810
0.000001790206844538293965072543
0.000002163142556317174332628731
0.000002538471090022152746267219
0.000002900670966054542943002303
0.000003233631265772538160849833
0.000003521555928578105163238637
0.000003749957261098989736629403
0.000003906694640675742815922461
0.000003983005427589874714380813
0.000003974464883141747158744328
0.000003881801432649303215086274
0.000003711484611772566187645923
0.000003475997753562052152223605
