0.000003894580945099829361727688
0.000002669762363879978923360920
0.000001858979241507368381381565
0.000001450204009544632377859733
0.000001413564370566160034609093
0.000001703761340667957736196686
0.000002262988866063863563560720
0.000003024193372048911367973431
0.000003914519180160257018157542
0.000004858802572745723125839743
0.000005783000176208775144350797
0.000006617462725725351532291615
0.000007299989570455075707955828
0.000007778619005598971471908756
0.000008014121450903929577366282
0.000007982163847721625730209823
0.000007675102414778367453346113
0.000007103336413782062221252637
0.000006296119220611926674041527
0.000005301679037423674522970258
0.000004186457820992878839773486
0.000003033245033778008882286445
0.000001937977480489698927149361
0.000001005014200230420873776035
0.000000340791214499193023757602
0.000000045924460050514910063580
0.000000206059711214060939628512
0.000000882050102916076865751176
0.000002100341662406845773085340
0.000003844714333768583312930973
0.000006050697099998090370035451
0.000008603985044328884762630631
0.000011343978974922284521710016
0.000014073117371576920496198393
0.000016571990493134622368393699
0.000018619382451639035491730567
0.000020015493089082372966773515
0.000020605798030112197117853096
0.000020302474761478204562078001
0.000019100197492896985344487670
0.000017083473237688557536551742
0.000014423565586405933503606411
0.000011364347962641268210558405
0.000008197974618276569118511393
0.000005232822606197728147097228
0.000002757485729248180728918763
0.000001005459531433732959254819
0.000000125378977117989965576594
0.000000161189631101403066373712
0.000001045491453153484490999950
0.000002607636916854880606913506
0.000004596214398791112745105807
0.000006713566730540682087188462
0.000008658247973929465157185391
0.000010170040186392061815588705
0.000011071509164101395349317537
0.000011300174167381045209910054
0.000010926223603398624566879205
0.000010152270525874630864582304
0.000009293776415311111346157467
0.000008741273743661344479112876
0.000008908115008784376769078797
0.000010169842587691991218391829
0.000012803057414276853746100057
0.000016932528524812416202607185
0.000022494966624028441497641986
0.000029226257280299476181556484
0.000036676082186325716994520357
0.000044250046531971402982621328
0.000051275192556391641399930054
0.000057080790038267772913867237
0.000061083283489475734186896494
0.000062862885639415545975527966
0.000062219946631236676902985960
0.000059201956854881764252644671
0.000054096511495079667919058664
0.000047391053389608686716855113
0.000039705736139751315601047199
0.000031710260443526696151964051
0.000024038133876459420441937948
0.000017211943883103744971831833
0.000011590863114425004799941908
0.000007347195181097600141036270
0.000004473221012646908067002336
0.000002814066863770668746013966
0.000002117918541191556398492740
0.000002092519382054382143319281
0.000002456915947264457313249262
0.000002979710164226321754898322
0.000003498990402070482030850388
0.000003923658976193943931007595
0.000004219969140147883176366651
0.000004389819855389886314581994
0.000004448204400525221314990215
0.000004406137312320221523936643
0.000004262839414136226733184273
0.000004007728783710228325615731
0.000003629752392666925845933447
0.000003129583325264735952850326
0.000002529666497907561939587637
0.000001878061691623966731105010
0.000001244135682772162357196907
0.000000706736952967879186194298
0.000000337795618230935387068078
0.000000185693448500100194319731
0.000000262893350766254508112872
0.000000541217235459943496526892
0.000000956167835264872443369133
0.000001419379035458883264069537
0.000001836278648219663113931870
0.000002124864263786488556405184
0.000002231383961540992408290572
0.000002139635847616839816047896
0.000001872245350728756250704337
0.000001484179145970294837748155
0.000001050421524467590643229435
0.000000650796089904589132081342
0.000000355183884300237169741191
0.000000211910058158275406840526
0.000000241066522829425736687044
0.000000433324323955408354453530
0.000000753679861161145776589506
0.000001148800890073880717599407
0.000001556288865180292637285320
0.000001914221884132506025294126
0.000002169664443078017277387326
0.000002285269495338477697033049
0.000002243518705572191695871371
0.000002048468348850723802213837
0.000001725075897125907773373469
0.000001316309877994792911301428
0.000000878346273049290600922693
0.000000474270706632287428212568
0.000000166848473615456953327545
0.000000011071463950718596778667
0.000000047296927479152002871858
0.000000295809475796781289539783
0.000000753533114048301648522173
0.000001393391961922971388206463
0.000002166495205273253888523339
0.000003006955365253009954514202
0.000003838800205631819867477424
0.000004584163493576013433811189
0.000005171778393218316865489158
0.000005544768249996580174426396
0.000005666830513938692648616587
0.000005526120779468786580683037
0.000005136433527018317755322586
0.000004535605368009308283180556
0.000003781394207272405976421161
0.000002945374048522362343024549
0.000002105595916885761639391218
0.000001338875769077690801653465
0.000000713568695924058186839034
0.000000283579173632472692310341
0.000000084159250043082490905200
0.000000129792879555499546789037
0.000000414195008428505802143159
0.000000912208518739735271521282
0.000001583193851163721698840935
0.000002375395643514864450112148
0.000003230743507228554688072864
0.000004089591087977276280432219
0.000004894998800257323976641878
0.000005596295354096875984662406
0.000006151785613824580140930609
0.000006530586362198995217136829
0.000006713653818703236995013225
0.000006694112548671564339234068
0.000006477007672316289593446650
0.000006078589488452351704910435
0.000005525212907011316755480530
0.000004851904600104652442603328
0.000004100627652096211195581043
0.000003318262564314883014866559
0.000002554326956701343067827155
0.000001858473097547017479855020
0.000001277828849578720022992320
0.000000854278603362983064096396
0.000000621810665611663836730089
