0.000000958182689447389443476851
0.000000620797467873118250162429
0.000000385331870855329983012135
0.000000258290058596904029270116
0.000000239838722358568083501383
0.000000324308662343401808439506
0.000000501180745611354070969898
0.000000756335671976994457864200
0.000001073359994749796002383425
0.000001434751637344645439515198
0.000001822942903501432743975860
0.000002221137306255217185122636
0.000002614015297482116532610218
0.000002988383453529398193994262
0.000003333812738409673836212713
0.000003643241326088175597555825
0.000003913431197040148585902450
0.000004145103565437013561295956
0.000004342576243729275934355762
0.000004512812676346755854284078
0.000004663964997406114734311740
0.000004803711871334439765981583
0.000004937881541856051770809401
0.000005069920628333339884092311
0.000005201643122072027267013654
0.000005335344515817993470672715
0.000005476843300655841271368240
0.000005638451777445660643474108
0.000005840479231928651316025150
0.000006109842204876144335231550
0.000006474843776860088068875188
0.000006956192496701061518693011
0.000007555682056530882615926793
0.000008245286647948444830390040
0.000008960281894947691130231052
0.000009599945778523239379108854
0.000010038187912948020523266901
0.000010144184406756857585161537
0.000009810221184239849536909937
0.000008981237239607086899001800
0.000007678885367189291789044928
0.000006013000427376353498008787
0.000004175461278370418961543905
0.000002415237146012234163580884
0.000000998035831865673257105951
0.000000158180087211676526814369
0.000000052898517032952080687472
0.000000729296296492132981048335
0.000002111720086753318764108845
0.000004012659678570846191335460
0.000006164933372254078098478360
0.000008268112822376200165847698
0.000010039189499394962650944893
0.000011257058007561101731414978
0.000011792469542728583025825023
0.000011619014762850115329872493
0.000010805333039183584871141888
0.000009492921296879402683803820
0.000007866643578959172161874959
0.000006125749660131101855420777
0.000004461825687415899850229561
0.000003047030697766924040628114
0.000002032016875622739575840735
0.000001549134528968758585965059
0.000001714000108323199810802465
0.000002618216207316730401714238
0.000004308517402068092703179905
0.000006752743844494724803173384
0.000009799849954261813980141080
0.000013147868404968895671429581
0.000016338092694384315233966862
0.000018793492519208333899494862
0.000019913089231342255927027785
0.000019221707015509679897583006
0.000016558050402570849586863372
0.000012267079350175269424820350
0.000007349898993489057107695098
0.000003520535970761476098284462
0.000003127283337951100808545755
0.000008917348223651697263262249
0.000023654591454284041684812123
0.000049635317744173076547238577
0.000088178410429746892189306617
0.000139185410708655022543611679
0.000200867085318931552729779244
0.000269712990628269487329571330
0.000340741680804670216652085823
0.000408018361112802430135104714
0.000465374170009073178169711760
0.000507218226545511118377729254
0.000529309908371200467033790282
0.000529360405097993765022312829
0.000507359860287053053388983681
0.000465574163753372581402156793
0.000408213980374462102537758135
0.000340835931981239197499644611
0.000269580488436114095417150960
0.000200374612487941999861007503
0.000138225880146223222520729390
0.000086710371002675590496391878
0.000047715462484875781064112832
0.000021450081977553386945040126
0.000006688973042519819961959290
0.000001182602529637111796355559
0.000002145803728491546170936569
0.000006737536161393902152708883
0.000012458955385240143054524989
0.000017422311627161057357750240
0.000020472725743030545261747985
0.000021172508529033864444531682
0.000019678671197196838350221976
0.000016555990767359914924783740
0.000012570049262045883888970661
0.000008498560057905297474185879
0.000004987769375629322924595600
0.000002466986298627277774487892
0.000001121321976849804709803213
0.000000912717602648597340565437
0.000001633488245956653129843878
0.000002975031359225188194077630
0.000004596310790119235883716305
0.000006180963883550963748061361
0.000007476969418042199574600537
0.000008317518461084648593033448
0.000008625222711883953345310926
0.000008403750385167725044945584
0.000007721520283712051139959204
0.000006691623653110035249106258
0.000005451188799035614481554215
0.000004142386769504835133763870
0.000002896452668130281253436927
0.000001821531487487077429309585
0.000000994780591089790142272377
0.000000458856126977213914038445
0.000000222589221828852751376999
0.000000265299077011495574027536
0.000000543838045917994224477394
0.000001001194956343999097154117
0.000001575367097847328729101147
0.000002207283211273138694966025
0.000002846810268686350776012536
0.000003456259761506711507511418
0.000004011256687327948432816947
0.000004499271567717544632533655
0.000004916472457957167344359730
0.000005263773666645346231479294
0.000005543006724276920855196734
0.000005754012894375642027280753
0.000005893184921245534102919161
0.000005953628797221381602287459
0.000005926752041838946893925495
0.000005804790327190592632926845
0.000005583616152885918043310195
0.000005265155528840739958262862
0.000004858859556894806886850457
0.000004381897762039832211467243
0.000003858005114527184702675252
0.000003315170963956173835686554
0.000002782561928672374974077109
0.000002287193717827617964720183
0.000001850896293447507765314456
0.000001488054448149694996807657
0.000001204466104892266558489726
0.000000997468540369664020085933
0.000000857271459270517069244100
0.000000769242025073087149427504
0.000000716744160732186556116315
0.000000684066170292519056794745
0.000000658985100384645933024712
0.000000634604355686287746162854
0.000000610239902962084696835842
0.000000591289383969082753057290
0.000000588167492686349063226673
0.000000614507287750696998621103
0.000000684899133158535269093954
0.000000812466420545284665198941
0.000001006568176163155903777863
0.000001270884921521770832109717
0.000001602096955820584076916565
0.000001989311227713585786090874
