0.000000540270617987189763169859
0.000000250895470730024592094254
0.000000355251353195189894420137
0.000000616540294187822245369909
0.000000871876975289353635876469
0.000001019949973762568600898354
0.000001012496124181989226586964
0.000000849518400476987988472366
0.000000578199258522983113588623
0.000000295541097239989759298562
0.000000154653347939985300611815
0.000000374099074366253999794776
0.000001248727535157284109285287
0.000003159041538453226012503556
0.000006574667601591098153282662
0.000012046375884190319575017467
0.000020180887460512798848005084
0.000031593905799628046538254922
0.000046839684410636268072948563
0.000066319871647100593885920672
0.000090179761894826571339348065
0.000118205403288225240456335574
0.000149738992891750244624074484
0.000183631412952272194414118922
0.000218248803059365792996610045
0.000251544566697018496994470160
0.000281199793906392709556124609
0.000304825023334736428751862158
0.000320206201034366091766336648
0.000325569208898478321817515635
0.000319831625076787986160231636
0.000302808071035223877898873157
0.000275336741138199471261305273
0.000239299444955642264584033674
0.000197515784218531850833372454
0.000153504260364363233825821253
0.000111119519349546025735464561
0.000074095323484903158469880302
0.000045545431832965760322526338
0.000027495416614782677627512597
0.000020531435242045052193271548
0.000023650047229068670495352733
0.000034370657061246751961657714
0.000049127823042245019862905159
0.000063900107592691288561741192
0.000074968415920492130054969548
0.000079648110147958944078812327
0.000076823865499142074647447032
0.000067145881238972766739438180
0.000052819813863093133330783163
0.000037024952038475354330285955
0.000023097974060150896482776495
0.000013691277950193671915282007
0.000010130067790883159802852939
0.000012142027972284959879854457
0.000018029356295565421682480442
0.000025225434221967003590439069
0.000031066864621513644285043243
0.000033551369225158081735765209
0.000031862286519669244728211049
0.000026517398769488228609794364
0.000019118105148196772112133973
0.000011796175121916117471991201
0.000006541230285666453785910733
0.000004617292493274786394053758
0.000006236450597356012782990480
0.000010568399672987293112834742
0.000016057393494211622816470256
0.000020927722834572445197902704
0.000023712014428377034238248564
0.000023644347878355410967577896
0.000020815206174303683273182561
0.000016066183879010164482032882
0.000010681696504500421735948598
0.000005988496098010036026494142
0.000002988100331643906676479423
0.000002122576717835909652009815
0.000003222871995229454280840762
0.000005630073856469696419034966
0.000008432389643660493164234460
0.000010736761900441122604657647
0.000011897176289215264166697177
0.000011646292983150210545201415
0.000010111960595563040815896179
0.000007733397146081737793068579
0.000005114353422173033927877490
0.000002858665909398336881202651
0.000001428688641713834220982370
0.000001053940882002803516520411
0.000001701529716802272277736659
0.000003105865946552230027707421
0.000004845049949716241760567202
0.000006445266659790033783811528
0.000007491824713765776405454376
0.000007725392480596360756002483
0.000007104408580768679333853049
0.000005819915522601712876051699
0.000004257352028434840603176356
0.000002910473908355328762900469
0.000002263747872977736948381638
0.000002668603722494255486180105
0.000004243059919741878103854275
0.000006821528569380985694016982
0.000009971765022926141943532263
0.000013080622803200615082426343
0.000015492892889972174728799650
0.000016672399318463012869544204
0.000016345930250550496769810019
0.000014591485402855964231090199
0.000011843491620623123887121562
0.000008807159663227511395126347
0.000006297584299394170559459934
0.000005040466484381146437050887
0.000005484312738352861635586933
0.000007674215822834186154720836
0.000011223693429430498132420152
0.000015396422755926402630745342
0.000019280460858921244455882124
0.000022011922400125230484067146
0.000022990695184157447603524177
0.000022032110336670710068387308
0.000019415395197983472070149547
0.000015817363251821032587695476
0.000012150090706286063244869963
0.000009345637506925517576372719
0.000008142640899916246549909878
0.000008926302610790592947996418
0.000011656863276390825578661230
0.000015897578433119487613346330
0.000020928487535050399967083076
0.000025913267339458669969234905
0.000030077247292399187804292499
0.000032856281465586676185375303
0.000033986886142419157365562182
0.000033524258988549979427010173
0.000031792170512825745378165249
0.000029283273495579184776032092
0.000026537229350239294179119448
0.000024025859088341522461045041
0.000022069598652742844697213082
0.000020799643047251926937036073
0.000020168060706770076244333939
0.000019996910050318052144355252
0.000020049589226679015441234810
0.000020104787117581954773585032
0.000020015551180105352043012840
0.000019741921113369138298613420
0.000019353272947624733461282828
0.000019003834951313015416392641
0.000018890130677554437264907897
0.000019201576635251593500475914
0.000020075172733632945965432520
0.000021562844284614586520820723
0.000023616454401959743425280791
0.000026091689741355655949954506
0.000028768605193497271690309530
0.000031384029356075509491555420
0.000033669522274372816689549937
0.000035388232146541607884594749
0.000036364775176369355596476401
0.000036503969954399946812144406
0.000035796549285772188454812781
0.000034312390914561428879522853
0.000032183876201865355799140028
0.000029583319833286863376848805
0.000026698823126321329047769271
0.000023712428452964560087433410
0.000020783331755057691224430894
0.000018037494744942862955885618
0.000015563642057690972993156883
0.000013414597361709730094329884
0.000011612335965505829119123402
0.000010155003662265225621691954
0.000009024368158022715998250844
0.000008192582020066819595565007
0.000007627601924710826899816377
0.000007297023416025533808205138
0.000007170398090567927595298959
0.000007220289249568005470315910
0.000007422409012551975318746581
