0.000021667670287389866799971153
0.000024957858419117650742658290
0.000028829765161444026341742639
0.000033323026563780552735793278
0.000038476462989294786401842097
0.000044327663385180810645680438
0.000050912335723893865067381237
0.000058263252477180188775712777
0.000066408668871283655483171715
0.000075370142247252773157195627
0.000085159731374809553633084547
0.000095776603564867206154660739
0.000107203123437523044152695773
0.000119400539000813913693456458
0.000132304417847869341257061038
0.000145820019857857555763830382
0.000159817825912413958352326082
0.000174129480031843918022907425
0.000188544451527015310575083329
0.000202807790284065427152335181
0.000216619434811275100296809604
0.000229635634852817430541851995
0.000241473153212587985684545178
0.000251716986615609116841041359
0.000259932351132932291330052132
0.000265681562256649692402299401
0.000268546150282616903799681740
0.000268154047800002503024185962
0.000264210956937883066630856632
0.000256534085790414046086838074
0.000245085432376841608030637598
0.000230000849623870342805509459
0.000211610455501015664757022416
0.000190445787814636413506214074
0.000167229645762696755260934278
0.000142845929913917114905189121
0.000118288972282507140118545941
0.000094594649732129937563622490
0.000072758631540565540615252138
0.000053649920624040286273176426
0.000037929842560372188826900430
0.000025987302840128036142582080
0.000017900128408562745470746294
0.000013429567675788725613088455
0.000012050809484846505229439090
0.000013017284143854455967861949
0.000015451354780960508111115059
0.000018449712177279289801413650
0.000021189177236586114968543149
0.000023018250851753786507397637
0.000023521790888028848908949953
0.000022550349454651799413137936
0.000020211271562765499999313884
0.000016824661908885120978817893
0.000012852706460210987357214996
0.000008814649857589419918498658
0.000005201345470661656878721621
0.000002402503849460515891072777
0.000000656811706249880341955275
0.000000030610568113092321823729
0.000000425694668961065751661014
0.000001611962200060246994625084
0.000003276966261752565517007159
0.000005082427312628582097753151
0.000006717696341640209771722131
0.000007941835803156228760016355
0.000008608940703170465185106557
0.000008674885936494991191996265
0.000008187137018226095286398472
0.000007261970600574753534177126
0.000006054996358015734662396095
0.000004731102849685896752319689
0.000003438994406459797707520431
0.000002293697285700622828921507
0.000001368274921602218051531639
0.000000694001540622733774074714
0.000000266801101990212329870885
0.000000057087117997167367784579
0.000000020250203339695113446569
0.000000105755266536525394373949
0.000000263825411775691150900790
0.000000449669405177240361846632
0.000000625881113385394277707748
0.000000763862657309796545381593
0.000000844918695752470403095792
0.000000861197187630499531342532
0.000000816149347415691238670542
0.000000723879451406925494900860
0.000000606800296712418523026170
0.000000491415132409149642563170
0.000000402685417926671262460247
0.000000358091277062119992583125
0.000000362899308599976284776291
0.000000408131646904715974712326
0.000000472219315946618590300299
0.000000526416960285264876246748
0.000000542987172997731416624137
0.000000504237221823321105275027
0.000000410000615974266189259635
0.000000281288971052570596035892
0.000000158619109342461214927708
0.000000094787660631757246284417
0.000000143315012298677343632660
0.000000345036876218854805951008
0.000000716038581938364154769899
0.000001240080904814375348290127
0.000001867819698219147562422626
0.000002523640606740413931571550
0.000003119148055238181284159159
0.000003570687220554399350202612
0.000003817149011163433594876447
0.000003834008528123453006129437
0.000003640186681792097955014153
0.000003295793198467718418729179
0.000002890798539885839568778494
0.000002526751158325716946963799
0.000002295330340640122084326430
0.000002258404386469505996869970
0.000002434119478734318537744208
0.000002792374255651486960076377
0.000003261071031443586971059314
0.000003742196308344925460983525
0.000004134585525675720626330532
0.000004358663681167329823420986
0.000004377883010205152263753098
0.000004212139858795752974849301
0.000003940029955965239676833698
0.000003689051481904657910386100
0.000003615298378918011105070994
0.000003876279972249585282226617
0.000004601824067787610077564803
0.000005868322191073028561722567
0.000007680844991177468279405262
0.000009966104623965594378571728
0.000012577240652296330368801677
0.000015309389594736936093290203
0.000017923354992920026429459313
0.000020173686452991608823118869
0.000021837193961168332041180781
0.000022738294390596598156103689
0.000022768418418741175941353780
0.000021897756526326610677099863
0.000020178670805978264927646459
0.000017740993264974578506442543
0.000014780108132960365549253383
0.000011539188495215236019710535
0.000008287281264478145919932447
0.000005295164883850092768600298
0.000002811065965885048380576818
0.000001038395470701867341641977
0.000000117599079131876308323736
0.000000113949312036918741979827
0.000001012602063091167023587661
0.000002721510899922225704095861
0.000005081912155961607432301877
0.000007885186606178949499166946
0.000010894118190093856899974996
0.000013866045426685974848021385
0.000016575231855559792394552016
0.000018831996748538496882227969
0.000020496702720978576643673374
0.000021487487672622722378358573
0.000021781512896084192468411367
0.000021410329611234431366594694
0.000020450618649973259185505248
0.000019011953434526578890929188
0.000017223349817759860228309418
0.000015220223901151069776922602
0.000013133044913303905317251627
0.000011078528840860242752068728
0.000009153755106901418305454139
0.000007433174387048289123388657
0.000005968158339326889129318639
0.000004788542996663506833346629
0.000003905534693860837555927801
0.000003315361410529044962347545
0.000003003134739201040739550470
0.000002946507777317881110256759
0.000003118845097719423735421361
0.000003491742414022260316853194
