0.000007965873523909058656795878
0.000007537004297703436115252358
0.000006956558125911775121311478
0.000006245165234228866429878283
0.000005431756973999988369729633
0.000004551397208236101317099798
0.000003643458870439180673488511
0.000002750263320851988180492384
0.000001916021857383410668208617
0.000001185702352152892826792291
0.000000603347567985237041436912
0.000000209432702142006897716835
0.000000037076875640539111130004
0.000000107288988972001102784851
0.000000423863949824208125653280
0.000000968944553880747709063721
0.000001700499847451490201131119
0.000002552924747638903221465343
0.000003441570359212388380981424
0.000004271290963964697277996038
0.000004948171929722987976427769
0.000005392706965782781065898207
0.000005552087315853463200094296
0.000005409169893643352623627350
0.000004986197127560415700382387
0.000004342359405537185058909788
0.000003565564535760710972145913
0.000002759962280570951251453503
0.000002031552253442049630916552
0.000001474408475205081875834194
0.000001159702696177403984242275
0.000001128976327578373477949266
0.000001392230663314963420767252
0.000001930563393870736605144236
0.000002702365243570349608514484
0.000003651526451247788078593266
0.000004715728726397671624842676
0.000005832837204741809583813730
0.000006943842390739689461533375
0.000007991851852950388674962263
0.000008918178752439672371250638
0.000009658172571047995264535702
0.000010140391065052773141648597
0.000010292350578576359330863939
0.000010054133612778624415492155
0.000009397960156769357006282389
0.000008348492786291707634313553
0.000006996534995799432075599435
0.000005499067162473795180211052
0.000004061635021055872076672661
0.000002904279048210569953491827
0.000002217851768124393066781768
0.000002121705867409530848761556
0.000002634698504683603049482659
0.000003668600274060688907519501
0.000005046967039969400085626210
0.000006545088734508934901596376
0.000007940081963483938204883747
0.000009056679403293338491247322
0.000009795108686370169483442066
0.000010132764392867040924468836
0.000010099997352623173570108570
0.000009740033459263864587312706
0.000009070885733706066829926985
0.000008070186621629142935049894
0.000006699935300118833372275910
0.000004976652245514259558997749
0.000003075169400280293123116793
0.000001435691832794619489946592
0.000000830247130902891783743917
0.000002342851512725756805326574
0.000007232105372395191877010149
0.000016675241771969065023061354
0.000031432604616811728810883697
0.000051509497498379885384051785
0.000075914395691585365003907493
0.000102607192235297669212490401
0.000128694345320419338551953814
0.000150865790395166823791711641
0.000165997543340809657844842073
0.000171786000549221338227004474
0.000167255557470088209257724765
0.000153001875044116207938427188
0.000131096431809594841932931075
0.000104666956519861611670310642
0.000077256377921014409045075144
0.000052122558241714640964517558
0.000031653345430803003833584303
0.000017032746079703106340929447
0.000008217375702696346249183021
0.000004193036464048270345187416
0.000003407808082172174796522796
0.000004242253389498555365304863
0.000005387186492321366398277130
0.000006047079428563325619104367
0.000005952839049899424136297332
0.000005227655899850810873141609
0.000004184992364407266564395142
0.000003140619196141930339076422
0.000002295527064277654653157287
0.000001707347903356718147173214
0.000001331291389018514301640630
0.000001090446065622115305840021
0.000000934483561252741172509229
0.000000861593422860151370110821
0.000000901351373320270845581042
0.000001075555898730164238152581
0.000001362465005039131740461862
0.000001685550741982084241125939
0.000001934490895481694902434270
0.000002010380169283225170086130
0.000001875821415038081511748218
0.000001587824518652730859181229
0.000001297700961039605432813422
0.000001214418566112380921002143
0.000001541333982936451029772560
0.000002406053396377462934047509
0.000003806216072816443137286860
0.000005589537719002423936799466
0.000007476198371611594008744311
0.000009118997416595903143408594
0.000010185546631723484294128161
0.000010440396913008094401326478
0.000009805092257284841631781794
0.000008380435197689303487996425
0.000006425666066200728692347968
0.000004300667249682050684734397
0.000002386488939347320930006160
0.000001004113255230084600109282
0.000000350564394595216922460791
0.000000465940122480856654660543
0.000001236573279530865721164844
0.000002430721167388428658373469
0.000003756106913885251822395354
0.000004924754977978186997638384
0.000005710381119039598162099441
0.000005986732322039887562131581
0.000005740679569933426756997083
0.000005060136923303208415412212
0.000004102541098875594799584576
0.000003053423150070477137558306
0.000002085760507209368330001041
0.000001329203667561022298582033
0.000000854540324555384241955193
0.000000674080141521159778399130
0.000000754430846783384255993499
0.000001035573222746419980923207
0.000001449784232139192767044593
0.000001935572156734698113616762
0.000002444506414667824735893710
0.000002941535626938235078959910
0.000003401190214856097906884289
0.000003802582506117247662582193
0.000004125536068214002562528665
0.000004349043919871111513392788
0.000004452158132298908263687048
0.000004416713701864436125927096
0.000004231038186120234683741670
0.000003893823840714732299327517
0.000003417425922877535768306962
0.000002829891207830324562224429
0.000002175056069111015873921572
0.000001510208417252312794611504
0.000000901175080931728374097336
0.000000415250617681777908622877
0.000000112974002222793789343786
0.000000040176872361237239899115
0.000000221802874704753365990242
0.000000658681903889779775659115
0.000001327822421865515346969724
0.000002186043136123342502103025
0.000003176109043316636002733493
0.000004234125544895525748332558
0.000005296848214445588914510085
0.000006307762388039050254742637
0.000007221186893146150655143321
0.000008004142257745129403916952
0.000008636183805087025875876772
0.000009107749612812845036976042
0.000009417763006297478518705560
