0.000012730370730130657831898067
0.000011850360777860934866122580
0.000011163336888786305235721219
0.000010618229689967292837522554
0.000010167560510928552212840843
0.000009769825662393585884776120
0.000009391000618512374334672516
0.000009005250255903305222726467
0.000008594965909642438681615047
0.000008150266974840189316544800
0.000007668107967788425152495108
0.000007151125589690759171872855
0.000006606348266213736193945474
0.000006043875819676672929859490
0.000005475621126821890799420307
0.000004914189366640730518827427
0.000004371953330821119382862232
0.000003860364295949892494367456
0.000003389516295124364593353578
0.000002967957243417603138241042
0.000002602714676712625718399408
0.000002299480093301982771203038
0.000002062879049713950834361040
0.000001896750382100348413541525
0.000001804373131043361819047079
0.000001788617787259030884799223
0.000001852058952218114146084753
0.000001997162851604157410062481
0.000002226741558821230186182138
0.000002544925766943965338682827
0.000002958924798051946111472447
0.000003481792073702174008446690
0.000004136279179737674711208641
0.000004959638463694668021825365
0.000006008939067694336328806070
0.000007366133419815038685515493
0.000009141810589171986287321606
0.000011476373563759685066240288
0.000014537354745897177707740153
0.000018511798006694158021633034
0.000023593114442160269625002253
0.000029962544015381674692918845
0.000037766254396110883972091654
0.000047090058629908014813797434
0.000057934575473177680777093351
0.000070194219237364169740669984
0.000083643538326156843419265097
0.000097934023941534248934061291
0.000112603562300327996229497296
0.000127099278852319582527874431
0.000140812787995333053630772624
0.000153125057017769624061881428
0.000163456497747484723716618338
0.000171316786442685304626964982
0.000176348500035343399043250012
0.000178359066550746309370162335
0.000177336756604012322482630259
0.000173448356356189630237893406
0.000167018507643980189131954761
0.000158493143406879336823264715
0.000148391619888193099794163055
0.000137253712067242486039378435
0.000125588338844463302335432986
0.000113830590199039759333361765
0.000102312362573142549165318427
0.000091249847113912402872017149
0.000080748563814634797750069417
0.000070823983132343976782882566
0.000061433439532680277767040522
0.000052513390942904910468902457
0.000044015383462396158952521785
0.000035934461583406728803994495
0.000028325167493680709565476508
0.000021302477222748250618167276
0.000015027668942968197958410734
0.000009681772348516213489637121
0.000005431461991327052425888085
0.000002393652587544220055725680
0.000000605383871666324819039453
0.000000004777247385570019314841
0.000000427029958660041093004373
0.000001616883941680482776858665
0.000003256191933328869978690702
0.000005002583757855828983259188
0.000006533263891485801530588720
0.000007586992810119138910221904
0.000007997495578425058000118959
0.000007712876577101891644523864
0.000006797875912850129311308829
0.000005418597841667022555758263
0.000003812198545378782777272916
0.000002246454542056463283129612
0.000000975734111027834772884686
0.000000200399114432434364018281
0.000000036001146405717783000032
0.000000496932666388657229408548
0.000001496754713424812595345958
0.000002864671382782801617206429
0.000004375024473704038310731095
0.000005784668538324388075907989
0.000006871975151809203379948791
0.000007471161789557678786896557
0.000007496618170228549807277384
0.000006953712212287639529532945
0.000005934868298802372829062104
0.000004602121831841551423262267
0.000003159466368203696985976145
0.000001819791307144384225242834
0.000000771847829938888302695691
0.000000152416673282896576045972
0.000000027773096492542112398837
0.000000386870038259888026815133
0.000001146692654819553714839325
0.000002168308745233451510401549
0.000003280556110285864526943068
0.000004307301097393986673799154
0.000005093896503073457416395278
0.000005528865344091788917694780
0.000005557830617785947432258047
0.000005188103231874457230284828
0.000004483883831032010930568461
0.000003553475115843949735521283
0.000002531019198508735152470996
0.000001555916168009548385486418
0.000000753178839062347602769623
0.000000217559878531325481939364
0.000000003457957427412661603698
0.000000121534926539641652241827
0.000000541849795377557361484710
0.000001202325134377820764310161
0.000002020658203573388454510644
0.000002907463527550438483581900
0.000003778505207977078181997253
0.000004564295412088647452199686
0.000005215993394309689730253474
0.000005707297224943931466178623
0.000006032733096626278853258536
0.000006203291754287947916348019
0.000006240658846560565797226706
0.000006171311494371609529963757
0.000006021537755103476636988485
0.000005814053388436631779941782
0.000005566440417215001682676480
0.000005291215172422490536105564
0.000004997031064926132061195831
0.000004690379858083603433047040
0.000004377180570938925672943957
0.000004063805873045028671096835
0.000003757334662040042383754747
0.000003465069412785332184654200
0.000003193557563339895387301455
0.000002947467124022165063949776
0.000002728673918824971404825577
0.000002535833786734362198668057
0.000002364569971564910629013585
0.000002208245682188688233159399
0.000002059154661188791659020029
0.000001909877922942293534085264
0.000001754535724097662356159300
0.000001589706445110946685485894
0.000001414870951520689971094989
0.000001232347238759282961173937
0.000001046780211524926624543932
0.000000864325085430865195264543
0.000000691698911155892973025414
0.000000535271892546189590844467
0.000000400335799138598629077758
0.000000290633516193732897518580
0.000000208175847005949504798337
0.000000153321418580597894429639
0.000000125061037200378996883375
0.000000121431996892829620315055
0.000000139988774201453470028364
0.000000178268980496250266321658
0.000000234210657769400106349952
0.000000306492710909946078370555
0.000000394780127101229572043222
0.000000499858081501267379166350
0.000000623635403016170009457477
0.000000768991871159583353123363
