0.000018981932290762676439951212
0.000015773817597762702192665599
0.000012976354352332045784300732
0.000010597345327443022741263287
0.000008635765842874703761321634
0.000007073742418373777912762781
0.000005869851339509526841819662
0.000004956350219572421942780451
0.000004242173793211027170988511
0.000003622876584867859630500900
0.000002998394172409169843669576
0.000002299477343763335760096949
0.000001523621527051784591146695
0.000000780769971316915706383900
0.000000347480113482028475581538
0.000000725249853143431856265680
0.000002694349607354472104679081
0.000007349438789296738815354053
0.000016098778073528713204601651
0.000030606853730130926367035415
0.000052662761853732652597183395
0.000083965376061022898093733069
0.000125831571253659524074058895
0.000178854172650712837412678713
0.000242558260649629434156995811
0.000315122559162214722558448265
0.000393240629230802224078344942
0.000472189082200311039880236130
0.000546144356309079281354412760
0.000608747429074027045399486457
0.000653863810014033248682596700
0.000676435171882731433971869262
0.000673281957890669094379809678
0.000643704862968800519892886847
0.000589753964116863536523704958
0.000516086657769111332647038459
0.000429410367092185937115678129
0.000337587551958336924608911067
0.000248550454587503325161457202
0.000169214814495112546516644714
0.000104585333091304839066987276
0.000057209556595413951383607976
0.000027068520216504014851231080
0.000011906248477366800859523523
0.000007913923968849361721125332
0.000010616123350903342096836560
0.000015770574131844025672763085
0.000020097860415891940485738285
0.000021703493134410170302232845
0.000020132369354536311769135470
0.000016086779727123804578647892
0.000010920409120411372273676091
0.000006069593221881807203947710
0.000002584835636025953832555424
0.000000879569469105547624264039
0.000000734346285976728810605027
0.000001509659596166565955624515
0.000002458573406772719297875077
0.000003011876633716050058405022
0.000002937538010189185509594446
0.000002338288425296583464675724
0.000001519342864140086184492236
0.000000804819461036617743768772
0.000000389453226133191787704799
0.000000282559685697508159162332
0.000000351016183092772395389776
0.000000421983194362042015010834
0.000000384599703504041908168619
0.000000239965836948251723688945
0.000000081807796235834355784437
0.000000027632615746230765370825
0.000000143101590204265755460394
0.000000401034081586314477915501
0.000000694180347898095720688837
0.000000891101452721171373654409
0.000000903029977431226885093525
0.000000726531256200111465733767
0.000000441905124135758746876435
0.000000171158556556636126934844
0.000000019151005352668674690035
0.000000027670954319603512565240
0.000000163082144372397847013870
0.000000339941705042572672841123
0.000000465645310197736001275165
0.000000483072249916424641858371
0.000000392129391816332310071949
0.000000243479718369287561423976
0.000000111367923933959167782263
0.000000060573731622040602082858
0.000000122197891139149429497220
0.000000286003816671957237928838
0.000000508227189236792837589442
0.000000727943945606250923721625
0.000000884451758734485542045982
0.000000931453203246491952382717
0.000000847756495819703118295744
0.000000645605364273385799671443
0.000000375790797839959783389695
0.000000125366465234192809424378
0.000000002541721325327874331287
0.000000106717285450533294397822
0.000000489317338260315375244409
0.000001119450929352801309612717
0.000001872280269947726480695978
0.000002553353392673191610880851
0.000002959067563612626254512111
0.000002956583440161355389353033
0.000002553623587030406055206665
0.000001926769462474542050813963
0.000001388859269435717882904859
0.000001298342300903029074201495
0.000001937236150469186701707919
0.000003399522571880504776654182
0.000005531520294058050162954322
0.000007949578443703844490299780
0.000010134551217124443422447355
0.000011576813271348449264365986
0.000011929140789526560892798261
0.000011122306677484135851671256
0.000009408947057871607649870427
0.000007320497155934226090516839
0.000005544054968699280025934070
0.000004746268136444761135805254
0.000005386522315634330018891979
0.000007569030497013025524848193
0.000010979773929150389932623243
0.000014937170228273491588114226
0.000018555609319127228882531297
0.000020984997036170266839546356
0.000021659033421332315235557919
0.000020473494116632567576706189
0.000017831685749144601826378376
0.000014535367494587866937392692
0.000011552014381698305045781221
0.000009732934056466883182188142
0.000009573444725982166924813099
0.000011089129089546237373793691
0.000013838719150015693366406050
0.000017073023826020015052780041
0.000019951131782169387703573457
0.000021753115335283986831772796
0.000022033155615451748769294954
0.000020687591475077141437918793
0.000017943329315314849285592849
0.000014291041271087595433231070
0.000010390692896438242942710149
0.000006968735134746430475057022
0.000004715666902583438853228687
0.000004187268972520834857896886
0.000005715095277784088495878507
0.000009338572081608796131226187
0.000014776035917742870996163980
0.000021449862601113589230007739
0.000028570071208970051790691433
0.000035264696535742278175277337
0.000040730121037122854368676961
0.000044366766410008524608270253
0.000045868533760018092800860023
0.000045247323380658442041994671
0.000042792231396505370330692053
0.000038980219598893962884306880
0.000034365628255799442181388920
0.000029477152754441846217075066
0.000024743695175554620142551257
0.000020458484647497358877542284
0.000016778739400152081968128209
0.000013749785747521345514099086
0.000011339727229285914724657598
0.000009472921322130124188970295
0.000008055511754374733587001634
0.000006991497808055330296717663
0.000006191375777745267269727009
0.000005576566779884944429651096
0.000005082113812653053649081008
0.000004658590200774567357969256
0.000004272898421969912317094215
0.000003907254240294571667941638
0.000003556124512749154596041087
0.000003221746930516397647542137
0.000002909519711259222025993799
