0.000513184223233596943126999523
0.000488391656155701407888980459
0.000463131783091749304331896653
0.000437517057949883124857298755
0.000411621999152321949456273531
0.000385495464676024785118102489
0.000359174243421051734952154089
0.000332697271032142546584586817
0.000306119672124105328663706826
0.000279525733446689536240703511
0.000253039843384590126210836880
0.000226834414731651883880003684
0.000201133862269284985867245918
0.000176213852766125741436051277
0.000152395292826390380729398299
0.000130032867567490427376103446
0.000109498373461489964812883013
0.000091159569306692946511101738
0.000075355754270633960715565502
0.000062371717059655050886639305
0.000052412030672629196504080235
0.000045577846271680520567285561
0.000041848337363720167474817613
0.000041068753770137521243600159
0.000042946678998097973152005269
0.000047057578698628270061615070
0.000052860125719221395378544931
0.000059721130870354293773780846
0.000066949228145434577091910100
0.000073835772952043503313326878
0.000079700715074907692563738193
0.000083940511556421503478256363
0.000086074480655999420562578262
0.000085785444572139904224200579
0.000082950199128360268662624177
0.000077655460785304214390428745
0.000070195659662667699019156231
0.000061050402592224158851604010
0.000050841629159252545394707262
0.000040273249671338174889099332
0.000030059005473313745614898432
0.000020846877940521439686628880
0.000013149971526875079620602475
0.000007293866253211167045454252
0.000003388678070947817712137411
0.000001330560711139689400756979
0.000000832638219929115543239257
0.000001480250598846237565609321
0.000002800997533391241341084888
0.000004337389229678112520635549
0.000005709642306607399153597221
0.000006658440991996249447510206
0.000007061856937431054279314443
0.000006926098622564099311109051
0.000006355071065089377124193108
0.000005507635823698186850535131
0.000004553101649380339842744340
0.000003634571345071546784267959
0.000002846700619953294940193966
0.000002230107881898101561716444
0.000001780299588627773718771050
0.000001465671400792781139650958
0.000001247672873119725877648031
0.000001096792799310781316794706
0.000001000270668957894827007260
0.000000960572747234073415982091
0.000000986717211441081268414525
0.000001082627787542732251323220
0.000001237317292906939182023482
0.000001420790076296047984376314
0.000001587485424520588891210394
0.000001686542781011977194276425
0.000001675922554075383167672408
0.000001536101770387487992430777
0.000001279025479156349097146681
0.000000949209264822261777617670
0.000000615995182011260670790122
0.000000358380091157953032633893
0.000000245918048580907034756087
0.000000320406919893292846660460
0.000000583094825460934731390251
0.000000990971545529742377694847
0.000001463619653154853807037182
0.000001899582982159910805403319
0.000002198859437890121466910873
0.000002286499893068115400848912
0.000002131794360665280369416131
0.000001758300905338860787178253
0.000001241885450700044432053464
0.000000696592303562561122995313
0.000000250974161570449673886384
0.000000019836313303702889254723
0.000000077636006466047046529569
0.000000439682252853945629723892
0.000001055764980732805827524901
0.000001818194724089546140529338
0.000002583021305627671928043746
0.000003200146207539256409512624
0.000003545866194711966964058739
0.000003550625174802611562984659
0.000003215632267325643530965973
0.000002614369919810188868015575
0.000001878352222197924701501456
0.000001170041229755798365146004
0.000000648761763883855305834231
0.000000437078478548380490373147
0.000000595021851539037137940736
0.000001107783345728632612206262
0.000001889458010139970090741934
0.000002801811731983931576109911
0.000003683734191591085452684379
0.000004384772566172427683405411
0.000004795427025331505781213532
0.000004867849045882854963109010
0.000004622939836638627594312713
0.000004143000976215891037381794
0.000003552281195109370942077347
0.000002990257414711446986671462
0.000002583752529942213404639531
0.000002423814319741709846810825
0.000002551798009252831867557350
0.000002956743125973196015151808
0.000003583517212782987774837007
0.000004348931147324563964884532
0.000005161594300428723105101780
0.000005940915778855895883420538
0.000006631341004370099634118892
0.000007209373547221938545199061
0.000007682754615462301009246905
0.000008082908155198462551277970
0.000008453036537049612498574691
0.000008834853374265348694587864
0.000009256833482594070103320963
0.000009726177362393172349565307
0.000010225668490385015472099624
0.000010715518821005864564545849
0.000011139386558973954236082676
0.000011433159827294665962515996
0.000011534875762666534719492160
0.000011394240532558265192506451
0.000010980527240904523479355162
0.000010288034433723774701391861
0.000009338686384235711268912358
0.000008181687428087106833782434
0.000006890391319734233233171728
0.000005556731087752805925861644
0.000004283706148838259404447188
0.000003176564766397049328986715
0.000002333453579548934987372179
0.000001836410820401484485984945
0.000001743619845262904215882870
0.000002083778449178105962439657
0.000002853256512688968625940942
0.000004016416040238847988332483
0.000005509089334456892079149287
0.000007244811839497121871121483
0.000009123054837226126793968753
0.000011038462002876795438137923
0.000012890004149784655698100094
0.000014589039688228918668390366
0.000016065484388273055762390643
0.000017271607527019930508919640
0.000018183322732790092765261039
0.000018799170161623216359150779
0.000019137442463873187968072254
0.000019232059985972489604775376
0.000019127842796763203661808764
0.000018875770793592294575016788
0.000018528695337509250258079332
0.000018137800623587493203947574
0.000017749943836015205373812104
0.000017405857182688856720290116
0.000017139089464368638740521256
0.000016975506670014780922790126
0.000016933157820269130130769880
0.000017022335114016913298548572
0.000017245704314727418435433670
0.000017598439720877795508675867
0.000018068356975813963910103971
0.000018636087867434837384581284
