0.000020512063246577343967897572
0.000016522109385840973502920445
0.000013012059472219734588497447
0.000010066151569150945762525298
0.000007724150007852028862465055
0.000005985454687548315099018467
0.000004815236594282978934409602
0.000004151833767716977802283897
0.000003914701430516166923341027
0.000004012317895623276394888746
0.000004349579036559025240274434
0.000004834347573093271157034390
0.000005382945079575986956608741
0.000005924478043161828037495645
0.000006403974806046100926330486
0.000006784382531459418867617137
0.000007047538321212360754388932
0.000007194289940798853100754114
0.000007243997879519746243203934
0.000007233693702355915733522539
0.000007217185613365224006979411
0.000007264372932757050863831084
0.000007460939837515480100053542
0.000007908435382516570009352012
0.000008724515278297796254435362
0.000010042843861933072415783263
0.000012011876192758430933115940
0.000014791523505470175912576702
0.000018546625361798411990316843
0.000023436282627831474809684126
0.000029598502665874521134646222
0.000037130291113711599490770227
0.000046064259506964682288569085
0.000056343907339015470900865645
0.000067800819158931043364492430
0.000080137877956385376106325513
0.000092922995541200423437466771
0.000105597573289140767667168563
0.000117502771253564608326669383
0.000127924636817538172565283938
0.000136156346855503509107529481
0.000141572562438923606328508575
0.000143707680669538363739043407
0.000142327227939314864772063496
0.000137480443793878970293320663
0.000129522824154944320119639545
0.000119100337290423829864419170
0.000107092105139369308131752634
0.000094514982226991388781361936
0.000082400622088159194544160213
0.000071661923506239949468316075
0.000062969745013416802970063202
0.000056661266477966569813859432
0.000052697745650229366870791886
0.000050681880333744783119660771
0.000049934667353647610346222691
0.000049620440383546445288140414
0.000048898976502843306249281724
0.000047077401802413271247101795
0.000043733685334108720677622623
0.000038788309859258438634568161
0.000032510499214781213154264877
0.000025458244598326286239290545
0.000018364606066357374301086652
0.000011993500701377437381105716
0.000006994058487052220804836965
0.000003782338076623098434714959
0.000002472846498448671836566538
0.000002871371743443331365439877
0.000004527607425268908189984994
0.000006833838466347556353541227
0.000009147211220023045120334354
0.000010909596805092294265334893
0.000011741279899525933517480912
0.000011491851059265938337608688
0.000010241865456216507748515507
0.000008259601276775012753577146
0.000005926188636635145932896832
0.000003647661278543044433697725
0.000001773260224741040065029934
0.000000535838717623649570852089
0.000000023675877062373034834413
0.000000185181936579538198405892
0.000000860764888573244988260254
0.000001831081506594100616840516
0.000002868900274387550298517413
0.000003782938677195285811718931
0.000004445645372565925682842476
0.000004801824290504189735766857
0.000004859921644979610543175520
0.000004671563135013712703027915
0.000004306801231522526913163534
0.000003832316257654585925709889
0.000003297833920690923732358226
0.000002732977748020574948315973
0.000002153536231527082807151677
0.000001573506269539175253695316
0.000001017859117250938655647075
0.000000531009539098371610858003
0.000000177347773121964331684167
0.000000032517392871186163041147
0.000000166804767458605044020374
0.000000624407874126745544877341
0.000001403907824602865771370210
0.000002445589753645268773970265
0.000003630217225433362070272526
0.000004791606335872350553434489
0.000005742291778212665926555986
0.000006308353270703552899694062
0.000006366800341837596194458776
0.000005877473067716974296031095
0.000004901678272455074347887464
0.000003601876028403419824114491
0.000002220371668068260358755916
0.000001039459565565681347298552
0.000000329826124260998701897131
0.000000297197006937754284905964
0.000001038342968037538262298563
0.000002516208485458785562750720
0.000004560254179619270129204030
0.000006892859950563996344940002
0.000009177012641415692413083063
0.000011075840825912108876874496
0.000012311999948863326735225970
0.000012715081312720912708408641
0.000012248055794290193528739766
0.000011008527482535454512183742
0.000009206050159876070910461472
0.000007121601646048584082480427
0.000005058402874115995843538798
0.000003294020982746802076455202
0.000002042171436413143122248813
0.000001429478305800962406813459
0.000001488657572927752934798819
0.000002166180754821089566290347
0.000003340217956390433198387169
0.000004843868602029639946625512
0.000006489213716909351541183362
0.000008089070822305454919187717
0.000009474877749588271348126986
0.000010510346765428204909311426
0.000011101138955521438846422121
0.000011200831408099709313608977
0.000010813137658697899971685721
0.000009990038398007095401566480
0.000008825468204272628457455682
0.000007444600653367535627430961
0.000005989494924514997522472896
0.000004602676439851584662312899
0.000003410834210632664818666805
0.000002510997727253788102948044
0.000001961212897480822961394833
0.000001776939061644097415904823
0.000001933338811146828556630740
0.000002372592042888747296052951
0.000003014577680870047084269597
0.000003768886392668370202880829
0.000004546192308056850556554664
0.000005267445810186840760057717
0.000005870001847508818776366895
0.000006310493017250955058656051
0.000006564841177944406156092617
0.000006626178401915152265744605
0.000006501587410806095422978294
0.000006208501875974602104025363
0.000005771395038191589029808772
0.000005219111511656737329464643
0.000004582934471127070178222973
0.000003895279540242406961887342
0.000003188791805156150621088735
0.000002495593487742351604310315
0.000001846469789972179754454821
0.000001269863495591705601346719
0.000000790648299306157384926043
0.000000428744070726797897637607
0.000000197708945468364273569006
0.000000103485359899256361775948
0.000000143488377750694131550484
0.000000306207845184444764369557
0.000000571456475995455070827976
