0.000006930914055819073926083870
0.000006154019642906585044780758
0.000005448956502856515289330130
0.000004821298270838483609871707
0.000004261397992391826321679094
0.000003748366899161355403455494
0.000003256087510237176692155531
0.000002760319169536382806712325
0.000002245796154075501530224387
0.000001712209954412101641776575
0.000001178087111752519884573303
0.000000681799714525629470526021
0.000000279261115689537118684214
0.000000038253389576295912276324
0.000000029789780940455493345610
0.000000317400980843171513978089
0.000000945685275789238783235779
0.000001929786728100723506798162
0.000003247557333799096981744644
0.000004835935660091292274986082
0.000006592519207733770126482822
0.000008382505579284841735880109
0.000010050318265852432590592817
0.000011434565290839902463996582
0.000012384716270424559305188272
0.000012778088234642335564196503
0.000012536233219796395459556641
0.000011640232693070666969079041
0.000010144261808307832909933389
0.000008185803525319485177548333
0.000005989222142783503186351437
0.000003857770904384869805508248
0.000002148665629616171161738987
0.000001227758136870353556074215
0.000001405117169922487938430789
0.000002859833491628471941207925
0.000005569659447352513273173189
0.000009265854127436982411495335
0.000013433142243675524237487597
0.000017367645380479274357533176
0.000020292859863149024347113089
0.000021518392380775040631339656
0.000020612800049142060020319900
0.000017554914873914535865338099
0.000012829998331732297213751345
0.000007447598757442395252682116
0.000002873884480164479559151196
0.000000887708485864018243747782
0.000003382156694482890330380985
0.000012139145209567359128596115
0.000028603732969877494681258320
0.000053679512145527537476941138
0.000087560154003560943273762329
0.000129607947648189148880798482
0.000178289412650331859956642777
0.000231180186286739200495279900
0.000285054026854807520188761494
0.000336070669911822899993125713
0.000380071314620840502648824177
0.000412976819551149395420841515
0.000431262524245079874752467619
0.000432458049368254044634435340
0.000415596400529046083351103480
0.000381522203284267915485150624
0.000332972068082972537644143030
0.000274366391333156914647539715
0.000211301186827783172086925312
0.000149793146935885720764936035
0.000095396259372586687699628605
0.000052355239460475017955476407
0.000022972694244025551764658982
0.000007334084649471472423462332
0.000003460423889242578892114222
0.000007859817980317193627094567
0.000016351573626181653103557959
0.000024968777885208167505431270
0.000030727946360572154450765264
0.000032093966697787058254143916
0.000029054205563067520771535629
0.000022822040090994258007290468
0.000015285645281495890420537728
0.000008375015340989987145618040
0.000003524200651189929348560109
0.000001359135372093085559236001
0.000001662348323814647923951410
0.000003581135519118241665556968
0.000005981531463881607694305868
0.000007823529690779768000692164
0.000008446567585452535178135169
0.000007698266801755540480328710
0.000005895718838229857724760139
0.000003658244856020867986169448
0.000001680023746721162542286637
0.000000515588494420890846393684
0.000000434755121268390005835028
0.000001375213584443509754793949
0.000002991030795041565853862242
0.000004771642512855614480288182
0.000006192629663615641691072969
0.000006857194609348704404216523
0.000006594012857658852974911297
0.000005490313550633512034782665
0.000003855644077519811089974945
0.000002128628172438239980312612
0.000000752766709441253723963884
0.000000054770130063276446708645
0.000000157914041831788243737072
0.000000953359332055646908588530
0.000002136628093494084224072396
0.000003298791158544077616970825
0.000004047307549578813557476266
0.000004123722647188408605442664
0.000003486259822820262603961048
0.000002334044629537680862137227
0.000001063902843198139357066352
0.000000167263842443448499597972
0.000000090487518094826365381950
0.000001093775190035508904648834
0.000003148588364425685672351061
0.000005908443350037143203712549
0.000008771884228751119800399083
0.000011031280699104720508874414
0.000012072820857098253715289533
0.000011570899581126931808744765
0.000009613598826508519123047042
0.000006710786917835697165354066
0.000003670719489332298789867944
0.000001374742364032681164336168
0.000000517189632111060077581971
0.000001393808151563445814788921
0.000003809115433291481039065722
0.000007134282889101105777402041
0.000010496252752005952432658858
0.000013034860988712289341963368
0.000014144127737404343835773794
0.000013623546107909275206838962
0.000011700036117006759576347243
0.000008926673869154786364050851
0.000006002881892222195069790981
0.000003579396404394671681687898
0.000002106118879200388115330647
0.000001757587081603826233245171
0.000002440804128221486553470491
0.000003865334576234316556891946
0.000005643206108191901404849689
0.000007387110952958158472021494
0.000008785352008423213409390833
0.000009644568840417916313206836
0.000009901357570800697500685954
0.000009609297214994469942114450
0.000008909288664342966966623941
0.000007990565350989892759404551
0.000007049037562305322626753697
0.000006249365608399960075360069
0.000005696780310037018907906668
0.000005423303887379681290038715
0.000005390289373552292768846956
0.000005505581701759468236131827
0.000005650239022521942564860307
0.000005707808381980669784009491
0.000005589252796333190020624040
0.000005248604584580395161384422
0.000004687446252969044515094502
0.000003949324590846551915755865
0.000003107309381698901205425944
0.000002248706093497991143157627
0.000001460515298912924535019303
0.000000818040011801711944965652
0.000000377626472601647913681993
0.000000173340696507486475282740
0.000000216681246485789090668874
0.000000498237021287112180369637
0.000000990385384132287488774126
0.000001650487509605022102773548
0.000002424383912289471932287842
0.000003250202140925758685028593
0.000004062528045523053483697225
0.000004796905204342726052003584
0.000005394497004757053817221215
0.000005806650853482987658911799
