0.000006255390084576111463503939
0.000005233603532571266826452314
0.000007799271870192734556126099
0.000013974229863644871152969854
0.000023648382487117066861823100
0.000036564169708418966543966161
0.000052306993608210747368630900
0.000070303410098662623851223374
0.000089828765479099846797718387
0.000110025689158973843072286680
0.000129934374545006127519425343
0.000148534849524520524716858505
0.000164800452183600019788467517
0.000177760526820015270612132530
0.000186569025675864248563218251
0.000190574369252778414059179557
0.000189384740310108749209577761
0.000182922141902243395351901345
0.000171458223883436513060307682
0.000155625252732898385803553265
0.000136396814427335738312968560
0.000115034989209229364555409081
0.000093003815175661216137908971
0.000071852723557410468437946227
0.000053077970261760997567820897
0.000037974406926085268359268715
0.000027493564560702890651328056
0.000022126198417024446737835092
0.000021827417571552832053485491
0.000025999729232528034006052819
0.000033543552815071531723618153
0.000042976297227946929344934157
0.000052610836079748714050503822
0.000060773622433946041659913462
0.000066033636931361476595306326
0.000067407863267509343283521994
0.000064508758111658464728770113
0.000057605232608951226496059317
0.000047580881910381069357929285
0.000035790140321532186364495570
0.000023831953049209479819810220
0.000013277756126093212207480744
0.000005402112265833699207627332
0.000000966993842002217657115174
0.000000102765671396993045940679
0.000002311032740501307716703442
0.000006589830049985649935832301
0.000011655362382853880735692279
0.000016212835957035653212466100
0.000019217460127929663672458754
0.000020068846993192703096094143
0.000018697863333475849586910733
0.000015530909626937648330231509
0.000011346145997139427951685108
0.000007061688476942952437170539
0.000003510555186203545158251955
0.000001257377343346972538407178
0.000000497905773843749856368132
0.000001058431671443966716453689
0.000002485371635280553063421152
0.000004192965243366218658696825
0.000005625125693364077278813690
0.000006388453982514785173165827
0.000006325879752000105982299039
0.000005519748550149676649461891
0.000004233300901244464265003181
0.000002814664124767323557277073
0.000001594059273017050010239548
0.000000802192898540642061359441
0.000000527817317180064784393515
0.000000719069693686011127878430
0.000001220715131683382960375091
0.000001831183205173113095592377
0.000002360898061848013578309510
0.000002676507576651320132875723
0.000002722348334649448073216870
0.000002518268732129211239455756
0.000002139379074239240551133165
0.000001686859901520295086760522
0.000001259232967799266214727711
0.000000931116278679482247106962
0.000000742723909780696094387034
0.000000699647537257076730189741
0.000000779868077094189607506353
0.000000944003319986944425178609
0.000001145380687528030182057229
0.000001338038376726082380731796
0.000001482410354736467683210623
0.000001549546711194565885708670
0.000001524891817962963453268114
0.000001411942319600050075009191
0.000001234961848130489365030216
0.000001038965329547074905306618
0.000000884986539067595959638288
0.000000839517151296610428457467
0.000000958840777590796416098994
0.000001271239703769708713631419
0.000001761904987424227775276550
0.000002366004106890916614983978
0.000002974227526978619036098807
0.000003452261366357006814432158
0.000003671651591921310305184894
0.000003545553967148489083014047
0.000003060185260524030742763143
0.000002292439666696641782612587
0.000001406532797821536266881385
0.000000627305506582404158414800
0.000000193839939001557731034262
0.000000302740261603502309565867
0.000001054227261744125962919364
0.000002414934587333435104356764
0.000004208563863692924326368600
0.000006139800305373494740000719
0.000007849305751533583924489310
0.000008989873013278088052097070
0.000009307753796997473365554092
0.000008710327955785505463768593
0.000007302646597821032124395711
0.000005381087721343504745520787
0.000003381544773965675833039260
0.000001790395032644397489444087
0.000001036443981046395935481522
0.000001388432627145292407922807
0.000002883403257350608172915113
0.000005305400729362206168769536
0.000008222549078373627917345513
0.000011076140328583128287802048
0.000013301810525904345122076913
0.000014454046346296206787367111
0.000014303903764140739671281363
0.000012886554262584688098866072
0.000010488300785934484663257035
0.000007578290552941352147399250
0.000004703803574511240513937767
0.000002375913084767362313680416
0.000000972586252002385150979393
0.000000679424096165322051491745
0.000001476828143317162497536268
0.000003170119806557270597573367
0.000005449527916268954267644230
0.000007962230012616649090298471
0.000010379225078205497179552677
0.000012444538287541910187897730
0.000014000963842203836988756747
0.000014993002078334129490723957
0.000015452230463163879820367996
0.000015472422141543377602755649
0.000015181546941805455658313674
0.000014716160630719540445762727
0.000014201524511985773530434174
0.000013738799209593820555464112
0.000013399173062736784281306565
0.000013223861231157167181872285
0.000013228427447995658839492369
0.000013409695573602401836481660
0.000013753547219286999312012551
0.000014242116470262215362457651
0.000014859278897651399014754291
0.000015593844878626212356338004
0.000016440416910305505197083947
0.000017398343193065727446417618
0.000018469497762321841261880240
0.000019655695410043176434011780
0.000020956427032569797816669369
0.000022367348642540328429754656
0.000023879666496900441604971099
0.000025480311409888950914103684
0.000027152634685942210023956028
0.000028877296991467058461747902
0.000030633043666298566658906521
0.000032397137691330202074156686
0.000034145328679697539481143614
0.000035851354629386768767523169
0.000037486091407060265516190678
0.000039016573414979006213191420
0.000040405194858893320360160306
0.000041609447125682393292620681
0.000042582535095551479514992821
0.000043275129654042041081954406
0.000043638352998401259443244510
