0.000005101266186436939113692420
0.000005010552512838561390847488
0.000004817941230341031475490916
0.000004547504087152370406889768
0.000004226676440405396529696909
0.000003883517729718656213782312
0.000003544446055733507015101606
0.000003232680882192856150166623
0.000002967561235767185545377433
0.000002764815273809149831751300
0.000002637748762017149691894505
0.000002599205328175478848178699
0.000002664041019676220351029665
0.000002851759068672162275294392
0.000003188875570623877222186087
0.000003710539898412093789953738
0.000004460922806695971257846464
0.000005491920433748372026665479
0.000006859816717383862971627647
0.000008619714062522581431895555
0.000010817792716613281760380284
0.000013481792593265203426713787
0.000016610507450040418040348653
0.000020163495056865842169598405
0.000024052566440470045822661374
0.000028136831560206177811232428
0.000032223055034574173995359087
0.000036072743708726468783373753
0.000039416726949503858533612605
0.000041977048094415827898806537
0.000043494880993507665871943002
0.000043762092735647081765629901
0.000042653182377189372931174105
0.000040153793950640610463127117
0.000036381914887479288578647080
0.000031598221673209253004474539
0.000026202742541974363937699877
0.000020715967413231714126841190
0.000015743681458235335402732341
0.000011926146836691586420936204
0.000009873901129250600407433539
0.000010094481677473715036511860
0.000012916806800864045432506236
0.000018422484319656686629646664
0.000026395391478622909245226047
0.000036301624968206245539122101
0.000047310435909669044159814311
0.000058362386827596553662712148
0.000068283669081345229234965288
0.000075936167589437362796661590
0.000080383247272488366299593443
0.000081043793189068154400253596
0.000077804247216379246866561903
0.000071062030696743654621140573
0.000061684205282439946412334497
0.000050881080270007488181114447
0.000040012582758520953121663538
0.000030361333970257010483190241
0.000022916246310737894162443823
0.000018210956405508941380192237
0.000016251584452483894147273649
0.000016549836612020315835137191
0.000018254407141911827206675126
0.000020351491168182703341915998
0.000021889512016597045346516862
0.000022177955247857724264005236
0.000020916932439193712246717702
0.000018231161488255942960002437
0.000014605167291540686945287841
0.000010739853235816928711987735
0.000007368350911181782544520907
0.000005076945398994598982410874
0.000004173257337172999766180745
0.000004630100423405513940765255
0.000006113426361772944674479249
0.000008081842234199725243429767
0.000009928629206829348136076861
0.000011128889054840195458532907
0.000011355940698847523398170613
0.000010541332015135653139056154
0.000008868619956828363559957901
0.000006708028717044262413703778
0.000004512887361897188119542676
0.000002706193614059161805688669
0.000001585441043864691479191699
0.000001266721740290167615473091
0.000001677491433899103640871048
0.000002594583911642177905773924
0.000003713391550614441027075921
0.000004728039548926240035961466
0.000005401932400834570243103143
0.000005612778181464967106072995
0.000005364375809491455782530931
0.000004766655184350108034158858
0.000003993238440321879978824396
0.000003230291900472244227213994
0.000002630833699443360581020010
0.000002285273484689181489081574
0.000002213087418821041665764442
0.000002374035337877426415985165
0.000002692090838205273388970308
0.000003082663424008349233382395
0.000003474264130537846051856267
0.000003819044980085282972787943
0.000004091366608013408861024840
0.000004278061223472371014746839
0.000004366838571092143317831265
0.000004339434713425906314765955
0.000004173651255856901993339988
0.000003854316949939839021671562
0.000003388969551997047409533153
0.000002821322411276667296305782
0.000002235464797724019323215544
0.000001746441498462858289841154
0.000001477527058406103744141982
0.000001529540354933526006501326
0.000001951101269133082102851971
0.000002719416475706519398816913
0.000003738568248656962243888727
0.000004857109861571714767326802
0.000005900733200792825637083505
0.000006710929727454318333243911
0.000007178614654916773594951936
0.000007263342161863615661140242
0.000006993461561724152866304297
0.000006448723353624169357949276
0.000005732307808206490220290577
0.000004942146416146804682452236
0.000004150801057832112515627501
0.000003399382206187701705541945
0.000002705477088347641461036925
0.000002079853064836261841182149
0.000001543664676239570896301451
0.000001138052222199962525489504
0.000000921219756625638706176197
0.000000953076709182543999255470
0.000001272471509780379692682007
0.000001875167013956457261978370
0.000002700936680071445870405427
0.000003635471937091689960538324
0.000004528160545790759924868110
0.000005221810521117099838310071
0.000005586680615190040208859791
0.000005549857891778288428001348
0.000005112382825786014619814414
0.000004349992661342545439159910
0.000003397766894387920205266446
0.000002422974284513535137903411
0.000001592955911585494883635108
0.000001045403802124767111012753
0.000000867017366054487106496323
0.000001083862903147346583673143
0.000001663703251305481045147676
0.000002527947376275326245157523
0.000003569268903324862786841532
0.000004670557448156022226721986
0.000005721539976296703298649926
0.000006630745239095819954530751
0.000007332006945320679423968527
0.000007786000927014500514996079
0.000007978136928837133696568000
0.000007914410380937039458893942
0.000007616650995709982662287569
0.000007118159892559713098334796
0.000006460200130376117191215515
0.000005689354439779788387551371
0.000004855478969838994370890068
0.000004009883396072120456221470
0.000003203422618513289467389628
0.000002484332056743629182319223
0.000001895811940045746796885615
0.000001473514257580630816145580
0.000001243179043970959281987273
0.000001218695763142112286115423
0.000001400838157923804652482463
0.000001776853369892477136092251
0.000002320997099464734846779347
0.000002996012781352857277993116
0.000003755466892483468247638211
0.000004546782989930810697104275
