0.000039488884180386254248856792
0.000048601536879457264044360199
0.000059804209517617785648625761
0.000072780550945646273587955055
0.000087148997986626145764374463
0.000102455312853740995097766298
0.000118171363760249194295795516
0.000133701360908000329869721456
0.000148396264837015511104528764
0.000161576520815439250364220491
0.000172562638883171374972608225
0.000180712438918274854136869489
0.000185463033103130150698947820
0.000186374864280962880026815132
0.000183174421122535638351003229
0.000175791695909716311815168543
0.000164388142331645017556879251
0.000149370940824310020639958951
0.000131389890064547495019536827
0.000111314285139424101289500058
0.000090188726785211519596310858
0.000069168860456973209468664598
0.000049440400795338250515120054
0.000032127194974603708586304018
0.000018196188042749238740914547
0.000008368623525712072129187358
0.000003047330517283587140515066
0.000002269301502254331138997649
0.000005690889288479777366122625
0.000012609955483600376055855485
0.000022025462738402297035045924
0.000032730728086290551259035508
0.000043432336979058257687025951
0.000052883072625698771213140909
0.000060014626398170405996261578
0.000064054725260999091336969191
0.000064613922881923564192283016
0.000061729776226681948476937567
0.000055860402032948162183087493
0.000047825190497473986600638490
0.000038697221183262520626758990
0.000029658917921847448854110949
0.000021838739081026278782788827
0.000016151163949280226484524897
0.000013163881674783385714337311
0.000013014131601073565883130989
0.000015390265280827046464077676
0.000019585158603676273628277013
0.000024616251113929850868281696
0.000029394639095092361957568122
0.000032915216023867013362194656
0.000034433800951772313933031688
0.000033597431607734954783599235
0.000030501285433914749505631553
0.000025659230049438648671228033
0.000019892377726566091809953449
0.000014157572325187733913330265
0.000009351369842551726372964667
0.000006131262533633714047632407
0.000004792692382066423028880598
0.000005228091961113240607075640
0.000006975410912484911899811898
0.000009342765905106871870250927
0.000011578137988970754285135076
0.000013042943842598712209557461
0.000013348454238136870771895374
0.000012424396867115861155532637
0.000010506925327929584156722541
0.000008053724953129020756523171
0.000005611911700120692972999434
0.000003674913607085704571721466
0.000002565146849129503947768184
0.000002370233549845352671219326
0.000002944644002646311438278585
0.000003970643310054632276232759
0.000005057324987831411075610635
0.000005848280884771497181782822
0.000006108868976838184185044513
0.000005772303699011117052934238
0.000004936932522607968201603431
0.000003820952271305904789262808
0.000002691493975080192250712297
0.000001789822373660621060493972
0.000001272690725096336689271944
0.000001182961863020101767239264
0.000001453092737410130308445396
0.000001935998245126434130997193
0.000002451595254130661077592631
0.000002835192696856613052945346
0.000002975676867741336567970084
0.000002835913711344509160539647
0.000002453243979105400171596097
0.000001922812471671108929655546
0.000001369742915060212734654904
0.000000917530752123017625000441
0.000000659711489991566491113465
0.000000640371434369641548525797
0.000000846899494503635160292786
0.000001215899093456550832142342
0.000001650644714189289115997220
0.000002046140861095176516543971
0.000002316087371411336749986356
0.000002415327803733977911961614
0.000002352051566792405844577313
0.000002186249442865469380160338
0.000002014340832139452775443765
0.000001943673818811437042230897
0.000002063631226994968109002054
0.000002421314648082401264477534
0.000003008657011607367627890669
0.000003764519650769125864688469
0.000004590822413564460256372654
0.000005377490156676102594688303
0.000006028429296216042665966257
0.000006480789981873088351996964
0.000006712434042470794383957594
0.000006736878013135301234467611
0.000006589441380902465045525836
0.000006311263700750782122434347
0.000005938169006518128964088217
0.000005498931342473850100813649
0.000005023245931973129360789340
0.000004555259031156289827827355
0.000004165585316967312548119395
0.000003954532053662722936276507
0.000004041948387867551981003731
0.000004543844081079661479586999
0.000005541031907983466862639265
0.000007048729184910699271243706
0.000008996968971768495835247652
0.000011229420238994446690759289
0.000013523455001396720502430948
0.000015628490960513909059821647
0.000017314535875186361435973045
0.000018419935552690700977665830
0.000018887327177096061372758157
0.000018779578521194316198311344
0.000018272147697667122780238597
0.000017623515794433254204364239
0.000017129829438707893534722670
0.000017072708612353248671571551
0.000017669933453032006114057431
0.000019037555727879784824539688
0.000021169393383430160126071340
0.000023936533687327236972867961
0.000027106050508356118074193564
0.000030375167420296552290692044
0.000033414941710571754789841498
0.000035916422543515923388249278
0.000037632231155905446792590829
0.000038407573194637086152689043
0.000038196637583937826396305454
0.000037062841460055576711229292
0.000035164019923510057299108345
0.000032725968308764289229663424
0.000030009316980404906474114851
0.000027275300984801354738746790
0.000024755540920468250588870607
0.000022629659580331480266167724
0.000021012770015533833176460399
0.000019953002478438573437206915
0.000019437668311372643015384754
0.000019405639626686774874483876
0.000019763137436284402740456143
0.000020400292112534764430494677
0.000021206385932303062618210082
0.000022082388937419369933940622
0.000022950067226887612803053890
0.000023757460404738852343363431
0.000024480859499104805332946044
0.000025123602759993566104802787
0.000025712112663155365900819263
0.000026289689279075184141732865
0.000026908690157535976344342979
0.000027621862965409755565591998
0.000028473718866103647453418349
0.000029492890758856806724536037
0.000030686365435655494975867447
0.000032036290767776036631040576
0.000033499749866237922969573748
