0.000004873648711454641127712416
0.000003547805135729196513593884
0.000002437748827999239005173302
0.000001601000487822123583470015
0.000001067255755081715646651855
0.000000838073466320273493184801
0.000000888624963045747378764425
0.000001171290781133660769181459
0.000001620808775392198670565547
0.000002160601211075025053102777
0.000002709844650048915151144182
0.000003190803607281396275818265
0.000003535932950705579913411921
0.000003694266585095652630492836
0.000003636647851691566915089456
0.000003359413330221878844121866
0.000002886208680688077193393854
0.000002267688323629889278720525
0.000001578932193621411353873533
0.000000914512363905677534805020
0.000000381275528775263277269123
0.000000089089435908942546566828
0.000000140038908044943394100496
0.000000616838937910081598369513
0.000001571523675577858287306845
0.000003015712607353082590579997
0.000004913875212125656439274106
0.000007180940112868653424642480
0.000009685273526347306527082767
0.000012257477013801467978265820
0.000014704675919549953507317087
0.000016829096566557157077514972
0.000018448916927475326701284589
0.000019418793479018499266745487
0.000019647265552107298213369707
0.000019108505023500961750521424
0.000017846608832255422155167734
0.000015971716962366639292348475
0.000013648483753637100592448657
0.000011078592303981831291583536
0.000008479846088571096722474874
0.000006064733527558980653339449
0.000004021188989191554286951359
0.000002497645681943602780973081
0.000001593576647109642452392660
0.000001355784612350404277892040
0.000001779942202992657481451250
0.000002816425358854338312436863
0.000004379327923758649621869404
0.000006357589369210888964297282
0.000008627254530623785117341915
0.000011063886549606407276981693
0.000013554041569559612299229398
0.000016004578452952622610785255
0.000018348598937401012316447679
0.000020547173386500251085224483
0.000022586777698380134505153419
0.000024473434712293764463440088
0.000026225610411804002684160730
0.000027868539237521376732359749
0.000029432460918503863215190536
0.000030956073409186057941548664
0.000032494511497058437660915425
0.000034128873200102613461818374
0.000035972499608201720226220710
0.000038168640508598969949324159
0.000040875314708415615551437977
0.000044236116401700027375969854
0.000048339862362882992795516668
0.000053176266453344110110221243
0.000058597992490103226236389244
0.000064300343334860207526737508
0.000069827868036818050746783459
0.000074612430279815951210398151
0.000078040682475744108928181197
0.000079541925117631686920245671
0.000078681716415135360075637505
0.000075243819085330442778675186
0.000069283981411933037936404234
0.000061143622456134101746105802
0.000051418809888277516807666284
0.000040888396906340732691719636
0.000030412959759373259737390283
0.000020821569485314715935563717
0.000012805343129623083462667252
0.000006834875682318556460706407
0.000003113625657357920903064216
0.000001572347546312537223806819
0.000001902294004369253467028500
0.000003618651829676579251201260
0.000006141636007346122706524079
0.000008881351594186545197269662
0.000011313811156363166453460434
0.000013038713988019365411794373
0.000013813809280385970450059398
0.000013564906868187836605911360
0.000012374090878225423397775151
0.000010450991523505606916851288
0.000008092997657976860789155391
0.000005640259963032925600700390
0.000003430619500336335008639074
0.000001758599733279722223631145
0.000000841630392874327252845294
0.000000795880875811552273692913
0.000001623459741090811004644986
0.000003212157511371479066541058
0.000005348198389035393985561223
0.000007741481105507392937166260
0.000010061486384460961986619075
0.000011980501336622188560360018
0.000013219292107255506708569752
0.000013589182804265699134747998
0.000013024044068716448765586288
0.000011596272502827666207631148
0.000009512606039531145327137716
0.000007088479945001326846078845
0.000004703211637801985930279220
0.000002741986624978635119740137
0.000001533633975643631241900710
0.000001294782116109542116207608
0.000002090645390511226367502053
0.000003820264204902969984944082
0.000006229834177272973141014853
0.000008952583050344604110302484
0.000011568549825329949056460822
0.000013673698003976625289226585
0.000014945938051591137925842336
0.000015196274778522148669792496
0.000014396296640757614442897305
0.000012677911850513140805309792
0.000010306568641747685077499422
0.000007634024736992539692144455
0.000005040075873283997728521461
0.000002873929043248812251551286
0.000001405026808545093379483755
0.000000790484052246502948870627
0.000001062614256051831048511874
0.000002136157728118804366874159
0.000003831560328891154851922891
0.000005908529345269735406974247
0.000008103333513618660906567721
0.000010163822964238747111769857
0.000011877591520100254130236014
0.000013090636996500028561688823
0.000013715841973773410260219879
0.000013732237381460095135385542
0.000013177108809999700991658945
0.000012133500157847779604486024
0.000010715629754243141325193746
0.000009054312525037348520062092
0.000007283862011040807710204360
0.000005531299154189562572165977
0.000003908148294856143598421418
0.000002504724782351936081991250
0.000001386626448009416467458386
0.000000593101928822365114009753
0.000000137025220906129643642373
0.000000006293869512350644217580
0.000000166533765268382199464285
0.000000565003608053790776616615
0.000001135539183744892331270784
0.000001804277351531827350679610
0.000002495783501874769113519463
0.000003139111120672593965494606
0.000003673279896508470881408325
0.000004051688322173566673056397
0.000004245079506186862463353732
0.000004242839673572004398577426
0.000004052600021093419193176418
0.000003698301266121854539520525
0.000003217035633455477409742458
0.000002655080845103594747028727
0.000002063574743650088464498116
0.000001494250120415723494184286
0.000000995570484285925205210225
0.000000609499042819427366641171
0.000000369017411702991060688713
0.000000296407825227798331109831
0.000000402238054525966712363918
0.000000684950196502952254350486
