0.000258157615037672878710584001
0.000258514869305153955486575867
0.000258934212130296020036579474
0.000259409896034341392635769186
0.000259944112236146175273776571
0.000260541780081427986042602596
0.000261203667517098940976244537
0.000261918440833883267755688440
0.000262654364345655340264723554
0.000263351465127538040753019111
0.000263915034099142708969715221
0.000264211340534731091694159444
0.000264066380129478650747032464
0.000263268346373441038382051671
0.000261574304538773254411726521
0.000258721256869972454899703207
0.000254441424992040636076512383
0.000248481159706583564720366875
0.000240622448577227569625758274
0.000230705567361869909098412434
0.000218651059440377171618277719
0.000204478978581949918848920111
0.000188323243517055674512913899
0.000170439068214142517730322335
0.000151201774514617186479306654
0.000131095867064832873483820608
0.000110694030914252339856986007
0.000090626647535073490244590666
0.000071543435603151832140322863
0.000054069806488866181898647612
0.000038761365512895616051297631
0.000026060572166732631012482646
0.000016259792941258645180462386
0.000009474765389271590977789649
0.000005631810680315786384454810
0.000004471006562248130606382172
0.000005566043840051987861639385
0.000008359773645823294842987540
0.000012212692022456234864562045
0.000016460012400475555678939707
0.000020471758110816894778855035
0.000023709653208177055151543999
0.000025774633072182757736676151
0.000026439589538186371005593078
0.000025663465865318843702434781
0.000023584881899548691642706788
0.000020495867090017922773452497
0.000016798712106429159688497643
0.000012951095675190011573089943
0.000009406197673822993480640536
0.000006555233411159878006123098
0.000004679603359525855057598348
0.000003918644899700030781897631
0.000004256934593807284524403112
0.000005532483453904762456438977
0.000007464347765603232504960998
0.000009695540525011483339642288
0.000011845053592557682785378452
0.000013561594383805272899198337
0.000014571487101045479592691806
0.000014714117809158811040685759
0.000013960184606346880359459967
0.000012410573894321501287833082
0.000010276541592757577680628325
0.000007844606120433669432866035
0.000005431747286523122279409091
0.000003337822317169480282133230
0.000001802361255175722543823806
0.000000972059137974410056222971
0.000000883484206528824881748388
0.000001463063159064176189954774
0.000002543683402981958972712950
0.000003894705029572731160231527
0.000005260205791239443921369218
0.000006399194662957088765363294
0.000007121476979083187053396094
0.000007313814740610680968527311
0.000006952808361784933464727274
0.000006103206511743380544531001
0.000004902730638068134536315581
0.000003536580067912901146812534
0.000002206230775358150605707473
0.000001097749359765326769791823
0.000000354563059328817765503800
0.000000058563539032910832667334
0.000000221812445775996503482023
0.000000789273837569809620053529
0.000001651251240842860798068705
0.000002662837861188665746414381
0.000003666886193501113785995615
0.000004516837483448901436082143
0.000005096172487119802911646835
0.000005332107215525797152882656
0.000005202259079355575582630494
0.000004734137976898797488842056
0.000003998292632777769226287007
0.000003096644428714074968747930
0.000002147920470777404870456806
0.000001272172043157161657931341
0.000000576197783599186966987016
0.000000141367322036464557902130
0.000000014940850605912187340487
0.000000205561478893414655309268
0.000000683190509821733408426093
0.000001383367845981078131403189
0.000002215306772271808841926616
0.000003072974893323402614353328
0.000003847987724082336880645095
0.000004442885214367544746249649
0.000004783225838924651791383806
0.000004826970136981440764791657
0.000004569870925892452076337840
0.000004046042353539975560251882
0.000003323502752464467398490610
0.000002495193048533120032443861
0.000001666649953357190723249814
0.000000942040451410010988283832
0.000000410538702522593042645236
0.000000134988035533517610417440
0.000000144436272757406105889016
0.000000431519645600253257851229
0.000000954906390151166846325527
0.000001646231421649034295243618
0.000002420294623719003510568413
0.000003186866963042121727244741
0.000003862313126704480509136016
0.000004379401601896399017779197
0.000004694083244569043799525668
0.000004788586550249112289503756
0.000004670791158399673908435158
0.000004370392801064909137770398
0.000003932778326153819705205371
0.000003411740237180437965077437
0.000002862168554776400942519544
0.000002333692073587660166262420
0.000001865955088967360260860805
0.000001485874799838481509061533
0.000001206892106323094145722136
0.000001029954704786246791055164
0.000000945787267575841253732254
0.000000937919364657016239107982
0.000000985949773693415880543018
0.000001068605172752723816699495
0.000001166274565708984698421337
0.000001262840160921079716064251
0.000001346756785029478236900315
0.000001411438039921443916464307
0.000001455078917306336578393194
0.000001480079497043421745493112
0.000001492236664016237934884740
0.000001499848466735967943377797
0.000001512838689725026528423192
0.000001541967300186385982763539
0.000001598154034313536996959881
0.000001691913394517939409360165
0.000001832882683279086798164357
0.000002029420480739694990988649
0.000002288258886486356907797018
0.000002614205015620540972776098
0.000003009901143931207471348072
0.000003475664284521525873084859
0.000004009431617255689513936411
0.000004606836357432045404619765
0.000005261429290106529093533176
0.000005965045794765504706355132
0.000006708299369745817105996615
0.000007481163665929026857989714
0.000008273589096009498748294717
0.000009076089923133256272182873
0.000009880235168165157406310398
0.000010678982413768176083865985
0.000011466807206584897575176937
0.000012239600873147197152056645
0.000012994334067333242514145214
0.000013728509755518662687292543
0.000014439455020361364036372148
0.000015123523570762839433618413
0.000015775298036611188950886081
0.000016386891245873602755396894
0.000016947447391335284657765473
