0.000005033946252299514931142273
0.000003997991741740412771589572
0.000003062155243438941414405290
0.000002250237034048226614034839
0.000001579418293324339125441595
0.000001062102988873940220227398
0.000000707509073903942642000343
0.000000522792880073562167488228
0.000000513689789505294293513117
0.000000684776909348802535045452
0.000001039469631479238762351044
0.000001579757517989535280561507
0.000002305524341508961648467653
0.000003213185270186814952296950
0.000004293421620242702382787454
0.000005528061931327019655143824
0.000006886607928190314979592125
0.000008323379150526004677831775
0.000009776522230000143863482519
0.000011169998360126819227479758
0.000012419064176576858119470381
0.000013438842173747984692303709
0.000014154657507429490909036524
0.000014512264224489761842520376
0.000014486132910126657097034733
0.000014084605779184157354718722
0.000013351663535040009567786239
0.000012365865006379779883417987
0.000011237328248533820436753580
0.000010103233090911241924157379
0.000009121336671271439288798295
0.000008459793298510389784926680
0.000008280791947428807139603563
0.000008715937003930243273663869
0.000009833557591698020549091271
0.000011602360284158994441910950
0.000013861136638301244165512663
0.000016308445430961267458899039
0.000018526350132424557616128008
0.000020045940785058250280508546
0.000020449305763478169443644883
0.000019486183368460013116876123
0.000017170284181009240134655261
0.000013817638439478945307854925
0.000010001777110015085527159467
0.000006426396528409659125171630
0.000003746779380388500573190007
0.000002394046874737921408535929
0.000002460311410018780062583781
0.000003684272940296172818618135
0.000005541927122069902410348308
0.000007409711544297385562511237
0.000008743017535906889118615080
0.000009211307683358839823581019
0.000008751748565634564350278028
0.000007536302693823651112673637
0.000005878083532635489510942677
0.000004119310596684128602932608
0.000002540866681094444853411226
0.000001316423009513453731687176
0.000000512117063373058187605857
0.000000115904946816367397141257
0.000000074756630437244462499598
0.000000322566277085268745779875
0.000000792114644308329285418376
0.000001414399725295390585199382
0.000002113761562730469882679654
0.000002806536531657545535277040
0.000003406562900229978990999588
0.000003836020288178480959484506
0.000004037401800213433085407193
0.000003982656717745618127487443
0.000003677727976637224799750635
0.000003163037206897915178002668
0.000002511422678396805817444947
0.000001824138447266237125180422
0.000001223498485114176574501646
0.000000839120244744304153614544
0.000000785090030813615115859298
0.000001128618377083313677110787
0.000001856391643769403852941096
0.000002850768695983658018895668
0.000003890958387925291618917277
0.000004691119777107644255671661
0.000004976514968274749324496278
0.000004582361673415533763584380
0.000003543668790561444484978103
0.000002136255847848687429907160
0.000000836506426043614755261009
0.000000192179645620953765912305
0.000000632772430257168038375906
0.000002281880175834941441306240
0.000004849140059240713659829795
0.000007663554732587489660847538
0.000009862920566973942522546320
0.000010690216762589923904817543
0.000009792867262028778701046274
0.000007401659388024137331194268
0.000004298136329352861587874829
0.000001556747211457238663041489
0.000000143151236208675160928872
0.000000522495924505764548596907
0.000002445378685588171199967455
0.000005020611503301663751798294
0.000007070228680172453728793817
0.000007638014749964901396349012
0.000006442652940265322192119057
0.000004070827279311536613765846
0.000001800709079333478542146469
0.000001098473334582929966299738
0.000002977489591135374407868640
0.000007486348683212722476625588
0.000013558753709333424566051141
0.000019321847459102472902361947
0.000022771861978507772922026425
0.000022564732316203425175607164
0.000018605052578029856742269227
0.000012181670506000408409140283
0.000005570539385967706664170782
0.000001236914926642883506366518
0.000000932926138101072149967142
0.000005034592927306076529504839
0.000012373748657709077121208061
0.000020630818396159482890203293
0.000027140882981814188858920092
0.000029813121956953705395370474
0.000027830509225181617079247776
0.000021890373911474694627876669
0.000013924167378745992565761136
0.000006423310562333612360537589
0.000001625662794337258116220244
0.000000842293856224026045297776
0.000004128654396211013820534343
0.000010367436264041564208840222
0.000017689308371211083325104732
0.000024062152747619844730172373
0.000027854349815868541056194940
0.000028218226676832699540472399
0.000025219153808615729455127469
0.000019719914113191901796360087
0.000013091811609173153684829334
0.000006851321779155546870846653
0.000002316446169725130976337069
0.000000351782684247626627209091
0.000001238710667284192619983559
0.000004676489525909062910144064
0.000009895936390192862266556445
0.000015850634158140678559544001
0.000021441202672134666553033569
0.000025726320028071426778684336
0.000028080422392643593023807067
0.000028271875539750221942780425
0.000026454405820783276641252474
0.000023084243762492912319496743
0.000018790660067176221417707335
0.000014234487574447140083582115
0.000009986650600333312526794664
0.000006448515665532139700636283
0.000003822004607695774337870059
0.000002124339243390320282372152
0.000001233409943580896766588523
0.000000946500572782097517674090
0.000001036896840347378110518996
0.000001297885362843684143842543
0.000001569583235647439200933606
0.000001749115562972850827222070
0.000001787904280341970841570532
0.000001681100532378251571766822
0.000001453909993601656080219387
0.000001148382514776697214947806
0.000000812778941844081380940226
0.000000494314995514083616624530
0.000000235124338146461912971770
0.000000070718785882089126758131
0.000000029990803748161637238962
0.000000135803096053355127449869
0.000000405351075674050550567485
0.000000849705876435840404880336
0.000001472223385139253997361047
0.000002265837505317418365178000
