0.000157307349872616613261841478
0.000155899957121287803616521694
0.000152736342065095672760124956
0.000147967349919066420808888562
0.000141821150246059879494048284
0.000134593387629534119807189763
0.000126634269085105469372642961
0.000118332945241013490775619510
0.000110099627877186296187779491
0.000102345986144073677805849121
0.000095464478318491984704108333
0.000089807401634703592878394840
0.000085666571091174299181977836
0.000083254655874905844929398380
0.000082689291583504026181272728
0.000083981127137000506676159373
0.000087026935452277383439487202
0.000091608796450696011151766662
0.000097400134338024492051608116
0.000103979050982507266573558191
0.000110848947578175708239198172
0.000117465885414858592708520213
0.000123271536431909600013342998
0.000127729962978110239994397612
0.000130365903692477094755197697
0.000130801795933615236985220198
0.000128790502581052450359333506
0.000124240692411136690025824647
0.000117232091960191609782658551
0.000108018400938630232009304843
0.000097016529029885796965929079
0.000084781919881116808495810644
0.000071970993629239031572769614
0.000059293047524554376805951128
0.000047455169592900912618835957
0.000037104700242825837299808639
0.000028774387974475401424587218
0.000022835521123581513331735407
0.000019463913771312075086210303
0.000018622671848192651677597609
0.000020064219054675040346128259
0.000023352238596020341115889682
0.000027902158609396173779117548
0.000033036789693347585886770007
0.000038051943754169565792364743
0.000042285547903701608488807873
0.000045183102186374275439743886
0.000046352438876698484788996257
0.000045601662584654154843858548
0.000042955825763222311411589083
0.000038650166543342855205583897
0.000033100362101316763607967986
0.000026852926668650447373067405
0.000020521278697604374577573641
0.000014714802875107424606098729
0.000009969185832067921503745790
0.000006686254246812969607364867
0.000005090461378868704376502580
0.000005207161158158311107092917
0.000006865115773140366983999690
0.000009722643703664558882627730
0.000013313829331058753700149470
0.000017108685233065797830307592
0.000020579432160263257459154040
0.000023264380834826232479894265
0.000024821360649124722149013941
0.000025064177694343576325783363
0.000023977978318862228855048654
0.000021712301258277575825893571
0.000018553605447726760700310339
0.000014881736161378076072786016
0.000011116767804577524546088239
0.000007663676323069985860179758
0.000004862234664943551684255976
0.000002948440018537338341630483
0.000002031870849986925102112489
0.000002090949013440104752628015
0.000002985523395870710795969860
0.000004483874020770426182061225
0.000006299479540388384403437616
0.000008131913305133847618224631
0.000009706119476812779828939215
0.000010805021074139694255730575
0.000011291758356915842685056633
0.000011119597642638146933182983
0.000010329399648861486865646965
0.000009036216052812582613055353
0.000007407869528103378089578870
0.000005639124815099328009992963
0.000003925230498651161247208440
0.000002438248636154906696580074
0.000001308810959224970802187125
0.000000614910286089723947191448
0.000000378232287519250999862063
0.000000567518843045075097257892
0.000001107655111596114372424205
0.000001892662554518962060581756
0.000002800580384793416520948766
0.000003708301832895343055690116
0.000004504737983457935311876804
0.000005101130339698216250307952
0.000005437839641409114334596065
0.000005487427941864184304291384
0.000005254266641632200235411971
0.000004771210282329337398180176
0.000004094061686312374357971794
0.000003294624627988037939268356
0.000002453115531211983098188985
0.000001650613479843226171617622
0.000000962098073465974175806073
0.000000450484656477501162022447
0.000000161937174698496268910287
0.000000122632805437209122921565
0.000000337072774851832597494468
0.000000787975283783486875499754
0.000001437738065410516983435424
0.000002231406150436850894424245
0.000003101012916494543033977312
0.000003971073105679801680501732
0.000004764897522794216223125836
0.000005411282696306704792336972
0.000005851025566114777370896848
0.000006042648777108917192450385
0.000005966721168155666554355071
0.000005628238166420837648371012
0.000005056692792605390026944474
0.000004303708266767185796881998
0.000003438389669066558244615818
0.000002540843733709758997952721
0.000001694565640011563401967718
0.000000978555603370810093597724
0.000000460074237529531997764083
0.000000188861384728762269052255
0.000000193438481140715901924224
0.000000479821301881924695015443
0.000001032635941112879958883445
0.000001818311032553112321859300
0.000002789765019274165304744278
0.000003891857172470705554523374
0.000005066843521453302527277583
0.000006259169762928217178117509
0.000007419117772971731790063177
0.000008505061027278161675177492
0.000009484331258848116802222250
0.000010332911078283714054453640
0.000011034312678858500925724133
0.000011578064377271288562911214
0.000011958204907388052297694155
0.000012172095475818848450992246
0.000012219727398306944987204509
0.000012103558757459215351488108
0.000011828785201061592992658952
0.000011403859163221650288902974
0.000010841030056220785725133206
0.000010156686438991506938982201
0.000009371331722091053546895394
0.000008509103159897426013483571
0.000007596832419356759920196255
0.000006662728248113927357167488
0.000005734824454345539157138975
0.000004839371441123509945522654
0.000003999354452605712980837148
0.000003233299172430061062391083
0.000002554481916392315065549891
0.000001970606124668185338776570
0.000001483948408109408855811004
0.000001091924283094359442281116
0.000000787982176572976017422435
0.000000562708003414815059269234
0.000000405012744667450632882514
0.000000303280885807054720081425
0.000000246375555189821495446036
0.000000224423014247241395022390
0.000000229330762850812792918163
0.000000255026135267872406116427
0.000000297432669835435720484345
0.000000354227313755979826987032
0.000000424441048776591090804572
0.000000507977874576508349169473
0.000000605131894197198277623344
