0.000001567333297161127042714229
0.000001620919440599271169970168
0.000001712964140128994532005476
0.000001785446152180053801136706
0.000001799298688971905274319642
0.000001736175291796755232719292
0.000001597372510356040520846494
0.000001400473695934106401999437
0.000001174481220098908034805323
0.000000954287455755999811793443
0.000000775303607165185475934765
0.000000668933287238936672698230
0.000000659366028335860738345800
0.000000761905538476249818337512
0.000000982778311209012292310448
0.000001320134588071681827181180
0.000001765796241146862508695115
0.000002307251310147911968289301
0.000002929446536782557749932108
0.000003616065914172124514357198
0.000004350163638481730400567413
0.000005114194674842602162767417
0.000005889613425890722276572018
0.000006656268551165165565691902
0.000007391812895205891666573078
0.000008071296326579765814386407
0.000008667051025578016238077109
0.000009148944563839370429803727
0.000009485081466382335783579273
0.000009643072819789839402165182
0.000009592040168531553663068025
0.000009305537212084311101257909
0.000008765523778908451137895780
0.000007967386508669501533419846
0.000006925765755701146991025682
0.000005680638350980542989406182
0.000004302761291983050339791592
0.000002897254925517714218175403
0.000001603853477738135974601250
0.000000592237320113975569503616
0.000000050958546399055420192430
0.000000168878057536001926409899
0.000001108876725523472335849435
0.000002975016572936819154028380
0.000005776369362815420734872003
0.000009393265401963223510404047
0.000013554287048937085680177031
0.000017834091764175657101546696
0.000021681947676698692522049769
0.000024487549355440438666889694
0.000025683604874089419295261905
0.000024874276631457503298301345
0.000021966730619402725520252634
0.000017273163098083529974190869
0.000011546873269416883204131069
0.000005921889335345319199535932
0.000001742931266139947832748548
0.000000299339765000975120443441
0.000002507451371253414066649729
0.000008612257130491359397072085
0.000017991788075505048787169557
0.000029139453398580863005161087
0.000039868425205535567928082086
0.000047732605909978558867204357
0.000050601463393560006966392234
0.000047275650070323909518205802
0.000038001376116691452738093060
0.000024744282332925199112665798
0.000011120873180271237124763437
0.000001951521920600714254842275
0.000002480161124187491585951727
0.000017384130328480536226533684
0.000049755255117367675008616112
0.000100256168918594359648101266
0.000166637477714847088202526626
0.000243743542847392837859266113
0.000324047498035985224139332583
0.000398655810352042722002202657
0.000458628461561056289391702379
0.000496391400607471889629140893
0.000506988114576688948462179773
0.000488934986271438113553111648
0.000444509808317101128526116494
0.000379404343688931713126505363
0.000301791890953010896476299552
0.000220975874611516773064756602
0.000145871180766505144322728316
0.000083606459992945561109263519
0.000038512611349584373039538210
0.000011682694260542587184415267
0.000001167513590184270114928199
0.000002735528242988446858232395
0.000011006629992031172668421300
0.000020694873301317046423476731
0.000027683282988070662290888344
0.000029707025184132894609061876
0.000026525718604314394203323724
0.000019594635522011083722613428
0.000011365036378151390265237725
0.000004425593409343894261910764
0.000000720241520881286910815504
0.000001039207105944911395861490
0.000004892380712204088638551600
0.000010763295629960068709425960
0.000016638756967990949890224064
0.000020641263643079526640634544
0.000021575495598814770157724413
0.000019237845645383273244372058
0.000014415775374195966085995486
0.000008597537183922909466904025
0.000003495011276365008761235660
0.000000530134831790121171904461
0.000000436726491984571983617466
0.000003086528358360241594272573
0.000007575958719028933629644970
0.000012531309016995544373344190
0.000016528675065014015327109070
0.000018498183246249328998567912
0.000017996062970184203923165039
0.000015276058912912113220070043
0.000011156691418856950269813434
0.000006741762694458243942129128
0.000003089733547620359382500799
0.000000933117737757091577956170
0.000000523059400076303183503101
0.000001628044091319021065400311
0.000003666052674702277551504895
0.000005912610338311071961152864
0.000007713277734678744684544520
0.000008639463475303237581254950
0.000008554016618386611780534834
0.000007586128526234122893445906
0.000006041918141264467582019892
0.000004290147012103308034802404
0.000002660408316378439991050329
0.000001377964156272723830257945
0.000000542194006864973991452114
0.000000141117513242560974123042
0.000000086722853693775806442620
0.000000255386449603038961358591
0.000000522237878222910936032832
0.000000784507729427215515290053
0.000000973852015049150151126348
0.000001060066133950293347946244
0.000001048757237008598666507821
0.000000974630933093383088668821
0.000000891303175334158332614263
0.000000858608134603799698343987
0.000000929107526905342601111965
0.000001136280675604292489776627
0.000001487010779467633065612127
0.000001960161271096905335971404
0.000002511448018047267948497795
0.000003083042903555526823109346
0.000003615076190565216343098844
0.000004055910650790375636788945
0.000004368806957540480006272655
0.000004534046527826961681031243
0.000004547141795300170839582918
0.000004414868904619080850913661
0.000004151159047968587627850962
0.000003774378906525248679178046
0.000003306521847594798997063085
0.000002773779629421678124943538
0.000002207290297950099790063282
0.000001642786432591156664442117
0.000001118365216370816186565299
0.000000670420715286444774869655
0.000000328578439236825167901908
0.000000110956694475712398070859
0.000000021098643552596947328368
0.000000047502419511153422639668
0.000000165995464756731096411137
0.000000344487194354317874020986
0.000000549100420894883534185288
0.000000750449595885178294982307
0.000000928917843454217546583719
0.000001078109430338214122125783
0.000001206094923777980372823051
0.000001334495184634338942858520
