0.000277810624054559409876197229
0.000279661893225859547150446982
0.000281311107185608117332159539
0.000282622601905874323239414858
0.000283412151113936661064179878
0.000283453686369902508202650582
0.000282487602690433849388779164
0.000280231117559272464336006525
0.000276391284815475366583997774
0.000270681299290156669300894121
0.000262840603700744096342389877
0.000252658955181134226280342814
0.000240003961417368703000485564
0.000224850630465259741655806303
0.000207310245310417397930288774
0.000187654537719213735822917921
0.000166329989291379392972458628
0.000143956535052369369309666070
0.000121305431741089133007918677
0.000099252943132793438512154194
0.000078709913847389004941737523
0.000060531988178179698973507827
0.000045420446171225367930530947
0.000033828210488670766120482269
0.000025888136340534623111011778
0.000021379979994755823088752045
0.000019747765973552762870874347
0.000020170904687874031306973888
0.000021681734039353641119640334
0.000023311508394038365593560133
0.000024239007664533985018191428
0.000023913315307037318540673079
0.000022126191988489160854562329
0.000019019420758838054909311069
0.000015026324579404567430198497
0.000010760925134008541135979646
0.000006879241452714152267860354
0.000003942221832269399385475107
0.000002307725877634163090350566
0.000002070827431647286292863697
0.000003060105623184353651651535
0.000004885780360764935755803727
0.000007026298754474503090497982
0.000008934764413645342507361118
0.000010145411758989687667112216
0.000010362123038109104827451078
0.000009514519807543785499186033
0.000007771710458336752441331659
0.000005509381604275335583202448
0.000003232998346655978247717782
0.000001468413710370452151843549
0.000000640009710125546143258933
0.000000963119636640981820728275
0.000002378805266913415591474188
0.000004552704300647972982874542
0.000006945428176541762441977522
0.000008942694006166618594932949
0.000010014479112977848755563874
0.000009860476515699952783410367
0.000008499127769853766765396907
0.000006271063084020305394882325
0.000003751779004645748996692265
0.000001595705898310393564890606
0.000000355585769122806252338622
0.000000329788050711593289714640
0.000001482488087942607782120747
0.000003459690860957089183808262
0.000005694949632366143477547448
0.000007571793224627234736312260
0.000008593938170743227548389540
0.000008514077465544041882993496
0.000007386805982452950912855224
0.000005535560095687256882757751
0.000003449060613658991946399316
0.000001641619082098905982905175
0.000000518644753383131028374900
0.000000282925362554784362587517
0.000000902005726508156157376309
0.000002138036393704053671010155
0.000003624887458129423927215458
0.000004967482882517337900904995
0.000005836744972471324319196733
0.000006038998427494178949665859
0.000005548121247720585297834306
0.000004498709342537027381953452
0.000003146455015958033486496003
0.000001806718038658810789260159
0.000000784158051959627580494955
0.000000306284241841478891610524
0.000000472749493538892639816660
0.000001230394501047741705364313
0.000002380947382497711558327303
0.000003623201917554148393632628
0.000004624279957100743514153418
0.000005106269733053122446503422
0.000004927462168534904510925568
0.000004134608064190006227150813
0.000002966590225414808246445341
0.000001801263482747790651802063
0.000001053817077848279336939894
0.000001052081334139134799861770
0.000001925646295560198945989944
0.000003546270219134833990941563
0.000005544759966341943478620839
0.000007406769861667630318585037
0.000008623566966356269395256422
0.000008852826511202319218233822
0.000008037116827518917626231067
0.000006437911097031657575674377
0.000004568599477907631678541035
0.000003043071727524527444590794
0.000002385695025886678682258040
0.000002863356485079870117891644
0.000004394839587822801421342165
0.000006568428787861523141975665
0.000008763407344330003388190031
0.000010337137590897958980295547
0.000010818378668626423808095741
0.000010046421500267943335686117
0.000008214389946595477106283320
0.000005806668481332843440186325
0.000003453757247976442108761651
0.000001751851718302259993482930
0.000001101946708614471594732398
0.000001613224710071554300912081
0.000003092755664349615769479190
0.000005116574078572629476419423
0.000007154797594308711366367388
0.000008711750955655591890274339
0.000009442946360911668628526638
0.000009221988344787549247050414
0.000008147110131107119921538631
0.000006493613687006835726034121
0.000004630678367483744291397026
0.000002926666415728227371294713
0.000001666186806831333430236664
0.000000996302493721664803426742
0.000000910583463017702201647112
0.000001270426306194901296833344
0.000001855018156367686657444742
0.000002425859993249659539611696
0.000002789690338024177757969124
0.000002845184926236187983094933
0.000002603503303087652190740773
0.000002179488576488549664229898
0.000001757478483943629948935573
0.000001541500399898325501311220
0.000001702696380161384146173335
0.000002336522028347130048377437
0.000003438904209815240979337264
0.000004905271468367135963772278
0.000006550758831609023760645608
0.000008145422491403660677773517
0.000009455945815909343475690399
0.000010285306393841935735473589
0.000010503751034024653063215192
0.000010067318001821929136113155
0.000009023106569601963933106858
0.000007502802030866453224277387
0.000005707282214791035216121685
0.000003885501039671510318423194
0.000002310559937852129327621542
0.000001255310407036494232176776
0.000000969278642092768112308965
0.000001658311633970179704638485
0.000003468106265350652636143434
0.000006472597223456915262011779
0.000010667928556708572494608755
0.000015972348677015441221647626
0.000022231859110542401595199402
0.000029230892825833121767857212
0.000036706812876170601253264514
0.000044366711835110091187786563
0.000051904918174724730807554490
0.000059019777447162656070552694
0.000065428617411123174245346501
0.000070880234652895705350396371
0.000075164655517120172777481568
0.000078120244789044426185313508
0.000079638417007302724588344023
