0.000001308399944100032736725089
0.000000727360931531888262979550
0.000000310232440772862880646850
0.000000082385494370532628675109
0.000000052331960305505628734256
0.000000212154376042302541759856
0.000000538821621373052904862839
0.000000996279846024015126491283
0.000001538230143821045254882681
0.000002111510447516782761556101
0.000002659985676832057480210424
0.000003128818213040565583216504
0.000003468944824879991755046428
0.000003641533437492259389530987
0.000003622142291368958029332617
0.000003404263905137577627915040
0.000003001914621756676130259148
0.000002450933359013448870918463
0.000001808684517013066536222617
0.000001151922354006939870171736
0.000000572669419098016497536910
0.000000172091684845114677602772
0.000000052519362932268401908327
0.000000307964368682034928263909
0.000001013716888822219105271245
0.000002215848696328877125670542
0.000003921680768344063706270803
0.000006092444419007888187721743
0.000008639425298455439346419216
0.000011424773888988647973781292
0.000014267853065294823061140081
0.000016957460233095693455298431
0.000019269538400549547640938641
0.000020989156143525655495761864
0.000021934713930843856310483331
0.000021981673617308168661036230
0.000021082757667555349361150629
0.000019281638696459006248598231
0.000016717686721944733589228366
0.000013620324750173272505457921
0.000010292839444812942715926432
0.000007086909357575839070019635
0.000004370419600830461237441632
0.000002492108384345496434840710
0.000001747069338568692541325449
0.000002347032281196076092738079
0.000004398685389071963243033843
0.000007892203607822694796719229
0.000012700805936503288290796015
0.000018590807832594227901696834
0.000025240484381163077543322459
0.000032265282464422725321271518
0.000039246599324634770847818055
0.000045761466270619524502639985
0.000051410935041498890261165572
0.000055845592806450606920484758
0.000058787241942114832336015867
0.000060046212956401049244507806
0.000059533945178257506852109726
0.000057270379862177688619784971
0.000053385472293972930908721036
0.000048113922045138853749238206
0.000041782241674506843899430247
0.000034787688420791629121450045
0.000027569424615853904800451268
0.000020573469476996308381855361
0.000014214342327915497268407859
0.000008837465774490350998559424
0.000004687065307697358861797974
0.000001884202327660607951967733
0.000000418588198385175970077263
0.000000156019911578933848966385
0.000000860925464178640761140325
0.000002231036475192761163547370
0.000003939112287855029260021707
0.000005675376912869034638341875
0.000007184200515532566074026859
0.000008289634325952532708397559
0.000008906506790332819196694472
0.000009036495643988020075613662
0.000008751347801215505974210818
0.000008167647778548747585793642
0.000007418768388100553941668681
0.000006629629617661085697673685
0.000005898681967380104630336267
0.000005289437183537407266857491
0.000004831416395814601213326046
0.000004528177027580458021977904
0.000004368649831069877685976732
0.000004337695213979804822503061
0.000004422611622739836516196923
0.000004614032393140754299777542
0.000004901729051610088653732032
0.000005267692079193327799014560
0.000005679937451148085965412036
0.000006090453081441968998899043
0.000006439528208842416376171420
0.000006666702526578953059879350
0.000006726286849103341750283694
0.000006603509082053259824317531
0.000006326422712377977776855402
0.000005969135052699465240596058
0.000005643674883232366028414616
0.000005480560177196999907371384
0.000005601190196363884778803406
0.000006087781398022396442458546
0.000006957966325196120153267522
0.000008150906820329269585989444
0.000009529754638214852231195215
0.000010901873446741126928217526
0.000012054137313195543128188994
0.000012796780742490908793591517
0.000013006637422904644447053252
0.000012659892229761039820221460
0.000011846002023617552230188785
0.000010758028034292211125170016
0.000009659584055896562447161499
0.000008833889914340604520171657
0.000008524830664080329590865000
0.000008882383422975780338853510
0.000009924593873797057930197241
0.000011525343646692400029077699
0.000013431966128687785935725239
0.000015310413875780178776311868
0.000016809557980438676245450724
0.000017631721673611929900472167
0.000017594800744523322183487934
0.000016672779736839242817336704
0.000015005849873500250394177218
0.000012877708333125949580785612
0.000010664528922288796531909864
0.000008765973125214935706946487
0.000007532145331566069222227911
0.000007200848607952538079518025
0.000007856873130621288338912636
0.000009420073000377093266552442
0.000011662895140996829365263518
0.000014252235440474460758872310
0.000016806255840184400167109519
0.000018954880181671967739887030
0.000020393261302881455170445471
0.000020920150485049886744659542
0.000020456955578380748488141055
0.000019047337553789691255625577
0.000016840565930705728408655480
0.000014063942518311812738987347
0.000010990226666132679446364825
0.000007905349019266348219604074
0.000005080237366405895960250368
0.000002748840429128901749136630
0.000001092896872075982701364555
0.000000232952686262755874433629
0.000000224660126855720204980818
0.000001059390581999053552263016
0.000002668449057793675075660536
0.000004930459338416287199758151
0.000007681625325260754572347273
0.000010728495438684091374081757
0.000013862596219496117359642681
0.000016875964384864866645518874
0.000019576325671423585645823315
0.000021800555358104299575813800
0.000023425167586179610515169716
0.000024372911394824125439753301
0.000024615036881062688135400271
0.000024169337198847096930334755
0.000023094567685262560219512651
0.000021482208307668913436442454
0.000019446721835707658115107582
0.000017115460480160636061626456
0.000014619216548030961630270930
0.000012084149610221911008787338
0.000009625514061205311122930602
0.000007343312405237349284174188
0.000005319752871775157237153875
0.000003618218720723901539714764
0.000002283366931777501735340323
0.000001341958115787421334578447
0.000000804061104358139925717824
0.000000664355118990920736967722
