0.000013228794071916827261689749
0.000011951296102019933942817338
0.000010705554781084512518075577
0.000009520623096415623698050498
0.000008418135417063895894877225
0.000007417459766159423121319877
0.000006538688769725261786143738
0.000005802539623895167479887720
0.000005226998177033679457100836
0.000004821392206840454053512826
0.000004579388538742088394237553
0.000004473027935931350417540255
0.000004450181160703671378784350
0.000004437589792577403626535996
0.000004350868349974685459836173
0.000004111516783289861387844146
0.000003669285874518205828131003
0.000003026449042174153114781151
0.000002259054772304024630714524
0.000001529473888380920528796969
0.000001084840604445481400213130
0.000001237462140525868227683578
0.000002325849884911697071419954
0.000004658388054287913507397687
0.000008445326411608536888654848
0.000013728231731627579551772815
0.000020318773439981796806626246
0.000027760356937277093450919599
0.000035326317778143758395990870
0.000042066792491896413399513760
0.000046912539097014635915746522
0.000048837393970848383233096524
0.000047071391831452670680667472
0.000041344080810706199233164199
0.000032123519650587070825478037
0.000020803522262436707773594971
0.000009783916487312300014670373
0.000002390549012954942977417575
0.000002597424458173231260032631
0.000014544158301980731012956888
0.000041885178761184819616787689
0.000087055281580775161669530360
0.000150577559294460454428904450
0.000230561149494282137308726055
0.000322526745744217905719625206
0.000419652924628531847749818295
0.000513460968369993981004484329
0.000594864586234116550673978185
0.000655425110645659145941488433
0.000688594893256925296570747363
0.000690718804473821430464641757
0.000661602020911657780384562688
0.000604534378929675935906984385
0.000525768506415059543208923021
0.000433555337974736324044983116
0.000336921812268176773530470314
0.000244414268416361926336555221
0.000163021535920304102640701616
0.000097440219598690457460457570
0.000049766644751573085468567686
0.000019614909556838563845036078
0.000004586781832142651382940544
0.000000969614838523620136212316
0.000004518442652341393179918697
0.000011186250570665720461128838
0.000017695371911488292770032321
0.000021884087276984480393291280
0.000022807140430602564887176825
0.000020610213744101317349683572
0.000016231796027736597058709414
0.000011008392177684457068401712
0.000006268711093995144403336062
0.000002998051224457920227597181
0.000001635434100206870933495642
0.000002035087945403868701444230
0.000003585639784313200096005185
0.000005442812944387937863961486
0.000006804071343302305761760029
0.000007144827492227742558482048
0.000006349493627125410648672551
0.000004704127306111691609203512
0.000002761254174914711865640275
0.000001127897459127789136533525
0.000000251372971780862559120254
0.000000275659856265251413283006
0.000001014393774383476218588066
0.000002044029787816305544914186
0.000002877712097619464987535492
0.000003152507838194454779161095
0.000002760056335006766681250141
0.000001874049437248075672892583
0.000000868184079672023614559053
0.000000159864416037440743836097
0.000000042147851999794171415350
0.000000569135650826075362889497
0.000001537698789320628505968881
0.000002570244451117956502355288
0.000003264237781381481785016605
0.000003349417216208928561773771
0.000002792211025178699175411465
0.000001808624920095883400111619
0.000000782721296583245393864892
0.000000123524225179052981597359
0.000000115127152955287058016601
0.000000815188819137770477928431
0.000002036751628953208950544409
0.000003416172135598336701288501
0.000004538750485497957454824724
0.000005075046427528372027144794
0.000004880870288618160346080527
0.000004030905843097495969964625
0.000002781829297124176790317277
0.000001484952393608128327879376
0.000000482050177423200860005301
0.000000017624970043320346364489
0.000000189019305486135926645737
0.000000939369460953744725564352
0.000002084894291267547087112555
0.000003362104399128532100518921
0.000004482235324879338643217896
0.000005185672127970042002791367
0.000005293210155552966912476977
0.000004750475534328406595867278
0.000003657350295725695611209977
0.000002269941229255680727281298
0.000000963613504168523176521863
0.000000154674316682319906999442
0.000000193647899373027108311574
0.000001258507469013103376327938
0.000003283774884090552650419120
0.000005955424280865885956585959
0.000008782010989773823779252701
0.000011225784148380134666849600
0.000012854197819901116346696414
0.000013462235024763928464852127
0.000013124279294943966893915131
0.000012158365062678121900339480
0.000011016331004331182373827576
0.000010138750827864195371377266
0.000009823912115039666641735580
0.000010152236084109235908544758
0.000010985454858482705909152911
0.000012032940551437922653533162
0.000012956230585962978229391807
0.000013474191752371852793894978
0.000013436818075799339343412951
0.000012851167435335100226864377
0.000011861082377744823761634568
0.000010696077503852670999339239
0.000009610132390784037917743667
0.000008828204718459438282338568
0.000008510369910075618214359561
0.000008735033740283226861233178
0.000009497097469746131965162225
0.000010715500023814112081428813
0.000012246234456553429522469509
0.000013899562828869410841588911
0.000015461706915878712308935056
0.000016720862956668437060295598
0.000017495417920787807578627410
0.000017660052962861527329303454
0.000017164393959429677941541312
0.000016039754039392018679583210
0.000014392116889236437798416969
0.000012382883961078342295310077
0.000010201837970309133758208507
0.000008038305150918170183488125
0.000006056273358969691005980127
0.000004377526392560696038940265
0.000003074402764120847906528181
0.000002171402309772334686475536
0.000001653183077035972035702849
0.000001475803101149377693877959
0.000001578302667162775411156296
0.000001892584218788284037421343
0.000002350632770161085406050543
0.000002889082473899459896810342
0.000003451759247662335515331473
0.000003991050483985248235332347
0.000004468830222652691440572963
