0.000016922371617411815375182221
0.000013615464632765882050800983
0.000014908444085348481210383589
0.000020802271312548767221882115
0.000031238507092789371069347509
0.000046088971798505717555882732
0.000065145660465150615598371731
0.000088111932678457073522121368
0.000114595989294479245882742158
0.000144107583476454714039791116
0.000176058772973441670034802642
0.000209769293054725834875295920
0.000244476819645078678570893072
0.000279352024424917185201761027
0.000313517942146129640051260834
0.000346072833430977988382337696
0.000376115495081376989983806824
0.000402771893496067616424749502
0.000425222096029621811005827503
0.000442726729743468183989052456
0.000454652540183904385617807975
0.000460496947048049320386914340
0.000459911669320291812551593225
0.000452725398458045705761543243
0.000438965058873403855734668388
0.000418874416598277428749885765
0.000392927792994809575114617539
0.000361835634796833988720970998
0.000326537993957101691216288186
0.000288181918141487030445707651
0.000248079627904559409622142763
0.000207646293869535446697388581
0.000168319131132359256237257528
0.000131463031020647488217312215
0.000098271432790863539512640767
0.000069673823177178516394963959
0.000046262367957606805903003622
0.000028249159033387614590408093
0.000015462227237225752461214148
0.000007383161233469184438313500
0.000003222736605546751916824945
0.000002024623544385317324274766
0.000002782349853737184128791996
0.000004552381735555105740469173
0.000006547065455267927649811704
0.000008195155197569585516751030
0.000009163915690521139985726465
0.000009343965021407075441416470
0.000008804535328609898852119005
0.000007731289267714825630645019
0.000006360393367943211305882804
0.000004921112998540703608772121
0.000003595388318485548610043377
0.000002497829677849530437191159
0.000001674667356313121390024587
0.000001116547700101228745919193
0.000000778354624952504612887838
0.000000599522639910424047791958
0.000000520126358506617721205398
0.000000490580528551660805094753
0.000000475206042309372769215381
0.000000451552010026614756864935
0.000000407911780993183085202380
0.000000341020924773311205498410
0.000000254864324012180183960771
0.000000160363404484223855466180
0.000000074924404550312315784770
0.000000020670388161332966273213
0.000000020662374941405990057934
0.000000093316016198299788299228
0.000000246179894660507912037206
0.000000470889524083699584246080
0.000000741186004179288861682849
0.000001015315645450301713483888
0.000001243038297213081840264471
0.000001376163885912723548624135
0.000001380383314927692275854865
0.000001245507819601838366186828
0.000000991301221126902288926586
0.000000666915128637270479940516
0.000000343349642594101324703966
0.000000100031731016681475739734
0.000000008120867622447800360294
0.000000114130755618486745104099
0.000000427631969372773450201609
0.000000916096758617608352444209
0.000001508497547680288725162031
0.000002107388084157575138238155
0.000002607300757849437356579621
0.000002915814612705483745646283
0.000002972926362178446619438134
0.000002764566412047498530381567
0.000002327215359616051988840557
0.000001742369287734266509735698
0.000001121702453530606528241077
0.000000585742861332041049368517
0.000000240291929545632842220581
0.000000155376096346658588597309
0.000000351082742180297935981250
0.000000793277819886567147798177
0.000001400195955914192067718205
0.000002058647859874037353879184
0.000002646578226325422642791841
0.000003057364471977051784525384
0.000003220871424872933142555080
0.000003116961454206186573148447
0.000002778761671338005488689432
0.000002285160718912096691074216
0.000001744268086640325600856355
0.000001271420190091678597741308
0.000000966359104488934162748796
0.000000894233717446355623124888
0.000001074109285305568328198968
0.000001476973802650795157361181
0.000002033205580112320155756036
0.000002647571398719884486335982
0.000003218451304922109860757063
0.000003657378439744436663397719
0.000003905194689562055495224337
0.000003942031031675534321874824
0.000003789674350872021931163972
0.000003506376249667547228931752
0.000003175508070010121380042159
0.000002890453131748348977156414
0.000002738627475277734220549712
0.000002787500702188840700010549
0.000003074991370379124352042038
0.000003605737356014073065856029
0.000004353634734853309589167579
0.000005269875229967027838455691
0.000006294686094030188901931114
0.000007370275885225047396648659
0.000008452263941043390015907776
0.000009517191496667942843300583
0.000010564540931026661802491842
0.000011612872357281956741032782
0.000012690975786565697052158883
0.000013826044310063594666476879
0.000015031542456703737685062491
0.000016297517452900684456441535
0.000017585566947333215438937018
0.000018829670592230198514693482
0.000019942860984097046282096516
0.000020828540494020733109866578
0.000021394398129162476142415411
0.000021566500793377039687549745
0.000021301254360286385350440469
0.000020593460762971384187891913
0.000019479468127860634298238740
0.000018035230007618483801098627
0.000016369796108702380283599423
0.000014615254574901918383552507
0.000012914411577604654823110339
0.000011407561351868713536749159
0.000010219630406794725198328828
0.000009448832962251316360110728
0.000009157788423192676118466879
0.000009367836829113455819856120
0.000010057037423576013247805694
0.000011162039088115320511021035
0.000012583672437864025457415415
0.000014195755777102070523641719
0.000015856273823004566074414828
0.000017419830861606753092275107
0.000018750144821575642019350141
0.000019731362609298047899181183
0.000020277140068944028684048975
0.000020336715202878159205416436
0.000019897563698267405025510782
0.000018984605276436962667616776
0.000017656274977870821033367268
0.000015998045181835315376762952
0.000014114160144458223389751957
0.000012118421982569316466978558
0.000010124857137265865942850167
0.000008239016041290956107994575
0.000006550538816031605755308732
0.000005127475959641891908836423
0.000004012698431616925917131498
0.000003222572709746311270549496
