0.000058853022258241325303726454
0.000061569241687815193936339497
0.000067243815099992282650551156
0.000075547448134235381717906110
0.000086034540960034224053171181
0.000098144638326089334002221010
0.000111210995120806613073623226
0.000124477951339906545060592924
0.000137128240057407443366552235
0.000148320533872261519584695444
0.000157236469973003409198245017
0.000163135130482278670931498010
0.000165411599677799922613122274
0.000163654932363212652366227240
0.000157699842170516072847180622
0.000147665856369796883286807376
0.000133977762570442414900850903
0.000117362017329008215538177495
0.000098815445453756111261062189
0.000079544986767226004333725120
0.000060880295415030667347498772
0.000044164407956940892501559309
0.000030631107509172339573716437
0.000021280571052296696620432376
0.000016766895629251293137456508
0.000017311674201944432949923369
0.000022656560729848222398609414
0.000032064566330833340723586999
0.000044374803917191868668848387
0.000058109028168821152873085856
0.000071621392053091581129595222
0.000083276352257484243012466973
0.000091634627597787877213882102
0.000095624414410272636204862762
0.000094675246956286580857740931
0.000088795119125824215023864983
0.000078577521104131650676004328
0.000065133323241542488398272970
0.000049952137543667141984272961
0.000034707881769891212086001642
0.000021032549201439925063220060
0.000010289252498848655179800732
0.000003378958143829961484751016
0.000000613566704479710296267936
0.000001680237706764450840950373
0.000005708223596784094460365126
0.000011431510953914130634305815
0.000017421360978920025463752633
0.000022346644858770934173423928
0.000025211143251131903561534919
0.000025519067768132462544752523
0.000023333888372168009060552904
0.000019218832400749617718861001
0.000014074837013306590159265538
0.000008916167641225226171740673
0.000004638490424238126083622026
0.000001834503891396506924330728
0.000000697954841278693861631138
0.000001032038313381087524925653
0.000002350100300227179302218735
0.000004033441420862740439386238
0.000005499339512402052008836501
0.000006334842330907242511511563
0.000006366570850832823214146463
0.000005658187186214944974554843
0.000004448187266710424537076787
0.000003055029266890952920402141
0.000001780910880110068165838966
0.000000840010843516672683872184
0.000000325039493257368437849792
0.000000212341495096470757163125
0.000000395050390169289664846588
0.000000728596299873984921083466
0.000001073536455681266873685349
0.000001325550759036942979660176
0.000001428889774964083112917396
0.000001375124081482203338300946
0.000001192254886334533162264111
0.000000929875137374348964695088
0.000000644840358323321711393197
0.000000389929763362813260712517
0.000000206205400504303280884833
0.000000118703581777206533048335
0.000000134741044325258907492419
0.000000244231598447432644507929
0.000000421685670525787577988120
0.000000629802285212722178788739
0.000000824671244858164440748793
0.000000962542214018374605810310
0.000001007842380546454737774795
0.000000941605310501201894760504
0.000000768778208684460210096793
0.000000522243384048431322208821
0.000000261216508077709440682041
0.000000062366933103036436496130
0.000000003709663500688622966811
0.000000143776032116983680731042
0.000000501039995388966291189198
0.000001040042825035963131158063
0.000001670218340932311956465589
0.000002260718022282020210308225
0.000002670040346514411880047418
0.000002784247849076804917129889
0.000002553701474618572759764379
0.000002017080008062036728928943
0.000001303745907796559405490244
0.000000610913738939262251639525
0.000000159139977608596670148269
0.000000136300580965793645944973
0.000000644394670980495020092048
0.000001663838779213599494054493
0.000003046149516622656448175833
0.000004538991726541623283105314
0.000005839314706482905261786601
0.000006662873754580137588285696
0.000006813753918119389938064766
0.000006236777492368427390696285
0.000005039122120514383992840018
0.000003474361400829330263131120
0.000001890931646961280957142332
0.000000655722400441185232210250
0.000000070013132802043383248552
0.000000297638465190865746394424
0.000001323160077358561340850102
0.000002951163806613095158916989
0.000004847990483796071522202328
0.000006616625500959189491018402
0.000007886908958335916668808650
0.000008399120913545437259496718
0.000008060647989209030655002874
0.000006962523287247921591528420
0.000005353196953223331363560470
0.000003577907076068166586705049
0.000002000317011363392504528017
0.000000926395160901979712622070
0.000000548182106886988118875934
0.000000918233208653683199049439
0.000001956560850280801696840505
0.000003483654902345631248702928
0.000005267894140302374159242314
0.000007074394229883577874798059
0.000008704685585919347934986609
0.000010021150271529263880336894
0.000010955076228343701511208988
0.000011501030048905292959724941
0.000011702269850872351044865360
0.000011632178386460045974330410
0.000011375789984232261177607079
0.000011014148873458567409267320
0.000010613013167351477888987812
0.000010216516781566285706215128
0.000009845757218404915055002570
0.000009501731370658421675558930
0.000009171508997809957159882445
0.000008836074418864765729923413
0.000008478041347144372671951196
0.000008087598633313468143119992
0.000007665598329532949853468322
0.000007223513609651215113655574
0.000006780821900518184875870323
0.000006360949370404928861991861
0.000005987085749892311626317067
0.000005678937715448518846420717
0.000005450972685579884584230331
0.000005312126215589684270095873
0.000005266505257033862055587002
0.000005314432834702983757496457
0.000005453253310114441126466370
0.000005677566678522344152234974
0.000005978859467311262667244161
0.000006344736559947786411228256
0.000006758072007413031402449366
0.000007196388669441987420434103
0.000007631693402284231772655584
0.000008030899140807062631637961
0.000008356905230605090798392046
0.000008570396047021898225100160
0.000008632431791435678542921857
0.000008507897109284375951636023
0.000008169794075970723376176573
