0.000003393752880104229710511981
0.000002989945618217885721455002
0.000002772548002785982187062873
0.000002723809203639965264990078
0.000002815987399782345405006845
0.000003015077560644757733663559
0.000003284462808549872017108325
0.000003588213576986995317457925
0.000003893838408826064098101644
0.000004174369724668599608433453
0.000004409738484835766296422634
0.000004587447610669209417427923
0.000004702593009174580300523795
0.000004757304143498951172995808
0.000004759687337918443384354381
0.000004722360618595924061679289
0.000004660676293767381768516200
0.000004590744090734344953405859
0.000004527399467248590538936796
0.000004482311557603664019830240
0.000004462491047938785539389399
0.000004469531525819273189798972
0.000004499982454494886827958081
0.000004547284654332234366609818
0.000004605671866825900342132857
0.000004676326059782558702403611
0.000004775847377060246377379095
0.000004946754326949241373223565
0.000005269280784618653657900515
0.000005873226835561003457398220
0.000006948123085503173367331528
0.000008749579615948133431025530
0.000011599519506527745463524311
0.000015878143238902096021167992
0.000022006004095561914897082739
0.000030415512614246846382921180
0.000041512477584749388063219827
0.000055629804348551358981426335
0.000072977014354711026164826415
0.000093590586331062833964564152
0.000117291005307232273089171337
0.000143652632564776763053268627
0.000171991945110056649800855944
0.000201378312888081487542352166
0.000230669383816960226005893242
0.000258570546270212562895568498
0.000283715142751652976867149381
0.000304759473141453520687177425
0.000320484504343048121934034445
0.000329894893899751213018484153
0.000332305637902887004379165470
0.000327407440546891492696296444
0.000315303709249425208500927642
0.000296514713647024938901475277
0.000271947617349390768481248726
0.000242834445340557386009555652
0.000210643217969917637090102036
0.000176970122362293076287431681
0.000143422426551384528739530033
0.000111502686451747147228924506
0.000082504575793976064933613057
0.000057429422086727083024589036
0.000036930400306422396408505271
0.000021288550449675413818277636
0.000010421637436296313455972445
0.000003923685955485509328321929
0.000001130121693941317466341003
0.000001201124117494457127600397
0.000003214273202860895346669266
0.000006256997461388829183544756
0.000009509748328108413184143674
0.000012312177297560884632545049
0.000014206718989110489546456167
0.000014956644468182893079684533
0.000014538545479051805515936444
0.000013112016714604427734510231
0.000010971704985776750495120660
0.000008488622651224011025515234
0.000006048487966445085697159405
0.000003994769809858677451759688
0.000002583106480572018809425267
0.000001951979823349376400514832
0.000002112196711547651171774972
0.000002955168370044296780464309
0.000004277521407006359059177047
0.000005817543662439926871921166
0.000007297623361380664816521792
0.000008466344426563001361726521
0.000009134296157238196124054236
0.000009198857137134595205103273
0.000008655023092450981993316132
0.000007591485671704254828895050
0.000006173313762210455913118611
0.000004614431099590434980626565
0.000003144370718497644345802104
0.000001974359203292780352395315
0.000001267597131933959932192924
0.000001117727834890466118248362
0.000001538094438894593088678221
0.000002462711255806522333281416
0.000003758181416106179604906404
0.000005244323043601102614732785
0.000006720213284906890181032851
0.000007991837999836953851818394
0.000008897572667502937887444060
0.000009328262603683875857775269
0.000009239598239653867595448308
0.000008655633985023182140530057
0.000007663504420326977507275240
0.000006400489473809301224790057
0.000005035443785009141188786612
0.000003747152336891516778564267
0.000002702370960884356460718217
0.000002036168250018868405794206
0.000001836753729500490493783244
0.000002136330982249254408124198
0.000002908743376533544362203031
0.000004073877119618350760126002
0.000005508038769857519170605829
0.000007058906179823323594983014
0.000008563218796099774147122241
0.000009865159090298085766985309
0.000010833391816571213893904101
0.000011374958480585495101218216
0.000011444636182252610465993892
0.000011048910922928003176379103
0.000010244322304575303848742443
0.000009130541970125527389602095
0.000007839088352332637603761024
0.000006519001993083576421725116
0.000005321071257229318918712240
0.000004382288660587836952482743
0.000003812133114653383795313339
0.000003682030029873313040306246
0.000004018970002016628317615277
0.000004803808187495871524828970
0.000005974267049098143089736184
0.000007432174304754097902839596
0.000009054034624552541901621946
0.000010703703008611647161385516
0.000012245736908585192162404569
0.000013557977205354500061006487
0.000014542051552421003836465183
0.000015130792393997430294130292
0.000015291978960388983145666369
0.000015028291310394534176664988
0.000014373836769250904074829780
0.000013388005680289508911350385
0.000012147676480742869903122969
0.000010738884610738364205981960
0.000009248990412233664451220963
0.000007760153779509420846364695
0.000006344599365240121473740430
0.000005061801851083447582272529
0.000003957403163932010831983777
0.000003063446621828492875516236
0.000002399407658391972004974495
0.000001973519994097568174083041
0.000001784016890931339887832268
0.000001820087872984580719534428
0.000002062542760272114255719897
0.000002484331612866800985319361
0.000003051159061195735914975933
0.000003722441085063928955590281
0.000004452787601560254038474736
0.000005194077008860631623819813
0.000005898050053504977634395712
0.000006519222442676676063555603
0.000007017825387297941130309350
0.000007362447232910929127420833
0.000007532071591810196570628347
0.000007517280351505891685748653
0.000007320497311902773358458993
0.000006955269191009877966110596
0.000006444694432233814574426459
0.000005819199416085849027135794
0.000005113915322429995177278602
0.000004365923314231252348282912
0.000003611614214269991293920856
0.000002884360246129187208935203
