0.000003157072621754037535369945
0.000002120359579547431964923919
0.000001264946924208406017943332
0.000000622305749929740476909920
0.000000207989886199832815298459
0.000000020968553360862294027183
0.000000044490892082727289090392
0.000000248350376775292391107940
0.000000592279164267166836041251
0.000001030084248173219641252002
0.000001514061984628817980380643
0.000001999212838821951075240352
0.000002446830216926689556560968
0.000002827147493116153434996977
0.000003120873989415333325364013
0.000003319604201787915810162657
0.000003425216147728616537993960
0.000003448464513332991537478784
0.000003407016768998985999040898
0.000003323184369663212559345162
0.000003221584003888826705952909
0.000003126942424115267021617233
0.000003062239675000356298786288
0.000003047361981500592108935109
0.000003098387854148249867335509
0.000003227538565710564547902141
0.000003443680074042355128275446
0.000003753087179732068430677589
0.000004160022124422136001139529
0.000004666609697308338894090191
0.000005271577644958923739124286
0.000005967710170765450010507865
0.000006738308500296641370306498
0.000007553468553716125208059937
0.000008367415261027373471697591
0.000009118300247339714586949748
0.000009731637738204805388830647
0.000010127883998462694102246640
0.000010233656134468136758228218
0.000009994968654344899136252045
0.000009389956913278075590397614
0.000008438166093054689194451028
0.000007203814163497813317818368
0.000005791497486938752147942952
0.000004334389462002339984860854
0.000002976701754233787475630761
0.000001853581730122883021132769
0.000001072323803981293956747887
0.000000698576618997176061798325
0.000000750173455319876473140544
0.000001199558061657785812043390
0.000001983907353131369372177626
0.000003020364284916170692066231
0.000004222610939949583228210893
0.000005514546944725663636839574
0.000006837215824573825183937265
0.000008146409739999229852403309
0.000009400589086018905615174321
0.000010541753778662459658382877
0.000011475319420576934246981324
0.000012058147830961822723856366
0.000012105576989425740827566180
0.000011427371627208872129901826
0.000009898019755984617903303915
0.000007558550008829716905978027
0.000004736049500934402324873410
0.000002155651371604473899085868
0.000001011264179135476285305512
0.000002959275965011034444535629
0.000010006553137164219132002226
0.000024280975493941762624475547
0.000047697537980003062454102680
0.000081561046012319768686547883
0.000126171078180064780019722925
0.000180509245258227059988120899
0.000242087371227800738976085326
0.000307015777370770294799062761
0.000370315301726199602120465082
0.000426451190162625663748752203
0.000470020795891192227997784636
0.000496490408767774225526347998
0.000502858371863713774288506819
0.000488127127766724213265431276
0.000453496060353903145817566767
0.000402234718591085302005772029
0.000339252737004134652214204504
0.000270436893823546898891346801
0.000201866197296729689035152400
0.000139034635236987669888383823
0.000086205037065808341073015753
0.000045988543253581030197281454
0.000019199312062755102825661879
0.000004983124231089059695553895
0.000001171897854495858807405678
0.000004782523438499914666792185
0.000012563142803534735699897903
0.000021494020326353591144284694
0.000029170437831908542747035365
0.000034025599890729261683738199
0.000035385091653333476376195460
0.000033374151961819066732322508
0.000028719904269984494759888199
0.000022500326601389103003654849
0.000015890417612310176137622314
0.000009946147580344323721641964
0.000005452008474391151865120261
0.000002842129908759561903087596
0.000002191172167071179803559062
0.000003261505579870841816427776
0.000005588158500572206269230158
0.000008582155218926741863712943
0.000011634968565500448017856552
0.000014210489198886255368756842
0.000015915009143180799933668668
0.000016539550992249657984699621
0.000016072262717468776421509552
0.000014681688807819271574972575
0.000012674736068517581953130936
0.000010436107481782115757201236
0.000008358591094660282501405124
0.000006775290217977200459584068
0.000005905008905011987010991170
0.000005820109365269113763650174
0.000006442250265623568325815650
0.000007566104458384141451612621
0.000008905559393181632974845034
0.000010152367037729213367297856
0.000011034902447439872774995195
0.000011365229445478364423598519
0.000011065907146468901016325009
0.000010173009625155714645062567
0.000008817308814009161771832468
0.000007190072503746630620141168
0.000005502412130883334019605321
0.000003947189311619758719860800
0.000002670470899076963625692459
0.000001756251138566618897007788
0.000001224679810362355749205543
0.000001041250627167092953254232
0.000001132837777185623995621208
0.000001406190565947104760256858
0.000001765212988479880747513416
0.000002124595488504277356587874
0.000002418676029513404878400207
0.000002605481061832041832877424
0.000002666613375160303461071810
0.000002604035461618939007306895
0.000002434930876382730944868914
0.000002185795627759455898620226
0.000001886765763598489852300518
0.000001566947555919187882691361
0.000001251203549456367842705653
0.000000958502433317567737757251
0.000000701626683089724295830207
0.000000487816253416018322919658
0.000000319853048875601132762584
0.000000197160629678115180445484
0.000000116663783949304206855673
0.000000073353297786144513735235
0.000000060662184412873580672895
0.000000070834568893722442187483
0.000000095447792965124224700109
0.000000126156697324600332023949
0.000000155611031276195854223488
0.000000178398539960311246041315
0.000000191819493524098268102856
0.000000196313623856021557420137
0.000000195427324805123614156173
0.000000195303746148318848741400
0.000000203773300615494331183231
0.000000229193787924749598949569
0.000000279224129567386797358115
0.000000359710986927912536353691
0.000000473830170713567590058587
0.000000621567702920109287309546
0.000000799563760350576112437846
0.000001001290144090962743426976
0.000001217497876965275690479989
0.000001436859901117387836025547
0.000001646742629686076777025612
