0.000000388343498444397826239668
0.000000024821937625647220098407
0.000000107116605364349331716591
0.000000634813662682450369945553
0.000001582003752613078115713029
0.000002899091750116477032763601
0.000004515534216291155541350439
0.000006343380365389545306065849
0.000008281515498850240163185125
0.000010220519588838189212372243
0.000012048051311600510771731079
0.000013654646068504300044244709
0.000014939775661449990700304150
0.000015817960847836175637638398
0.000016224662283952044215980248
0.000016121608833256159817263337
0.000015501164912481720881218955
0.000014389301564211357361200080
0.000012846730829997012930275210
0.000010967800970635401943613189
0.000008876840826131356118416059
0.000006721791538772617046718257
0.000004665173848657905558007242
0.000002872702031597967459029168
0.000001500153879004151452749649
0.000000679411253352707549432970
0.000000504858722955251470038130
0.000001021522867155076832069039
0.000002216405782238943419611490
0.000004014374444225217690039500
0.000006279690451965459561500370
0.000008823803205289388587508753
0.000011419411856758741736204456
0.000013820081931122747600365619
0.000015783957004720303564457989
0.000017099422518555082580685861
0.000017610048637285956725463329
0.000017235846667578711745045378
0.000015987889768387001732455333
0.000013973724381151301224745706
0.000011391757830170453155314500
0.000008513936909930025951037495
0.000005657469085613463637162747
0.000003147955752532844897251035
0.000001277908104659571258840617
0.000000265938310697820174169879
0.000000222664257372381591309739
0.000001129256303393163178206316
0.000002833402761004212305100732
0.000005065259687664989054632809
0.000007472888400510493537339928
0.000009673217454867647169475600
0.000011311329707934227256985182
0.000012118579430045449700416998
0.000011959314105977829047417274
0.000010857180551894335781204157
0.000008995117088523253557458791
0.000006687713922465981452550755
0.000004329818409692129892564830
0.000002330003506654791558920514
0.000001040754578880725200320059
0.000000698181469139788233629798
0.000001382427674852209487896303
0.000003006002488604950318514149
0.000005331815805502432816995444
0.000008016915410185108942361584
0.000010673061367220635644540577
0.000012932353953244932480599882
0.000014505731593758395634049217
0.000015224255879290180584187051
0.000015057117122164053628959740
0.000014105236507996568611671487
0.000012574072267458448015457761
0.000010732753195565949841860584
0.000008868323382560232439166328
0.000007243535909804078112589776
0.000006064610037254164321795895
0.000005462348413263942619789472
0.000005486828203988508258692400
0.000006113288891308220067053424
0.000007255342798367231393896759
0.000008781387820188656868534115
0.000010530919770606805697227802
0.000012328890637827483899762251
0.000013997803128561817008717987
0.000015368387380604166221132259
0.000016290162579472303243073930
0.000016642870819056730517012527
0.000016348841445410364973771233
0.000015385130591483986146721097
0.000013793186155167107100126371
0.000011683185782681407190999531
0.000009230336616010281503832621
0.000006661384290787470279805987
0.000004231231744132344865664055
0.000002191616897477131647753749
0.000000755822401521045305037595
0.000000064928860757098556018392
0.000000161763880913667897580707
0.000000978172006431796539342618
0.000002339478071563257824367699
0.000003987235483657407456958670
0.000005617985183930548250528549
0.000006932429862632457493094341
0.000007686854527968588896014168
0.000007737429346461224862331434
0.000007068620185984474444231343
0.000005799367345854702334221036
0.000004164632589730357823071347
0.000002474648545068566268296953
0.000001058778570944468744730992
0.000000204309531865042694604890
0.000000101939045496088643464073
0.000000808757908185410408837424
0.000002236261772180591140586495
0.000004165977683050024969995794
0.000006289695524661506012987361
0.000008266270201589654109371533
0.000009783625924299056242187944
0.000010613697216205168088500044
0.000010649772933623164730340682
0.000009919651139819781328170467
0.000008573236271407992369086339
0.000006848507101800114076355259
0.000005023963739206349461891878
0.000003367841352960635571212392
0.000002094187640204658673950561
0.000001333551034659349364213353
0.000001122224691517048521252555
0.000001409733757743845469084538
0.000002080556468200299670347642
0.000002983714083234708874608175
0.000003963223662160112187454689
0.000004883396420840410682051753
0.000005645115675434032138316903
0.000006191859544715136952613282
0.000006506649871265639540056803
0.000006602781910780114315196333
0.000006511865689785300989828390
0.000006272428924795450089191805
0.000005921362297465091913942128
0.000005489216593937027918737037
0.000004999167098728799223279762
0.000004468619416509695299968320
0.000003912065491058785422328736
0.000003343881492949535436858075
0.000002780154706768249031021431
0.000002239151956014076295638573
0.000001740527276335957778557496
0.000001303695269067602332930763
0.000000945923528577839870169113
0.000000680642330227129787441830
0.000000516295364879377802402253
0.000000455840641686555018147610
0.000000496825885393351550288975
0.000000631852690299667498808906
0.000000849221848200252151532736
0.000001133604060291352596200574
0.000001466672797004420848764397
0.000001827730703531141728476490
0.000002194424805928058205015205
0.000002543659916218839181696089
0.000002852782221612734120548809
0.000003101029569970701074645061
0.000003271154762207257661496248
0.000003351049066071536253723232
0.000003335146475077557911350116
0.000003225386738750017635824711
0.000003031557229080191655842119
0.000002770910363731263893169498
0.000002467047940587268374252727
0.000002148157653112774015895627
0.000001844763941308503228539155
0.000001587204450514948459786371
0.000001403060935677419703650247
0.000001314762217701685002393974
0.000001337544296709625215457832
0.000001477908788768817052510993
0.000001732675143610698140320429
0.000002088682139099783567962303
