0.000416241450051746441143873945
0.000369366943385289958016320933
0.000323231395380770816696397452
0.000278651579639029522376253434
0.000236401406261222053230286466
0.000197198056729279305818863799
0.000161686843731376726773785180
0.000130425237083218494016367828
0.000103866712723058317357008318
0.000082345272894628645968077840
0.000066061629665205504470353037
0.000055072116176906870939171401
0.000049281369985518152436292094
0.000048439710874586892192222159
0.000052145917998402503484248888
0.000059855822106208408158335016
0.000070896806559556902155132263
0.000084488001245044115172615207
0.000099765696855105118721895874
0.000115813326448652083875204277
0.000131695252249838833710077202
0.000146493522611217087073948173
0.000159346665789661997431059248
0.000169489393156260060137666135
0.000176291739470806903917685093
0.000179295659960922388123649718
0.000178246488117890386710176487
0.000173116066664338695687760938
0.000164113996400893020002897948
0.000151683535189209983814681570
0.000136479429260602031686103186
0.000119326485046802746939342832
0.000101159947621821545813043663
0.000082951499663452458272969170
0.000065627496469783592244334747
0.000049988336148947378270723796
0.000036639033406898422070251120
0.000025940645751507780073646936
0.000017989986574258868856938595
0.000012631219929457442740930798
0.000009498038189456169477580504
0.000008080072179184779311046649
0.000007803017261653410021390170
0.000008109625155899962466806048
0.000008528810900206031155317173
0.000008722727547911194440326960
0.000008506249229152831572075763
0.000007838866491663651291077995
0.000006794274941818207517150747
0.000005516736788648393650133332
0.000004174804835904106130393520
0.000002922005218490420868471908
0.000001871007625932501096665010
0.000001083608254739899974528061
0.000000574682987526401321451940
0.000000325207038149537036675292
0.000000298161032768693254701542
0.000000451775955322543400347388
0.000000746688356082017766830901
0.000001146382040097539881226465
0.000001612868967283461720598229
0.000002101157872418050529656451
0.000002556285599373511406280732
0.000002915594750192377165957111
0.000003116964426427102276154300
0.000003111491212544315733510170
0.000002877344394472766211538544
0.000002430685692288549455637508
0.000001829870794511716937489221
0.000001170548830999382146581130
0.000000571397604226370863939055
0.000000152569212385790336822768
0.000000010926331279957952509271
0.000000197350573439624463772837
0.000000701487839661345656182506
0.000001448165028872234870736856
0.000002307513316572260494183126
0.000003117944441606990158157410
0.000003718114622671151555581646
0.000003981542144484701374119225
0.000003846257989405181482243500
0.000003332223944848174829858447
0.000002541386106987878992807166
0.000001638862095409609385504536
0.000000818182982106389617069889
0.000000257708751267850523832415
0.000000078199901238925412709227
0.000000312145163628570632496722
0.000000893384207906118773693865
0.000001671064971537391651706939
0.000002445977136583914897090351
0.000003021270760490461304239749
0.000003255140790831280593386815
0.000003101599656315441954317199
0.000002627642882576147537518731
0.000002000650015417530716289570
0.000001447499437326251555099355
0.000001194659180149209004568158
0.000001404300312505327695284524
0.000002123524796927512756344186
0.000003261299934664191130728132
0.000004601067175176131100028908
0.000005847844423372842770142074
0.000006699355291240764345261482
0.000006923829123175150713044926
0.000006424589362338293551161171
0.000005274211456866991046569734
0.000003708306692452465368398714
0.000002079024580781574805393719
0.000000778539638137755766415099
0.000000150424175253990714303524
0.000000409920747054774620164502
0.000001591956550031484745290279
0.000003538939433951419075759931
0.000005930789969442907139801635
0.000008349799194756670961598856
0.000010365213638583032270952360
0.000011618696509605282301560124
0.000011892639320736405128607453
0.000011148147707830157918757960
0.000009526900701162400043452844
0.000007319026155142380145172433
0.000004905782902714120479229463
0.000002689882778558040408398719
0.000001027213443011097025197209
0.000000171821193931151126632582
0.000000242146875512180310003181
0.000001211797340168893787932950
0.000002923633067523691291569833
0.000005122421139644597149961913
0.000007499123613385549826267085
0.000009739103391864693348798504
0.000011566941136549234258159083
0.000012781870339242331518266743
0.000013279742231588032800454480
0.000013059642058135451756655833
0.000012215531494825385621727856
0.000010915335797156351760697247
0.000009371484229450775945650248
0.000007807838966105593795762746
0.000006428082782877654808542829
0.000005389977581530771121184030
0.000004788597883276853812485087
0.000004649954355012076220995607
0.000004934686014970921506296586
0.000005550035212276972628614186
0.000006367356848801667949951620
0.000007242047948773697836014757
0.000008032971775277592812601786
0.000008619043170463773921087004
0.000008911441116633505676696003
0.000008860733479349864981497106
0.000008458903184464215696276163
0.000007736789881345405015585642
0.000006757802710383455838236057
0.000005608951114871934352573354
0.000004390323714570585501425649
0.000003204150721456948046567213
0.000002144524940552733693953195
0.000001288727510614640240163304
0.000000690902110861535054863792
0.000000378549804947552188725239
0.000000351996813427402351693766
0.000000586655775808521866533315
0.000001037602223441149308213322
0.000001645764202383905756030356
0.000002344903599995587510542838
0.000003068562819115661983353574
0.000003756249751179148611964984
0.000004358310868780319242738082
0.000004839160856636776993522798
0.000005178760693617076106868517
0.000005372433651833771589263842
0.000005429259885875204322258896
0.000005369386568837310045503378
0.000005220633863524697265993870
0.000005014776835175154313137096
0.000004783852793078483762513088
0.000004556795587442525924566639
0.000004356643463172146465457735
