0.000003808143589759660282566441
0.000002832899168160690582659797
0.000001889155597972155197991368
0.000001056063248421687753849730
0.000000417134265962101092631265
0.000000057268449470736874191202
0.000000058958636453012551579133
0.000000497590498832716241591671
0.000001435739433397351068533903
0.000002916352985688593489502045
0.000004954737129135277597569067
0.000007529405756473061533539000
0.000010572178194517806133030310
0.000013958474801208624874919798
0.000017499572301048222776765489
0.000020939563471257158742966364
0.000023960736679431081060705905
0.000026201747336778499487515773
0.000027292893821337516752339319
0.000026911595975696724709815694
0.000024858442097744539854998341
0.000021149791755292930445914168
0.000016117177127446602534315001
0.000010497462306402413634038445
0.000005492300940253198835729574
0.000002772703731733107254995392
0.000004406367175987531048975306
0.000012693196453781124913859704
0.000029908418887891776008275055
0.000057971438483160958534019802
0.000098078958438752006886163226
0.000150358332961323618720550499
0.000213606583021226810719522815
0.000285177885638696504855965630
0.000361065750184979227226794718
0.000436196899056934663061607660
0.000504916865404504244634054100
0.000561609903329120621097436672
0.000601366289933091737601733584
0.000620595590003716500102082243
0.000617488908305739020443425602
0.000592256220948015406520259507
0.000547101912159581407237018968
0.000485944900900410622305441999
0.000413930384454031072456736684
0.000336810528605918093562193727
0.000260286535984758293435503695
0.000189403251294444118293935908
0.000128072074176177993143008194
0.000078773028579028344189384703
0.000042457778595477136892883535
0.000018647033517153827823602252
0.000005691635495893859013056930
0.000001148667937535230122784958
0.000002213071316184157416335088
0.000006141901800766642934167015
0.000010612754334942623156727223
0.000013969979409091205359663181
0.000015331382828666068849103252
0.000014551995178288914308678548
0.000012066516261716906681833623
0.000008653285100970467211018572
0.000005175173025523459478997902
0.000002353243852848124790394253
0.000000616861733842658623556509
0.000000052103943799052031019491
0.000000444662488511207609226817
0.000001390887224466682885128024
0.000002437203879836638504901777
0.000003206854468994058551345547
0.000003482920918307620347393466
0.000003233677258026369341387292
0.000002584491057311922053017945
0.000001754192078052234332163472
0.000000979728633241134520525111
0.000000450811917869275308258016
0.000000268562397991040595821418
0.000000432699655691575583535982
0.000000853993920018080095065945
0.000001384368349836497228165033
0.000001856103597056400458903641
0.000002122576493761996744473811
0.000002094139553546291573150927
0.000001763207930014613521245122
0.000001212740978346436521384749
0.000000603408873737588365563961
0.000000138137357964066628705573
0.000000008677532706553938884884
0.000000335955151566210169967899
0.000001121432146860586221863215
0.000002227487140402038892368197
0.000003399016267521757277218211
0.000004326614187869273607132611
0.000004737100498847302132020450
0.000004484965109119867660296584
0.000003613703301331391293802538
0.000002362058094778168782412655
0.000001106236653087645218770051
0.000000250591625097170495850123
0.000000098761553496663579720970
0.000000747416725001070050892014
0.000002040853117008174177308012
0.000003606807887632389133961228
0.000004967311896276113918188757
0.000005692035932334196208040068
0.000005544861126303291863170845
0.000004573827106168615472747089
0.000003111233356123658596464627
0.000001679447256831707016897599
0.000000829378592860970352020327
0.000000961899269189106722211403
0.000002189605880252854066051176
0.000004284618861981052345222574
0.000006731375178480274457115413
0.000008870442362528836502118083
0.000010091034855835300212598647
0.000010015149616271986124892146
0.000008619323758434532770805227
0.000006259286063455521077400750
0.000003591512620503115844292638
0.000001414673107062613676982842
0.000000474594815411877936146194
0.000001283433261982648979554261
0.000003996606476631034648820673
0.000008373364757840926801625743
0.000013824803451371162312986095
0.000019533095560323523602651655
0.000024612377577855030108978235
0.000028276914222654321492403037
0.000029985045032656079466238178
0.000029535427438563592806219579
0.000027102317818848369301290221
0.000023206853700225773954376324
0.000018630416156477862227964712
0.000014283920473586148269492038
0.000011053265554115451329165315
0.000009645714208151390738716843
0.000010463612786538086652085230
0.000013529275686722662570826703
0.000018477252018605121511567874
0.000024618030044983550685966378
0.000031062629087795766988713830
0.000036883908271422163145311646
0.000041281572049617466866732601
0.000043716627380377134448694726
0.000043988259115967099353340652
0.000042240045604915123678320399
0.000038899348956520947830171192
0.000034568880803720871883449178
0.000029898769041313290984818521
0.000025468754625207496854622652
0.000021703783867041739739532288
0.000018834839078710886959167753
0.000016904203464855874005723715
0.000015804188781764078866251544
0.000015333069788972635954507270
0.000015252087115664038257712744
0.000015331676092361463882747519
0.000015381302147792839642376564
0.000015263099303328797162315061
0.000014893293613587276535471272
0.000014236617819804878382538779
0.000013298061991565835452582325
0.000012114409742861669233397748
0.000010746175488792011106908147
0.000009269505955694802958391709
0.000007767516734250002295725235
0.000006321120059824596263678073
0.000005000161129623399229842794
0.000003856159008399389570098757
0.000002917909222910495452372320
0.000002190681212741812902060432
0.000001658963559730408759195571
0.000001291966571102584209639790
0.000001050618242252195638509462
0.000000894686151211926518759848
0.000000788885936469324432494853
0.000000707264322694620329754975
0.000000635611028272347015080851
0.000000572029358552840691249199
