0.000018478379119180010739824024
0.000021065650340232393257153265
0.000024146666915704748280916206
0.000027803837652861012675383628
0.000032095045347220143476876797
0.000037051384895737543578603940
0.000042676614420306614088116565
0.000048948274876994490542071736
0.000055820460247896561264621673
0.000063228095502223640713909680
0.000071092324848795869452963703
0.000079326282849534408879790814
0.000087840199985768856833986962
0.000096544586554249590829371308
0.000105350250650683638906947304
0.000114164220915475596437524408
0.000122881295534349574329752164
0.000131371884197400057205790125
0.000139467921204994879484651005
0.000146949697084807823959165529
0.000153537222357309354088539255
0.000158889937803795858401248453
0.000162618020706630021484165316
0.000164307135042970008619034328
0.000163556344061126734089339774
0.000160026349830453819235095980
0.000153492711771938020008654302
0.000143896766324006061734536166
0.000131386115199796742452481579
0.000116337079487183431107666376
0.000099353454990314517356747581
0.000081238956584491370748433992
0.000062944351476185720142830782
0.000045493776797162976889728203
0.000029897497274619717791237228
0.000017059985006943286553037636
0.000007692605674030787832177493
0.000002239577210737245021378609
0.000000824610517558813409823282
0.000003224136228344771095365422
0.000008871492781391625327973467
0.000016894855547115152029271495
0.000026189712864300361506650350
0.000035523887533287327197915190
0.000043669095215252354139426338
0.000049547832334497852037162591
0.000052378627856615153949530056
0.000051797730516618936051458089
0.000047933048406991804045885336
0.000041408601339770778095028536
0.000033266218683244875729734108
0.000024805596174236799102835738
0.000017362008025051876272584067
0.000012058901466544168576281240
0.000009585071019065859290785372
0.000010048218718262272869802369
0.000012945607579900140907732536
0.000017268845654863590282062508
0.000021728225467344016423208372
0.000025050329430347925485167773
0.000026279845422305421617174132
0.000025010271088728856824553309
0.000021481916035761689225559029
0.000016517242764559104137387507
0.000011305538846156455557822977
0.000007089962106950827792277263
0.000004838402062797912854606557
0.000004986572827465360365872642
0.000007324268697347829596832215
0.000011057707447428528831382885
0.000015032433840958860985751074
0.000018055890689753311924899831
0.000019229650228251313155486066
0.000018197341263935955843044495
0.000015237362295559990553548563
0.000011173514271680019685831220
0.000007129301172803966500386014
0.000004197485288654781073207269
0.000003121775779774265015395138
0.000004084306186306908205310533
0.000006661289094813347826410863
0.000009958967275967740907555333
0.000012887788110612229428931022
0.000014491185369917463767537764
0.000014229351871721591693857253
0.000012132978778503916434793747
0.000008782588239825080177539118
0.000005123010603566086031883473
0.000002172773833609265744224760
0.000000718982367026161254585975
0.000001090334089812084427179224
0.000003074262327623620991374001
0.000005997980999964173583498175
0.000008942617901321101055579603
0.000011020663011381151243821622
0.000011631267468588554986428513
0.000010619168748358969638426186
0.000008296122546977363696862201
0.000005327065798118773519962982
0.000002522823308692405458377329
0.000000605291244191908392127286
0.000000013765068039339263703166
0.000000803597102035596551668640
0.000002657810507604330360642043
0.000004998893551152920483875326
0.000007161596956694905553115951
0.000008574754207932299576331789
0.000008902841330992629777056624
0.000008113571931774401198105527
0.000006460583545402784019263953
0.000004393438524875840251479684
0.000002424789686053425460363119
0.000000992845733686320971935358
0.000000355123451476377620569509
0.000000538396729438883871269586
0.000001353227020231374240643208
0.000002464011964130406046047383
0.000003491612659921594319459856
0.000004118717392570133258239765
0.000004169641703574213842571367
0.000003645399174315133565706494
0.000002708653799037318804201124
0.000001627391662434025938852467
0.000000696671834689057953856164
0.000000161813468774836621493795
0.000000163222920866561906768784
0.000000714431659154796602908622
0.000001714066557426090553549296
0.000002983036556366849237787592
0.000004312910471711792496831567
0.000005511252358891698097695215
0.000006433693480920384284976049
0.000006998611341784348863269503
0.000007186030440501175618403518
0.000007025978663215643940783903
0.000006582420241695252177650463
0.000005937572585525052525990200
0.000005179095830903390716422156
0.000004390542597247291245867243
0.000003644318712134772363228294
0.000002996327562304910937824188
0.000002482039791557185200068358
0.000002114362185535227387574338
0.000001883940063768127630178684
0.000001762295981434124903360289
0.000001707647838863318281161347
0.000001672649737681104895118929
0.000001612895709047538713755421
0.000001494907004858407615282634
0.000001302436439378957413231705
0.000001040161768621055805733870
0.000000734131912109179606110198
0.000000428674571002461793073205
0.000000179914155270428859314632
0.000000046602639219201788193071
0.000000079567887507602111166499
0.000000311578355023316490848899
0.000000749615150489515898665229
0.000001371285481950396018419611
0.000002126385439290148485398397
0.000002943563144403840955488395
0.000003740909571315637653307357
0.000004438419596209290061148214
0.000004969865691289650333592638
0.000005291816286488063654416120
0.000005388244819711068473214698
0.000005270205620482970153978242
0.000004971119168119706726465847
0.000004539047535521537914387363
0.000004027774929248564154732250
0.000003488488044868730090386109
0.000002963448017777431280544769
0.000002482415154729825041622594
0.000002061913289221832355232284
0.000001706863025771229150275715
0.000001413774121602938122391310
0.000001174597472534538654636953
0.000000980464296717903250008596
0.000000824809646529926124163305
0.000000705697043007596131805050
