0.000219486839977179140105667532
0.000215774396547128343099367087
0.000207970203806708925321419801
0.000196362052520752695125919041
0.000181401269440794606730912863
0.000163689209846751016754970443
0.000143956590358635934476932983
0.000123035448364445333451974718
0.000101823829270631416071997422
0.000081243779021265106555019231
0.000062193855104552764269561227
0.000045498131913975779262466342
0.000031854497510933848082679415
0.000021785814557230794491276757
0.000015598115464264006595120765
0.000013350273055045533193360696
0.000014839393202733385131435878
0.000019605410545890617846423454
0.000026956993599059308997726442
0.000036018933747106727551179350
0.000045798861474138401130191955
0.000055268661688475658822286563
0.000063453682129859260898502304
0.000069521106504732591924514140
0.000072858026294226506868953464
0.000073130026068717713478781195
0.000070312585766618140316851215
0.000064690219142398406627914031
0.000056821765445230403371052602
0.000047474254438256128943527529
0.000037531813066788433639643652
0.000027889683262894264807914280
0.000019346092853882281757628078
0.000012506027007643429540682985
0.000007710523861784727072885004
0.000005002727264139843642765017
0.000004137534877881112446230179
0.000004635544021260542508025039
0.000005874775744235334718032666
0.000007206431862041309699298645
0.000008075136381958508127384966
0.000008121265310184688985314233
0.000007244336507720321700703157
0.000005612552873759269210550762
0.000003613911689492133956009461
0.000001757018370650386634602568
0.000000542062428791702152200069
0.000000331096907734804413877102
0.000001249037559391365861542799
0.000003141263518624280549022950
0.000005600973765317392402446513
0.000008062277482912581577038230
0.000009937692411865694196420468
0.000010766067460537407092882080
0.000010332767041209448978631054
0.000008729913005117010513949673
0.000006339406178830998605860589
0.000003741531311883941836500273
0.000001571746932169760136650317
0.000000362265599274256348472962
0.000000409284539078791928362318
0.000001700008062574315282703134
0.000003917782158120822334323573
0.000006523140216712732108593660
0.000008888969408214312812720886
0.000010454586187834107865535574
0.000010859642801758805896717407
0.000010025147976242719326895811
0.000008163382545879410093908612
0.000005716987334025839235618176
0.000003245045913252494864992184
0.000001286177982897287655535286
0.000000232756358730573459053415
0.000000245854867141889262529750
0.000001229103898978378924788913
0.000002864534314980993345850372
0.000004698625817278639270812776
0.000006255669504063665967152907
0.000007150547260226474053615604
0.000007174833274963540320876172
0.000006337803839733852156676248
0.000004855301757113106255923322
0.000003091600738393063203856073
0.000001469673144094661517322815
0.000000371470716710756920280942
0.000000050932393897974718308732
0.000000578562205244796616651799
0.000001828730276028221959650757
0.000003511187868195900064842950
0.000005238754507163526453539844
0.000006615656871201618372511661
0.000007326978763915063715952622
0.000007209786749261119175827706
0.000006290589601319849208155201
0.000004780993968230518090234676
0.000003032288798128726969090697
0.000001458468037193627161638397
0.000000444114046866749581678733
0.000000257149440777337623756111
0.000000985859624045559176610436
0.000002514745921403267160871339
0.000004545542422836629558376576
0.000006659772856826761716533391
0.000008409701046439483799544226
0.000009417660162724461950234378
0.000009461279987298905943659405
0.000008524867625501869651820537
0.000006804703355729031768117047
0.000004666639004012118457627532
0.000002565607748843471378212468
0.000000945689330012512103992026
0.000000143913931097908130044306
0.000000319839309231893710864825
0.000001426384464567194845996878
0.000003227165641601507294023918
0.000005354345629786994356907187
0.000007391690373908789708627155
0.000008962454243071174789128479
0.000009801986832607014312260252
0.000009800175946090139959430629
0.000009007304621693931599322666
0.000007606139283657750088457009
0.000005860610374293711209400023
0.000004055522511933255386522724
0.000002441702334867667996295927
0.000001197421609435579809067895
0.000000411278916653223761517975
0.000000085801027882315238271664
0.000000156432012227041064979742
0.000000518263644217873305321601
0.000001052960830269559679156369
0.000001650284123195334061543231
0.000002221446581233162245104474
0.000002704278433958564422024589
0.000003062100878662049301538566
0.000003279043056226454874420642
0.000003354385321308722362821427
0.000003297739483775594153880037
0.000003125905688959909714845151
0.000002861405644392948720939815
0.000002532147338790605152030995
0.000002171439704456374687226161
0.000001817574331193495918587385
0.000001512342109612433278088102
0.000001298105728287129488084431
0.000001213388003138253667351578
0.000001287346395747178558042643
0.000001533935975908877993013576
0.000001946917231697105025317335
0.000002497013688706887615310383
0.000003132359956872768214758938
0.000003782871366259236045099688
0.000004368387775548895757943800
0.000004809573970590368300974914
0.000005039828697965038007604375
0.000005016076633402872980206123
0.000004726416399614796054733795
0.000004193165876411344003213150
0.000003470745855723345039321954
0.000002638849159678868282002083
0.000001792209768693194649164619
0.000001028821119829663537195751
0.000000438560611340339185355137
0.000000093880308743344014324437
0.000000043640044147015048308584
0.000000310459060347439753008202
0.000000891316987185740500562866
0.000001760671902653024570355395
0.000002875142660413897107335489
0.000004178815548922920095162737
0.000005608420495506179132602208
0.000007097893040788201005563633
0.000008582110967382493012071965
0.000009999807051905927799914132
0.000011295782193469996147684904
0.000012422577274966448300963680
0.000013341730763841159183207344
0.000014024685556320648841237969
0.000014453344969140777864281301
0.000014620237017837084685274729
