0.000009514362303885334149942087
0.000008212360382896383622914997
0.000007087562251084678821750912
0.000006181555852623474456460344
0.000005509332317598567844345401
0.000005061506957029864989781615
0.000004808363380499005879662247
0.000004705152532407182755470540
0.000004698071682850429067442380
0.000004730374821185123805850417
0.000004748119898641306732892369
0.000004705137568633871993854356
0.000004566907954295401158184998
0.000004313150710963828395278028
0.000003939058541652659602453831
0.000003455220567904711799294380
0.000002886373838071482993128652
0.000002269176819054925530084891
0.000001649214452388656553471179
0.000001077428042580752177138589
0.000000606133507922783849704231
0.000000284773403622141237396680
0.000000155565251318203902111659
0.000000249273886294964370341341
0.000000581442588475468142604290
0.000001149537706390236071405915
0.000001931545496179891508939245
0.000002886550068047001174956472
0.000003957667864632793462242692
0.000005077395327261690372044368
0.000006174966064421507199182389
0.000007184789255110782486889263
0.000008054577037984585549277791
0.000008751514817456058469968133
0.000009264921635107008885626906
0.000009604367288793613785589758
0.000009793139441455445083281606
0.000009858146108773215373797735
0.000009818538879144850464882575
0.000009676217598804374132545093
0.000009411596170372309202154827
0.000008987335788238488189379714
0.000008361140114693160004140371
0.000007506363134793918187809628
0.000006436570708717278052743080
0.000005227979898067877296175161
0.000004032588112578632995872726
0.000003075373237019965868904118
0.000002631440740775577136721652
0.000002983181671846941661715080
0.000004362636302524754837613413
0.000006889166100429463804246267
0.000010515884116880868482746605
0.000014998915232686612389280054
0.000019900818450983177312300226
0.000024633568931954549367834353
0.000028538413620633705232269850
0.000030991443732078467537469080
0.000031516952358807166637618552
0.000029887424752574563973500643
0.000026190433401806916972670222
0.000020848723803869495432416342
0.000014589095858307311824315737
0.000008366070863778557226315968
0.000003255166214420627484422369
0.000000335608455586972953812118
0.000000582248184377009592978334
0.000004781466966561899322341479
0.000013477575242109269908728775
0.000026947166311884357007893839
0.000045191926699213454490279551
0.000067937701273176569877719488
0.000094630047219448031048383285
0.000124423314269102113340317861
0.000156169211416221499592882349
0.000188418765916676013297617609
0.000219455524373986146213083570
0.000247375782610677850958946777
0.000270223261556012516598768158
0.000286172590393997806727799382
0.000293741410439912178833438139
0.000291998822058508198176718373
0.000280731888125275463354013628
0.000260534253846804453313978911
0.000232791873700949629357598303
0.000199558388488223025338322292
0.000163333153309021500247666392
0.000126773726636261930720769864
0.000092387538244496792013381314
0.000062251563292644148056922959
0.000037803295780834392421105444
0.000019732499997848320706129999
0.000007984295132260293718028631
0.000001864247128755240984562683
0.000000219412229376718766677069
0.000001658823993714072709171510
0.000004774252080378528853305681
0.000008326897585360934164354016
0.000011376193084070465019524629
0.000013340258129610276267439269
0.000013990818098947852053757362
0.000013395989897914987255865896
0.000011830680884789544589559031
0.000009675976101920558586398993
0.000007326371043190748381338396
0.000005118327312279048814142209
0.000003286978973780384473754720
0.000001951406028188377076408458
0.000001123852551815082742960646
0.000000735217249179162147505815
0.000000668180684512644388582941
0.000000790139548495527675884208
0.000000980125328782818448566526
0.000001146441618559294088611146
0.000001234268032006681457203221
0.000001224506849654007958262572
0.000001126440371870879825986480
0.000000967261208082660180120494
0.000000781329512863267973876626
0.000000601301870202472821674573
0.000000452317601129946814472347
0.000000349467883161844347528094
0.000000298011665628548009281877
0.000000295362044617416260407677
0.000000333777781128501845529474
0.000000402900618776292997008876
0.000000491659820685331319055887
0.000000589473078503225654284792
0.000000686973694025005494068746
0.000000776604384856479297231772
0.000000853327461858146158398832
0.000000915471256055685515492550
0.000000965474809686479867068499
0.000001010127783958579521245017
0.000001059916180146913249884508
0.000001127294221329887453659363
0.000001224047476340855489509107
0.000001358271228603633377885699
0.000001531723318490974150397964
0.000001738318963280313074546823
0.000001964289346219664103516738
0.000002190090102908538860081340
0.000002393656315364994631119701
0.000002554218340372006783517769
0.000002655745843811713581897327
0.000002689223989433242218457902
0.000002653336487834343946842774
0.000002553606710611790283000418
0.000002400470143184918664548298
0.000002206984999439488241425008
0.000001986871048892877751477137
0.000001753327823042308483556450
0.000001518724693980660084432176
0.000001294911738758128260878637
0.000001093689251768457172640250
0.000000926955792580872238131022
0.000000806217928211319927273514
0.000000741416724283366725448650
0.000000739304604150249703033810
0.000000801797887921125941198782
0.000000924779982147031301668459
0.000001097733950125879053781033
0.000001304382556732301691088702
0.000001524276049168979687309399
0.000001735061322840936855760601
0.000001915039981225550009375728
0.000002045596649138848996456143
0.000002113143006852283367158572
0.000002110347247702217749393055
0.000002036564992923467688106312
0.000001897521655194920421399693
0.000001704394288271567836558652
0.000001472492880354586299216876
0.000001219748316657098811439811
0.000000965186215512778245098928
0.000000727515689882590938312708
0.000000523903562291895259689963
0.000000368950102499809397314876
0.000000273842120503272814521041
0.000000245640555989676018159142
