0.000061452334274136860949380723
0.000050211809565621026729166643
0.000042048039628274621400290390
0.000037005236028142542115907526
0.000035099196228088232478621589
0.000036315578167037704140733545
0.000040608391405152986764447165
0.000047898677387369294916087681
0.000058073189441489457183163958
0.000070982759825970092649495558
0.000086439984719784395805070032
0.000104215894703695914039372206
0.000124035427245066190177907872
0.000145571785157201264793505602
0.000168440137998137500797979360
0.000192191565131011516710801690
0.000216308587637821584910916006
0.000240204007462570105248256258
0.000263224969298879549629149865
0.000284664089384351385279836588
0.000303779083001432881686043608
0.000319821539792806833809452050
0.000332074375517359468828332281
0.000339896135984856905942058658
0.000342768920283103109038214118
0.000340345456515662384954640229
0.000332490054441603362107154895
0.000319307998993045307443983116
0.000301158580974995317928316618
0.000278648405880871493853212506
0.000252603746739471046560410183
0.000224023232060320266452804749
0.000194014695445562305835263128
0.000163722130442078134520550448
0.000134250014329611916299306307
0.000106592547141416455099005578
0.000081574555467279867559948769
0.000059809106478642576646895246
0.000041674612431469206918349668
0.000027311813808408902696459736
0.000016638922211125802442122784
0.000009381671040715524603152004
0.000005114169353404419470843830
0.000003306207447739607372045375
0.000003372827177059861867121837
0.000004722328605830131235130201
0.000006799293446081647628910245
0.000009119648677810814001274027
0.000011295372804035939094668972
0.000013047309291806520560250138
0.000014205782360583539599015700
0.000014700239954192034408830998
0.000014540719000760913269011676
0.000013795142116989999567277028
0.000012566905004138676082568911
0.000010976643224995474791474276
0.000009150504362503180175300241
0.000007215057474700243266842962
0.000005296767276459412175280105
0.000003522447162348104410581600
0.000002016831756552502126641178
0.000000894564847583940746333193
0.000000246207942046451212217748
0.000000120648247318129698511395
0.000000508611254178509912855116
0.000001333014372343706727017066
0.000002451134779918709911451530
0.000003671044718832879758484405
0.000004781091963127749952132059
0.000005587382817700100573325185
0.000005951390002218710938608655
0.000005818868817392211150254806
0.000005232630015945673136257624
0.000004325152980494329074396924
0.000003291701515991073293345998
0.000002349330396929740038104804
0.000001690708271921498582999479
0.000001443097871455461690529988
0.000001641748515782821927363696
0.000002223639295548710175187907
0.000003042800345727540940797638
0.000003903503394836129314208247
0.000004603641585167144833611735
0.000004978522537344479590121042
0.000004935495604527761822765027
0.000004472176480752057211622008
0.000003674879781996513498606213
0.000002698278742858815421783517
0.000001731276733957163995204494
0.000000956768003195952779804429
0.000000513897361199835849483221
0.000000470526599597952866959000
0.000000811190714980425650353546
0.000001442470218944751877941115
0.000002214138951477525047025711
0.000002951371309846255610144852
0.000003491263777972916157449476
0.000003716269488097935815154116
0.000003577924309180434600915132
0.000003106267106001451938732550
0.000002403223198224227199701081
0.000001621386460362627151391454
0.000000932508926319507973226684
0.000000492042579971569649429231
0.000000406877449520114293294697
0.000000712810327282608476426502
0.000001366357598270411545426299
0.000002252658114213981635845507
0.000003207966814471449785734630
0.000004052279246653198388635440
0.000004625566898101016524713636
0.000004820375077050847127798847
0.000004604287216061835427043450
0.000004027821393933407221558257
0.000003216247418608933754147509
0.000002346974209024790616081972
0.000001616907529053343197595932
0.000001205984398390750614375429
0.000001243645844003320906221354
0.000001784281455775688815355720
0.000002795890041662881175609607
0.000004163754347197556396884856
0.000005708306342257049483934067
0.000007214020817992953331343996
0.000008464474774432505390199880
0.000009277860767098373791683837
0.000009537307059164251997257153
0.000009211268077145787433750342
0.000008360835266978522406760427
0.000007132838421155651681794876
0.000005739772306495840168880616
0.000004429584924398557653458467
0.000003449906396881061340349648
0.000003012137937140798268941585
0.000003260811269631554844370281
0.000004252756147396601603145189
0.000005949013839628337550985513
0.000008220381325303477521525795
0.000010865328169174325289572311
0.000013637176815200866160631560
0.000016276194998048891564778815
0.000018541802789608790457851970
0.000020240466284030127794117682
0.000021245893522428790266753582
0.000021509606914766307478228263
0.000021061532070564514785519089
0.000020001631543568611340576727
0.000018484621310437263422537385
0.000016700346810424836343578550
0.000014852481539399966145565367
0.000013137941866085248006031962
0.000011728922192271101028384489
0.000010758876929619891828931490
0.000010313210017510050222830364
0.000010424935211730099898254365
0.000011075158566350940266107168
0.000012197901968698626921981491
0.000013688520438639312644087467
0.000015414760067742822778830494
0.000017229363611890007989407847
0.000018983071187905330173438176
0.000020536898926661485681845545
0.000021772714509674124660088684
0.000022601355631060593160547301
0.000022967829410764023181533086
0.000022853449082338000422284785
0.000022275065826979402065560407
0.000021281799856405675847341105
0.000019949839204519754132412246
0.000018375946841768326311342824
0.000016670302826918609095723997
0.000014949227660172833599423053
0.000013328212991933919830079766
0.000011915555200591242560677514
0.000010806771056480828053451143
0.000010079889961538733439698652
0.000009791671631008290650494824
0.000009974789372659956162301201
0.000010636036910107919364236809
0.000011755644976140014796206663
