0.000288446070229063811912739723
0.000287404368340957508658889408
0.000286531643736949188233653629
0.000285806247944630099216967167
0.000285202538519120001123813291
0.000284687909346123080127355376
0.000284218487638038166259724093
0.000283734049473892164117821979
0.000283152814809041204324041585
0.000282366859779248759263620139
0.000281238920480033347589626791
0.000279601348087868569174813116
0.000277257899741058233804985589
0.000273988904205533546909467901
0.000269560121193760553800350399
0.000263735319850165147222836870
0.000256292245450419841311384683
0.000247041243890329734189670319
0.000235845401676294618266774283
0.000222640675130276034874438063
0.000207454173823978793578248769
0.000190418580322513383666638287
0.000171780678936576621830545353
0.000151902168629910718162037697
0.000131251370981166123191874462
0.000110385111041968203711947927
0.000089920916179458395883425381
0.000070500683454461732322521295
0.000052748017816468749613227629
0.000037222425382871278799583326
0.000024374328692366104616873895
0.000014505325497088847309067050
0.000007738129471776308601605431
0.000004000137612885847064765881
0.000003023547034274941898348427
0.000004363442505082110463407626
0.000007433417068471731632326414
0.000011556260971781578251018144
0.000016025300543295884354551631
0.000020170355398516915648634423
0.000023421265805392837847445642
0.000025361727788111822960801650
0.000025766877590733749882508097
0.000024619685352057318043382181
0.000022103610771798481667883840
0.000018571871370936061322164806
0.000014496704211888395867147486
0.000010404738066908712516215989
0.000006806617680456708254421380
0.000004129995439787320011984333
0.000002664728535245391313431886
0.000002527574379790364401954239
0.000003651044110933789861659759
0.000005797713181165881077337547
0.000008597687980891151386620905
0.000011603630282590500239631170
0.000014355254937484985573855831
0.000016443929453701356221051108
0.000017568119867253213458625771
0.000017571927016627674297171227
0.000016461602104597737681462855
0.000014398300275654665948037517
0.000011668894365431759784792164
0.000008639872983980529576471773
0.000005701699961881337086412776
0.000003212173474610729018011764
0.000001447147847473810864841288
0.000000565539717249326159294711
0.000000593101269329010289187252
0.000001426423221231447380273703
0.000002855521675624937497637353
0.000004600652696176576073473080
0.000006357089621889823382260530
0.000007840749077206746550259761
0.000008827840688248454029704408
0.000009183036507950066433167945
0.000008872744178962565424293590
0.000007962549907043001620331364
0.000006600358394522250870390095
0.000004988810080027846765465295
0.000003351904524532225466840543
0.000001901239649169477998808713
0.000000806879588089736917667027
0.000000176723464408501361421735
0.000000046609512244137952318750
0.000000381561434109019278588067
0.000001086878595031829050653917
0.000002026450426058751000212141
0.000003044908917937114380309910
0.000003990079721636308672202183
0.000004732599547170933324327907
0.000005180393477991803095048830
0.000005286755846559324719953054
0.000005051847406783534146380160
0.000004518333803334242078429510
0.000003762527936036278513681980
0.000002882715356399075083020968
0.000001986359172119441672185996
0.000001177672013976525206444489
0.000000546705786352309394863862
0.000000160741645517116162339901
0.000000058435204915634283619281
0.000000246920891001504799978163
0.000000701902652489805474140606
0.000001370626099848787545349956
0.000002177498813519378731477739
0.000003031967514796299530968008
0.000003838061542706560348128982
0.000004504789046858794761090099
0.000004956369198498115472863428
0.000005141159161326750993677506
0.000005038145167398470699476366
0.000004660049626693661202925679
0.000004052464001548474076556863
0.000003288913991892843035957450
0.000002462327640563275654901360
0.000001673913988820282481304394
0.000001020872304281997122388172
0.000000584559714734859165884053
0.000000420703677415286700857854
0.000000552956053550920153817324
0.000000970594689894840731146414
0.000001630570141695291128122801
0.000002463473169991110475751661
0.000003382465871155782683420143
0.000004293858396763137663860489
0.000005107872046366780798844730
0.000005748214523406080865119538
0.000006159371526370189926465927
0.000006310928180056811506531099
0.000006198696497197618653616797
0.000005842864039146954383723617
0.000005283731291149467457234946
0.000004575831181929011987671169
0.000003781310225258653201897783
0.000002963407661862338855773575
0.000002180725351135420123880075
0.000001482775252746527857992303
0.000000907062799525727740389031
0.000000477747753746346565865803
0.000000205744434157912251713712
0.000000089994922992011425271474
0.000000119576362686433410425550
0.000000276283071044548221414569
0.000000537346892185888136056807
0.000000878013075088275017044087
0.000001273761423247441953803503
0.000001702041697207196674430560
0.000002143468318631154691478137
0.000002582484790569289929675284
0.000003007558084937979090653934
0.000003410995432868828783091195
0.000003788490830658391726656073
0.000004138508485576978966808976
0.000004461599059547171276156417
0.000004759726207537374877783089
0.000005035659695494455410631849
0.000005292470727724088603043020
0.000005533147318586878983721379
0.000005760333704750459340646323
0.000005976187949048329865297906
0.000006182345336299688095421136
0.000006379970871335791610470551
0.000006569881168791685127628099
0.000006752713600064301603740757
0.000006929118511747584704106064
0.000007099948861722262972583260
0.000007266421244416085440125021
0.000007430223608100463729008063
0.000007593548511077180494517440
0.000007759036752706998995915075
0.000007929624511508499224766468
0.000008108297204986970798269025
0.000008297764312907691220755693
0.000008500080329626605592468862
0.000008716246712872688427817952
0.000008945837111181620396262344
0.000009186692362864096102767833
0.000009434732049614272700690555
0.000009683925261280576052237354
