0.000391307527405191540089551827
0.000345990479806396829167564055
0.000301888402173134849041519212
0.000259708206623297723370652479
0.000220119353304406900530970637
0.000183747479070981833276787754
0.000151164634086849451657247334
0.000122876005871477654964388226
0.000099303420004077396399284894
0.000080766374786656074851246001
0.000067461866762193170772056450
0.000059444744065712677748899301
0.000056610714183425318358523770
0.000058684351123562810965787750
0.000065214419133876209088394871
0.000075578504268458099627989166
0.000088998310001942726324766775
0.000104566069298949948442219171
0.000121281447615785602971508195
0.000138097197642612456829069867
0.000153970837078669337905437176
0.000167918905336893100471717943
0.000179070019910360881277427980
0.000186713032809593528849392841
0.000190337032755485583779622716
0.000189660626120899481741530201
0.000184648693860101222692302048
0.000175515506678143969531910584
0.000162713594566047531353447653
0.000146908124424900135215898977
0.000128936873957733209384093898
0.000109756420751803756771791676
0.000090376122068076204427687637
0.000071782977649010329618609050
0.000054862479713282732702965550
0.000040322732761142180335153795
0.000028630892582226272311159143
0.000019971611810389848387734674
0.000014236031640035747488650351
0.000011046572310935471624001800
0.000009817512313467235770159287
0.000009844890839505132207158666
0.000010412947090344373319735147
0.000010899725074623031821326527
0.000010863079126289165295625970
0.000010090961963152768969521032
0.000008606446558557930435399801
0.000006627223874834819411874277
0.000004489243214677909685629120
0.000002552245542250997596337011
0.000001108996355003245304641970
0.000000318814378054359854756304
0.000000179651753269765200666367
0.000000543065007883259115332791
0.000001165513206990378392669894
0.000001780441051970129784790876
0.000002170948362915217969525139
0.000002223700565510427796253948
0.000001950730950785002239781943
0.000001475125481682822554230878
0.000000986579015570465901247737
0.000000680692566705171584640771
0.000000699578355738761473643389
0.000001090054272285368452570292
0.000001790072164301537643800498
0.000002645831355048513878943641
0.000003453661265251887329261801
0.000004014475998338802829607918
0.000004185936310958134680903185
0.000003918840190707136097471568
0.000003269035716197709268767291
0.000002382820573108378989527975
0.000001460523999471621756773973
0.000000708080362582964352356166
0.000000288782028222578626491872
0.000000286695475143352428244107
0.000000689852881324861403164906
0.000001396280698468007882493943
0.000002240472069641476035746757
0.000003033304514654615754819375
0.000003605620337234533914625356
0.000003845245634038840050125674
0.000003719125583869084440290145
0.000003276007228059631563784346
0.000002629831034997385030903098
0.000001928613964965531045860168
0.000001317041450290374817740742
0.000000902394603252903647137146
0.000000732427877207454756411473
0.000000790562468888125704091373
0.000001009036221951941568759762
0.000001295657129530414530566452
0.000001565909900639984033714658
0.000001770523279686233785208270
0.000001909820719337885464944810
0.000002030058315527203401486874
0.000002202500010314919986310423
0.000002491605328800302829057173
0.000002922673750488826792772509
0.000003460242716334108624887025
0.000004005948220334080861764099
0.000004418972614644014749768659
0.000004555152239994781001588501
0.000004314402656655434134449351
0.000003682399485184185862344294
0.000002752786304428140858133883
0.000001720753716318529419600854
0.000000846531953822069127187642
0.000000396027999068888210891748
0.000000572974182314366436073424
0.000001460355307787627143396056
0.000002987401957655484686319364
0.000004932348892507870038992828
0.000006962085709748470869562623
0.000008700278706984779133592339
0.000009808159203020271922623952
0.000010058949772995676296837193
0.000009388616342784690028695077
0.000007911670200259690450259910
0.000005899320139087865158403819
0.000003726028566378604304847825
0.000001797223247182713551443585
0.000000474073341065838976535668
0.000000010458422157099889534953
0.000000513218042669703982879036
0.000001930882951084865184205718
0.000004070008363856774618423032
0.000006633345338903607561059639
0.000009271198244263364823206791
0.000011636547662067087325591004
0.000013435456421513157696770620
0.000014466249390244481973612570
0.000014643317267255527930011096
0.000014003705653598165701266033
0.000012696733559893060927850628
0.000010958732808357675122309244
0.000009076633995043707132965340
0.000007345479334133549157857986
0.000006025826098777899375797187
0.000005307159414900677379598164
0.000005282660194076436748400385
0.000005938955222197685422387114
0.000007162041633583991030254437
0.000008757877964238778312222079
0.000010483727615429814169502841
0.000012084736802451104319220537
0.000013329740918664687111057539
0.000014040954750770526688078907
0.000014113773276620645094354273
0.000013524962816335039543285887
0.000012329572899174689242451051
0.000010648539185727086241054287
0.000008649936721234631177785204
0.000006527137411725190664852150
0.000004476848407069288996861390
0.000002679375871833029327639519
0.000001282700774213355390129419
0.000000391246757273565120599415
0.000000059657540707368321157537
0.000000291494301133417386516099
0.000001042471262748483961464632
0.000002227614764808205218373817
0.000003731518870329214841865357
0.000005420673682039986382701514
0.000007156686649986693198987730
0.000008809144046478136519016076
0.000010266907026192885265614488
0.000011446820620810492876752440
0.000012299121386564389890464280
0.000012809219342823147648143846
0.000012995944014212605427047165
0.000012906721357794179673894770
0.000012610437086767153143807701
0.000012188911133666137132395765
0.000011727949667235700303155946
0.000011308868098836041371328676
0.000011001218596697785663844280
0.000010857243468721381244018048
0.000010908345762540616244841776
0.000011163649301378696728111184
