0.000291400820923064425311405090
0.000253740579326862110247364779
0.000215142447199008382367757530
0.000176765566613967773593879551
0.000139840839819180495990150193
0.000105629971085607272701829829
0.000075378057870250294724041862
0.000050260680642322515883531342
0.000031325896818584864707453452
0.000019431276782271937858103533
0.000015176491096139962217684977
0.000018833236861896613322745614
0.000030276554202983071983901198
0.000048924621914589740373328908
0.000073697382048778798790261702
0.000103006944222199420561555949
0.000134793565431600407709608613
0.000166619011838456930214152907
0.000195823551362949815598038517
0.000219743663704605868541158697
0.000235975719520436100912208488
0.000242658333230521145720479104
0.000238735573652844204443901344
0.000224157669515608022137512223
0.000199977642498823458393902852
0.000168312469474284667455069031
0.000132155147678674232203724359
0.000095046884136493669983231092
0.000060642830211234021917619808
0.000032226268346596380906868284
0.000012241300917832151267457437
0.000001920086302091878208765955
0.000001075506438230172279478308
0.000008112493706072874984753206
0.000020280705924738395422605650
0.000034149392310695059779643984
0.000046237151557822598159971234
0.000053684283446275825877388316
0.000054826694486814071783590402
0.000049531344351812124236680152
0.000039192510393885541923348487
0.000026363595596106899793557507
0.000014095157964467295094593627
0.000005139238623371269669524043
0.000001232222034520780550777307
0.000002660330410003175266499958
0.000008238485844002817106573877
0.000015712630979688997732036243
0.000022464725624926522778773350
0.000026302630107623691121075671
0.000026089011943967469408459797
0.000022016454543038134261450853
0.000015453617754628940991496605
0.000008429493735539688069259741
0.000002940101227328314126356320
0.000000313792442113805358535863
0.000000840923902351784808648235
0.000003773908883016431295041523
0.000007672017467088587287316406
0.000010949275443860346926968491
0.000012423501350841060266718893
0.000011678234281005620489473674
0.000009127966580432057952369275
0.000005788890387150265052682539
0.000002860481902325689428518698
0.000001281559280133293158920145
0.000001420238354264828426525773
0.000002996417523213320961120339
0.000005243992284630640237762939
0.000007233166517857800464940451
0.000008222095397653073146405391
0.000007907562454722249606050080
0.000006492348237092720503085396
0.000004561129709112604907613690
0.000002827779501614814546922539
0.000001858795839511694021660773
0.000001877115195718096059976170
0.000002711431456323463421478588
0.000003896275150204816095503898
0.000004871735173112883961958446
0.000005199672440421991320876061
0.000004715337169010868309819342
0.000003565360839897362504294538
0.000002130040810681304552765512
0.000000870430047820726226104771
0.000000163460860864996695045179
0.000000184965397064951015536851
0.000000875481493110167028717556
0.000001989311275700625932601109
0.000003197607753475689208890300
0.000004201720702450637481427560
0.000004816754072351860487270943
0.000005002913073488196207111705
0.000004844740538933901102239179
0.000004496379054465326326683276
0.000004118588729821671858954274
0.000003829685804659138708078495
0.000003681758448430168319015672
0.000003661551378570082644620240
0.000003707549363720360541322963
0.000003733268310219256101050497
0.000003650274733102999363885781
0.000003389353370411388809255344
0.000002920764934353717690669518
0.000002272923452422482910233268
0.000001544309439597376993111690
0.000000899600556275479824565799
0.000000541763801833329038688933
0.000000659063379640984137912765
0.000001357813547621944168122907
0.000002603054736709808772361944
0.000004193716132803230166054692
0.000005791822372671459553830717
0.000007007299069085215462875972
0.000007516947004325434100453600
0.000007177871305264206424809857
0.000006091277079972557293384948
0.000004586260707243416422161479
0.000003121483907996744175557518
0.000002134834480764817399398459
0.000001893903509175007285689077
0.000002402943354463656768985188
0.000003402514642680242838989084
0.000004463427435564795645180861
0.000005140728448183102725597970
0.000005131056172301828047438779
0.000004376691859964386150782384
0.000003081527952698575833459689
0.000001638289042014620113077742
0.000000498398576691061238831595
0.000000033387108749956639732573
0.000000434199748324984779756272
0.000001675467439854408097636316
0.000003545522746027151544115840
0.000005720956522632026749661770
0.000007854573717568345971691210
0.000009649095599352707373279163
0.000010901364039339019038131300
0.000011515845698669685735434677
0.000011495724775847999924610100
0.000010922364943874848043680117
0.000009930996002803720742427469
0.000008685943705873492312694722
0.000007356001569080628682030520
0.000006090833343843536100870213
0.000005001329376556736675050845
0.000004148183779160115559816058
0.000003541828025817520235739603
0.000003153318070892831657275630
0.000002931662574979845808904140
0.000002820797291039890778438851
0.000002770395923993448004626124
0.000002738545236326440037344550
0.000002688953449373168006256672
0.000002588291283577320815311069
0.000002408904868733223278594573
0.000002138688452756339427083361
0.000001795193369014497566260201
0.000001437541109332399385511698
0.000001169225252246950421170413
0.000001127739016090976516116617
0.000001461879054357080894886787
0.000002302386774702711089016834
0.000003734280993978176047665531
0.000005778811316568153720369012
0.000008389757419479542972090558
0.000011464198579520148003722813
0.000014863629292717847968038382
0.000018438796565545239870788016
0.000022051467319476816282943291
0.000025588207412999349230986815
0.000028964262822815298702161524
0.000032118687541180448584594853
0.000035004074192914838331742999
0.000037575155711612391899387187
0.000039780165863523940105068999
0.000041557523863342586353548241
0.000042838654435053293944961339
0.000043556066039313795815960534
0.000043654553812972775165592021
