0.000001299962055596663287591907
0.000001246070866616506159362692
0.000001230225020934337492778984
0.000001232711502653753237834615
0.000001238072975732232414749741
0.000001236216132399704669376996
0.000001222359837147341631968366
0.000001196122762150426546438257
0.000001160126052442948863706795
0.000001118494486060725141249620
0.000001075611610298833751401290
0.000001035435592291392685069737
0.000001001598775539732754440657
0.000000978360089383657841868511
0.000000972229092447358392701964
0.000000993753754057515734373165
0.000001058652430766903359665157
0.000001187325546779776593616772
0.000001401961361174672595532732
0.000001721031045633775228998071
0.000002151874000250840988246069
0.000002683051039761208754312344
0.000003278823787022895142398426
0.000003878162461843763903184944
0.000004399935913080000721684954
0.000004754526052582207272870218
0.000004860421733634951185645898
0.000004662880149306112366252783
0.000004150894251397347327206880
0.000003368624767580790989134325
0.000002418053396234729043103332
0.000001450700876297921116411761
0.000000647730113765929466631492
0.000000189680888275191773517647
0.000000219539736471132736191100
0.000000805638064059593292196178
0.000001913259361280501980723517
0.000003394589139367715384035381
0.000005004483517049162145560407
0.000006443903938482575775316928
0.000007424608988946624564238611
0.000007740224542542834093757087
0.000007323491138997668538726006
0.000006270300049710197729912597
0.000004819190575074904570377059
0.000003288570324157156034484582
0.000001988655000481788888221741
0.000001135396751735992575005492
0.000000794885964898295291854494
0.000000877411473205852686272851
0.000001183240439127908331503540
0.000001483383721709038770519796
0.000001605478294247820194001319
0.000001492950877167821092329140
0.000001216043218958089080174363
0.000000932233383027418370619076
0.000000813549146159156857012484
0.000000971079839120964069597124
0.000001407325956370829738142285
0.000002014743067211598579775841
0.000002619146649593506845539459
0.000003047936732824641543491886
0.000003193359556592010417797002
0.000003044377185860542864921825
0.000002675637061470935418159732
0.000002201966819018250878548263
0.000001722971986081046739686801
0.000001287401465788226699761684
0.000000898317309441917568536471
0.000000560952198622387881279179
0.000000353305908866052500790243
0.000000484424819788790012438330
0.000001304105568387557396333701
0.000003242415096596391866062142
0.000006683580410822695714147604
0.000011807157570807795245399277
0.000018448948986610902303975856
0.000026036347559014205065497025
0.000033634969017937719256566842
0.000040110220713667076746812568
0.000044369539482977525155730364
0.000045621552519298287533926206
0.000043578210792568108347590922
0.000038539439742528406479017689
0.000031333216282878508375346616
0.000023126358128005222730564153
0.000015158718635527401003785380
0.000008473878677313065844946445
0.000003716962638050128196791832
0.000001046979541921913304933960
0.000000175872015837306682629470
0.000000511046783753088460645734
0.000001353040711983736848166016
0.000002091015505955314878817116
0.000002346128259611434110698059
0.000002032049753708529235172401
0.000001326347966344518629287753
0.000000569650012025976236708293
0.000000126579721378866858591238
0.000000250497281474242533835193
0.000000991744274493467264634957
0.000002176646866999491266973527
0.000003464063807928735737095899
0.000004462286731874001493788895
0.000004868323046396981047345773
0.000004581412546099342847935685
0.000003748345131951917321929974
0.000002720018771256146802037593
0.000001930473406669077963721416
0.000001739955164579668113754339
0.000002299965512444000952579437
0.000003492688033588914620086469
0.000004970225190612899037595745
0.000006280578872927681567412544
0.000007032801572967144775104607
0.000007037823151138887568822357
0.000006371170106057492217230265
0.000005335237279408598097031353
0.000004338665270017985976824023
0.000003741983611931121584255567
0.000003729281426505268054482668
0.000004252027267995828714651323
0.000005060454921297252168360930
0.000005803921755213871438983369
0.000006158173959578675810816722
0.000005932511267049369162326043
0.000005122890793991898094434604
0.000003900384634188651089808497
0.000002547640122402214051910811
0.000001370612078474647653600002
0.000000615411039662433538105458
0.000000412515878843710745359718
0.000000757979803647274932458305
0.000001529139609872487032699853
0.000002524368776585517611641980
0.000003513576338754199880848404
0.000004287335702371960683191264
0.000004695781830114135518481049
0.000004672081709770887388553408
0.000004238518738551296634808289
0.000003495912795859230852804113
0.000002599388582485190136224951
0.000001725451911156773495835577
0.000001036709156697239755625436
0.000000650977787796687203960254
0.000000620680958863762910913335
0.000000926298215503255427017587
0.000001484642775542501725769516
0.000002169534889260082285923799
0.000002839818079643030932234004
0.000003368266366203693819157032
0.000003665087560946562330959318
0.000003691368111842210765027698
0.000003460472185596425916413645
0.000003028383490488098206915284
0.000002476480063708809155862984
0.000001891634368989574584428741
0.000001348545544393035064292905
0.000000897963948332893692230966
0.000000562442923497533773915852
0.000000339112165653908312707907
0.000000207327608402073195488621
0.000000138291241094176727660073
0.000000103899971410934180999324
0.000000082934977578879379675502
0.000000063844404551550051989479
0.000000044410443940729678048488
0.000000029265493002294700919635
0.000000026451388005455521849827
0.000000044076991417610588016950
0.000000087783227167778541367081
0.000000159336611884127972071362
0.000000256357681337009216353121
0.000000372995185156426625360979
0.000000501268634934565235391070
0.000000632779386825349832076384
0.000000760491864726827419021472
0.000000880288169327596906078295
0.000000992002138928011324112448
0.000001099663414256531853623131
