0.000370234753496169748283872725
0.000369410108948800856507044266
0.000368634734031870288026300209
0.000367884069089675241372161540
0.000367108082680354529288291321
0.000366228932143951887816235580
0.000365138549805042625200079964
0.000363696732640222952781527965
0.000361730379744618340404072043
0.000359034547395310982623173324
0.000355375965589841053861308584
0.000350499571163121294899850389
0.000344138450777230501999998102
0.000336027346340297071967950782
0.000325919557254048333511803337
0.000313606689979283579684798955
0.000298940279403001095762104633
0.000281853874475219653462920721
0.000262383789699749154101376947
0.000240686429121584748473325344
0.000217049947564558584796323704
0.000191898077436559604024360337
0.000165784258125714769422850980
0.000139374777773502338609756812
0.000113420465137060929054421687
0.000088717510800753350205805070
0.000066059176359971127174761096
0.000046181359715899411967979238
0.000029706091625349532878630140
0.000017087896764714611229623448
0.000008568416910918268974040220
0.000004144639185652936448590530
0.000003555412656852007616010026
0.000006289644163743732301280823
0.000011617685304606020533038126
0.000018645087171342178178389329
0.000026385322026314890947506012
0.000033845538922973337559504253
0.000040117268053203639067115505
0.000044462559699247766211143568
0.000046385639996745788818811179
0.000045680992651961303536826964
0.000042450890589902072361303681
0.000037088676128052201926271064
0.000030228196695691099356089956
0.000022664242050503784339440805
0.000015252974376261250924035479
0.000008804538583277587976546816
0.000003981707693455371039974698
0.000001218166733804709850230350
0.000000667756854219839210652567
0.000002191907578064569632838622
0.000005387120050887121477782050
0.000009648522785825707192555387
0.000014260129295048565612759849
0.000018498381998024817133262354
0.000021733574602430527091499746
0.000023514181459073043759617702
0.000023621950997914135071675812
0.000022090386547752062642658091
0.000019185141645941717361513110
0.000015350894271946415248685999
0.000011134409756225886631254493
0.000007096896910190754138500740
0.000003729871550985514778601753
0.000001387449318265092103693486
0.000000244609584331501211040897
0.000000286179524051094145185652
0.000001325981334729624586303369
0.000003050714198448937533976943
0.000005079524694010687259067109
0.000007028399477934777115858446
0.000008568677132793810758662652
0.000009470936253523032187636929
0.000009628778048855506690442349
0.000009060893947288279297704386
0.000007893552929344607667393532
0.000006328614511364397465851932
0.000004603932824834498275753426
0.000002953394874098254766408905
0.000001572933773453713428346155
0.000000596999752026044899213490
0.000000087616299462694587524923
0.000000035784140444297357910222
0.000000373042245805227214135787
0.000000989734225208742993999613
0.000001756068697920010618509319
0.000002542344975714629820275287
0.000003235553579502750738846294
0.000003750697970321865303737832
0.000004036355952882754338675690
0.000004074989627722480682809128
0.000003879184853976361392168936
0.000003485308754750557270107782
0.000002946050375865674160805446
0.000002323043351976495005909058
0.000001680372538905736089017589
0.000001079347389956163234602882
0.000000574568331534134288000404
0.000000211070893324276723906750
0.000000022225622562451421965296
0.000000028092742300961396692882
0.000000234052778366399983384731
0.000000629719221783432667690120
0.000001188340429891939173073063
0.000001867065508395546294021601
0.000002608534119985405399502407
0.000003344212598110767194046654
0.000003999715894583904133370751
0.000004502032332544097777225073
0.000004788146665251778985096000
0.000004814112619148698676233705
0.000004563260387379206890886771
0.000004052044375849992534073356
0.000003332127694858480299272638
0.000002487700260857027524327451
0.000001627707622798256142742333
0.000000873526942185319359484230
0.000000343506716755114184698190
0.000000136503535887923300604709
0.000000316933979290203441235726
0.000000903802481746770960929066
0.000001865645634670206691373899
0.000003122429063975040831955664
0.000004554310157982570140015530
0.000006016054769168112769241012
0.000007354986882619774375387592
0.000008429828012519911074667753
0.000009127733766897420990488535
0.000009377243717584012126092796
0.000009155620400284882959762375
0.000008489994954292492482521466
0.000007452672200024285047007845
0.000006151712276742407401852308
0.000004718391426335611002192225
0.000003293315123137195828074888
0.000002012844320508660507377044
0.000000997179972231239085343735
0.000000341032246174234013928143
0.000000107371945236153635257008
0.000000324388952319106711006812
0.000000985497875696851621286909
0.000002052035335881260664050215
0.000003458167770833477838905452
0.000005117449046981832048747608
0.000006930415644187726387074645
0.000008792578152422202562485919
0.000010602167445513176888207026
0.000012267034371188285143527280
0.000013710193366982818585818674
0.000014873644436744397150616803
0.000015720293360597809300023553
0.000016233994345621444404907663
0.000016417933352873516952277408
0.000016291725091394716377164384
0.000015887690265486725560732315
0.000015246802114394665804983711
0.000014414746146300796357216448
0.000013438439629744049436197578
0.000012363230817970598897142728
0.000011230867055994662258213562
0.000010078207651159721015810510
0.000008936576411816986358288908
0.000007831606009665753281140908
0.000006783419350316927780850714
0.000005807013236288332340656430
0.000004912744871827766571909489
0.000004106860239192878603373821
0.000003392035611195981393558652
0.000002767923970546804369585042
0.000002231705693267430705407049
0.000001778639942715756656289243
0.000001402604506942303150081775
0.000001096602686604763751638874
0.000000853210958268332502930247
0.000000664943394800207748749905
0.000000524518875526077006067811
0.000000425033426685067676376609
0.000000360059343247062525525241
0.000000323710826167354450446479
