0.000008744872192030585345370354
0.000009079974733485326188740273
0.000009713156044171626478248363
0.000010711515378912867254104259
0.000012121535588534251457696472
0.000013964508206906389836655068
0.000016235030339957813458546046
0.000018901789935331401255793476
0.000021909934138098206721180158
0.000025184720079302366335226998
0.000028636723767206200122253587
0.000032169417809378670703238101
0.000035690209826243659131748270
0.000039125900762691665163775512
0.000042442902536159074185564966
0.000045671472551556198025100863
0.000048931797753062559596260589
0.000052458196704149853890376820
0.000056616283613006419762805205
0.000061906994840503433473813399
0.000068951289936624199665080037
0.000078450447022921902958357554
0.000091119384869740020120934543
0.000107594323953761968775712232
0.000128320985542526783736855256
0.000153434746624593186959534252
0.000182648844845127928445543963
0.000215169969181529247134396221
0.000249661628243803964885549895
0.000284273997675975288387806295
0.000316754060515082023520572196
0.000344641332173750822211871769
0.000365541968619682280852017930
0.000377457800285111659110287574
0.000379128330119711466801579736
0.000370326532199318717714087157
0.000352039065775193622809258187
0.000326464981022450012344143788
0.000296789446221383242194985508
0.000266731283784437550078705303
0.000239919011545040264821865295
0.000219206225577954754574205865
0.000206075662843505568941337991
0.000200285460357081744175306026
0.000199872156922076868023480101
0.000201546942047376044905918069
0.000201422460326218803923492562
0.000195914637534209474167487541
0.000182606206153787813291355935
0.000160856063828240428799018491
0.000131995591427815398780781786
0.000099055758097872664445435187
0.000066089164402401099902666093
0.000037255398771338542795918819
0.000015897189481203775250845248
0.000003833107704655992057133328
0.000001031797229024701619562671
0.000005730945063359227666078231
0.000014949994774123350767909210
0.000025249541202457857303007721
0.000033536719380764835884978226
0.000037716576610182089564042573
0.000037041405073674954007752896
0.000032097049205287625278561897
0.000024462657137587144026745836
0.000016162032655343444744041811
0.000009069848533253678475119300
0.000004434370831919001967511527
0.000002632947466984516818663950
0.000003202187602072266037759240
0.000005103895946221685324753221
0.000007123876115258401335019953
0.000008271368294503485371800544
0.000008058912826382369921484478
0.000006589821118920098587303652
0.000004446502537854162321294405
0.000002435817604274926089695606
0.000001287646028848098366220275
0.000001408716742603441430097271
0.000002766110343197900789158393
0.000004925492543781347502839831
0.000007216291935674144965165780
0.000008957625853157873474573274
0.000009666212530239579262393394
0.000009182236425244527652854247
0.000007683101593722813373271534
0.000005594513620078439733289150
0.000003439516913318538283430518
0.000001679849059458610291252294
0.000000598361116569304652055531
0.000000251163830628676698040357
0.000000492427253714112736181761
0.000001052477533826796704378471
0.000001637284652444259034647267
0.000002016636633455157918417503
0.000002077290675466945283689831
0.000001831735093809630623011325
0.000001387814327837682402112481
0.000000895189538425444190791963
0.000000489033009055158774171527
0.000000249108646215403969599936
0.000000184906701185877836605690
0.000000247517306170667401705006
0.000000359755976004295781669351
0.000000450668269288423578271675
0.000000480638966450540532891766
0.000000448669560265641654277669
0.000000381722338249363393135441
0.000000313852770860846000730961
0.000000266775992622002263501428
0.000000241777062855655234702325
0.000000226281566111144276727443
0.000000210137718685447682865416
0.000000200918617959913760151228
0.000000227511564252553923680690
0.000000327353415384448061378536
0.000000522094266940247971982216
0.000000794348935327197515541783
0.000001079970460736444143236973
0.000001284210677956583321890891
0.000001318544785710510181887031
0.000001143403900198629325878508
0.000000796734174281128026765539
0.000000392657680348007905343332
0.000000087236158713227898862132
0.000000023637708954781651870054
0.000000279348920351354530570569
0.000000838061560623109063271027
0.000001598152289362614638089941
0.000002413324774892843579271462
0.000003146930352787870537165007
0.000003716450217710827987413350
0.000004110681319652881117779862
0.000004375805932603475842358146
0.000004580678222363962456321635
0.000004779531340894163039183067
0.000004988812023848346359966230
0.000005185863175461786811525425
0.000005326060938468273796503674
0.000005367453330239973506067281
0.000005290969053526619979678849
0.000005109052538123989021167856
0.000004862516009966902061671060
0.000004610461227664423876967253
0.000004419138143917205971834394
0.000004353107605660646988734400
0.000004468498034814478016112094
0.000004806080868902329883960746
0.000005382519828560550373961532
0.000006180756058438560439697012
0.000007143140546300132326992122
0.000008171763482896756889111572
0.000009138760555847806100766145
0.000009905942206572775004060939
0.000010349536281291474596952251
0.000010383760088825193541720894
0.000009977136146015301847601170
0.000009157677455657227755182921
0.000008006283422219771282539978
0.000006640716106461767196343909
0.000005194496974025997368363487
0.000003795645049727240853649568
0.000002549513248395016879225498
0.000001528480299002505164685742
0.000000769393428153844771371739
0.000000277856031140108014264539
0.000000037060149915805961161924
0.000000018131660641770567052217
0.000000189020203488994082214044
0.000000519786886703717782705575
0.000000983484300393744321306874
0.000001553294012603732159150225
0.000002197752655786352187226905
0.000002876425449616567131815329
0.000003538154021343518270808224
0.000004123136273710706528378058
0.000004568898682581800335764533
0.000004819072637999345461623686
0.000004833103920499036421087879
0.000004594778087920820802540246
