0.000018853339685296781119347442
0.000021517292187762226675319319
0.000025417723062169563907203296
0.000030286140334603615589673456
0.000035838872129475819955715665
0.000041769026430425840483093292
0.000047743973457562686893516229
0.000053409185938615276890550215
0.000058398864596836987908741456
0.000062353219502903704774508797
0.000064941585978728607404970863
0.000065889789505275411177903644
0.000065009439946138507194703382
0.000062226250312409333090291064
0.000057604145053800099999293666
0.000051361912324271608444158782
0.000043879471946548537111647270
0.000035691430666380345986671285
0.000027466403670712200669546191
0.000019971527165939592781893075
0.000014022641168109813215631072
0.000010421806863355281104000297
0.000009885193892458491417220452
0.000012965964473744672630101810
0.000019978536885522815935668436
0.000030932320835707367964653031
0.000045484298183239845760582332
0.000062920161559440061825945745
0.000082172593430272517639467722
0.000101882292978953948019843478
0.000120502487047621911547476414
0.000136441296042669142412825933
0.000148229348825225804714422750
0.000154693712342883970493195855
0.000155114926847244711215212387
0.000149342945929520484402153180
0.000137850800896883470382861536
0.000121711830359568472237352665
0.000102496519061111369453855036
0.000082096879847395374889783282
0.000062498015792422108695761129
0.000045526128967466315301815261
0.000032608210652420322188567436
0.000024579845169047611264014769
0.000021573398805182530301111435
0.000023009281312374080296148660
0.000027698490359277805079180057
0.000034046609754899260862591459
0.000040330215071248349059402499
0.000044999757856908414327141293
0.000046952709251343447327455699
0.000045721061798694083108153541
0.000041530543443117367457314421
0.000035214302035293475721684092
0.000027996730124588136031076741
0.000021195556845297614374746750
0.000015913020314939670124413165
0.000012792122178474316931354876
0.000011898445388672547739236998
0.000012754831414889060257509754
0.000014514336586834821740395023
0.000016218693359369034024839926
0.000017066782131111286039846717
0.000016617534372972300960253147
0.000014874178801720679669482947
0.000012234421279573371766930673
0.000009331780981868625191944303
0.000006823996642288891288500360
0.000005195981044823942987217254
0.000004634721219970469219978128
0.000005006478710090160205465216
0.000005932535058772964431915171
0.000006929992137883232906263656
0.000007567810648781559281601198
0.000007589174026052211661521295
0.000006967230775753092240237287
0.000005885489997794128802467359
0.000004657971776928180632183166
0.000003620249680276692933118040
0.000003026904006957836403267923
0.000002984063668690696359461203
0.000003431557745500570455536278
0.000004173225928980433171978058
0.000004941147852830754192961314
0.000005472916408507494662584545
0.000005581048929941828159594520
0.000005198636692722905549885089
0.000004392890734896045198151597
0.000003346048104437042140004701
0.000002309690188728259947498894
0.000001543296472811528524885362
0.000001250673896295940301439677
0.000001528600438695580455552366
0.000002340219378575872972330415
0.000003521058909721646625057279
0.000004818230447299859721692252
0.000005954608986116944660245496
0.000006701914511801603991270233
0.000006942364773702850812080959
0.000006700138716548861959768166
0.000006131765208405450421160800
0.000005476923980221433240899321
0.000004984194061479235166717532
0.000004835384003733308609564862
0.000005093532416447337030974453
0.000005692293128692179406688881
0.000006470281468377201371505042
0.000007237864097102551417476507
0.000007851720586561560465653498
0.000008269057457572431956848054
0.000008560330364138183731749325
0.000008874556054268817505072293
0.000009369357162157857147970728
0.000010132056552706792973981079
0.000011122913120373451744847190
0.000012164809030558909521552158
0.000012987471285179933173773749
0.000013314336622299382753174465
0.000012963681413237166989340515
0.000011928750206261255493501473
0.000010407059513127140331452056
0.000008765158955503888710486873
0.000007446427278560278024196074
0.000006848661770312637516984824
0.000007208754138939527875964627
0.000008530146336826817894997098
0.000010575713827979178234409488
0.000012928719669117240024603169
0.000015104129844552688355634879
0.000016678286366556097390298485
0.000017400795284592422207999712
0.000017259108251745704118397182
0.000016480866792851638124098312
0.000015476662138994941910743672
0.000014741089105777710035528362
0.000014738831701530315400729479
0.000015803401958805173292861579
0.000018069980477216316132240553
0.000021453322793309632108074703
0.000025670318464184883314096325
0.000030297476248570570129961879
0.000034848114187193469134650597
0.000038852725705304687331409497
0.000041928143678125517944746403
0.000043825444381473101446503038
0.000044451691949390646817555361
0.000043865576947861557128779952
0.000042251083309412569989204495
0.000039876165739565188478321645
0.000037044865336160596222103009
0.000034051291185318170230168777
0.000031142544170285107389510582
0.000028495235269700278004506577
0.000026207234810175079436607784
0.000024303300714350462149657139
0.000022750890011876128972119829
0.000021481205186808251771102274
0.000020410514120817085302562674
0.000019457830156484069153086103
0.000018556717803903358972707552
0.000017660773530769453913127562
0.000016743763485791432954127855
0.000015796214638481185447548699
0.000014820415347107522674560860
0.000013825435628011589821130187
0.000012823171501662090248415543
0.000011825792763692261850357219
0.000010844495462288201211714656
0.000009889194934481120382880476
0.000008968723529474861394213472
0.000008091154373245654915698145
0.000007263988292086818887734710
0.000006494065197355771695418743
0.000005787170721031600503726691
0.000005147399474202544681765859
0.000004576409161272872950436234
0.000004072751389309272004889996
0.000003631485037382341902415656
0.000003244254737703431674353824
0.000002899945713635661470917266
