0.001200082787093850918147541762
0.001189343144922761549148182425
0.001164930152693966630694788478
0.001127354665647075770279483820
0.001077406147241089700086758008
0.001016152066187616135814475449
0.000944933961761273066501387596
0.000865358228438767675995413331
0.000779279076076210127851928711
0.000688770604774975765682842876
0.000596084735884367094421731892
0.000503592099016143455135485762
0.000413704058458204241861128070
0.000328775924037177620998240180
0.000250993946299295786830918509
0.000182251726204271305561629979
0.000124024849322955149546338083
0.000077255477406509417081202640
0.000042260828007179997004884309
0.000018680423581265132959398911
0.000005476133753788814582615964
0.000000995821625847485525454559
0.000003105435255574507758745103
0.000009385619999355465629020841
0.000017377963371615929856180485
0.000024854285140029090585972460
0.000030072325967492404723887395
0.000031975766007876783023674422
0.000030298653044152371526746143
0.000025545895997543510816439952
0.000018842207878361402469211822
0.000011668660854149407571952839
0.000005533026003061574842674820
0.000001639930695927731497797230
0.000000632717420018767049189512
0.000002466839080310538507851813
0.000006445691836718398710936485
0.000011410416044354850285155560
0.000016035896570553271028424652
0.000019157457285139180980107834
0.000020045228797052703356706971
0.000018558548134449797122232095
0.000015146533114355544837829198
0.000010702888476292527663224705
0.000006320498596189287591096302
0.000003013917133044846854977991
0.000001480358492574311881281586
0.000001953707156414762119358165
0.000004178150552477171205268801
0.000007497325724876907714728461
0.000011029327748242974657267614
0.000013882329878412248621048428
0.000015361090722312011568311679
0.000015119940870003599985536835
0.000013230659275358328804761757
0.000010151696848645136013965760
0.000006606180069035580437221411
0.000003396981531769529713912390
0.000001203594387759726162958436
0.000000412644800718927117799716
0.000001027768516576302014497481
0.000002684733701945033029745945
0.000004768324467611753951414716
0.000006597088038099354348952827
0.000007620735882999387999321358
0.000007570726406156299246891922
0.000006519661176608634048585192
0.000004834897811332502647486270
0.000003045977060044279432674636
0.000001672132285952909056932973
0.000001066253159803213901218118
0.000001322483355269829030583266
0.000002270524035028780225099754
0.000003550119178583158478443305
0.000004734686727887233540792121
0.000005461326162558936238506421
0.000005527798927920751771941752
0.000004932343318616551039771604
0.000003852589666415513457446880
0.000002578046550221122409896589
0.000001421388094959476642840956
0.000000635314315620460234798888
0.000000355608301910138248836844
0.000000580685878308279781930814
0.000001187237802155083212331862
0.000001973306068787428730975340
0.000002715562822498571975279261
0.000003226557844840554967652578
0.000003399408957228677931089629
0.000003230869669532050447035990
0.000002818236088457153858523405
0.000002330745843724176261986146
0.000001961576875364964963141144
0.000001871549934726868484721665
0.000002138987789409403890222242
0.000002730455789491539973085077
0.000003503214738918207506824859
0.000004242155901516250306236642
0.000004723374456271489352742182
0.000004786536003601795824004012
0.000004392651820437193965524121
0.000003645852126909198689334174
0.000002767923755537618258514747
0.000002030221339736149628455494
0.000001663720445218759808630907
0.000001778093425991756935941666
0.000002319968852269803187142764
0.000003088077886782345632919744
0.000003802656333988206999944647
0.000004205751000841946254547518
0.000004156231890520098103093075
0.000003683908824385816128867827
0.000002981553087808742122908918
0.000002336583847223410188701821
0.000002026845435044105407597272
0.000002218422981047378413223909
0.000002902606212537622868894143
0.000003894434271491276410373256
0.000004892656701346776270257315
0.000005579187128777216028263468
0.000005723202993751886431730153
0.000005255111546108199189206514
0.000004287665116007874577730083
0.000003080278359640033263239581
0.000001960942441271473049476661
0.000001231934986971936718696033
0.000001087783217193538121429688
0.000001567329119058889621630189
0.000002549734714081346770346787
0.000003791353935208767475073359
0.000004990382690784249382711952
0.000005861119857162178030493722
0.000006199680840662074907229835
0.000005926944814967196527256618
0.000005100742979953460393290586
0.000003896302631039089072080561
0.000002560603370409214575386227
0.000001351680287102726540966898
0.000000477193216082798019407379
0.000000046994223582721284525229
0.000000051491593754606553097614
0.000000371537967718189959122181
0.000000817525122162774826851082
0.000001187372894594407475159529
0.000001327521773973911591723508
0.000001179784151606999390726358
0.000000800658859004318982345257
0.000000347538844544604534415367
0.000000035809941742023320175962
0.000000079169384004474970062107
0.000000629990628656026375954604
0.000001735923771107190659819595
0.000003323568767966058575067789
0.000005211928062106236105260719
0.000007150143094958871148498786
0.000008868246914466812344480726
0.000010127788676737810424758647
0.000010761248388019724184965289
0.000010693936428180748164488457
0.000009947649947599205799112117
0.000008629883116023781623434366
0.000006914682244598475803292435
0.000005021083335829687711523734
0.000003193115884085658740838961
0.000001682730710562209028405582
0.000000734837061153001480862590
0.000000572645724938764586582022
0.000001381865141788126810076451
0.000003293619213560940612992760
0.000006367584025168890530361164
0.000010578095769156955837536106
0.000015806400566036260334863359
0.000021841667008755055539269418
0.000028392049431096740133356401
0.000035105365618595563040153784
0.000041597285348318448422802462
0.000047483688367831837766775555
0.000052413258606329304477473852
0.000056096477250111913498507171
0.000058327859038465489549454140
