0.000012970937613883377166265620
0.000011576370955932618447337991
0.000010261118872775364384590177
0.000009072366839241894229876710
0.000008043237895121651141240073
0.000007195144274180362357591981
0.000006540572678051790025326000
0.000006085757824694853031959399
0.000005832886988096089436197332
0.000005781660891745728403270498
0.000005930177967609761870680391
0.000006275191649910206527810622
0.000006811814672199696925965380
0.000007532727867696034368004323
0.000008426923430751595439657832
0.000009478007279811778135040524
0.000010662127786239437314996965
0.000011945696208983010155879612
0.000013283201738160264874133616
0.000014615565680365950738299821
0.000015869583510256114988442103
0.000016959040022011232802913797
0.000017788044527408086964252731
0.000018257033419196868310888440
0.000018271740861385465850424970
0.000017755231412082423802113046
0.000016662759210914290748445019
0.000014998665525541871808051959
0.000012833659809975022004667131
0.000010319657130011760821637450
0.000007698064960387129618052046
0.000005296457790308650770470886
0.000003508561297040860299132833
0.000002754001887987592115812803
0.000003417701893968332190544860
0.000005773909446945085124198137
0.000009905751499662479312899831
0.000015636404284160586216625641
0.000022490764313625227543763305
0.000029705413711856508375205865
0.000036298972080144389917855108
0.000041204864278768948580508602
0.000043455347016235018554799335
0.000042391389873294063985516983
0.000037860408430219447974661440
0.000030356100994028070450816634
0.000021055144919964586093866221
0.000011717136466201855520019061
0.000004437969855130544007820736
0.000001280549183228383021524062
0.000003843665210663940788680254
0.000012859618610942495298067774
0.000027922195387728997612595064
0.000047430569788337583749752296
0.000068790847689772011337196178
0.000088854259543138567971863606
0.000104506697413343077932533498
0.000113278510609578567103206126
0.000113831989598146810470369328
0.000106211913110979734868773161
0.000091804056328821914126012138
0.000073019531387222906776250653
0.000052787541851667919509411703
0.000033978053863826158692996310
0.000018881248112020106649311738
0.000008845661946158059408856951
0.000004132863934004947196077396
0.000003997066415778832457563786
0.000006954521504265190077272336
0.000011176101194213544117025613
0.000014918894456097644063072294
0.000016908656345101388075507706
0.000016594404229316517452750765
0.000014219921771591256413674528
0.000010693940556012601687764160
0.000007287218081316084877807355
0.000005231280350131846053113229
0.000005326806496107935111838060
0.000007676140381364284225344449
0.000011626760655258866299349013
0.000015954013398065368660883739
0.000019237275266682331081261742
0.000020317508573530709706320835
0.000018689858162084549181476689
0.000014697712817278893348746892
0.000009454083734225134907826898
0.000004504795139505626041381836
0.000001336479828574772124998049
0.000000889520228174348199831731
0.000003240218137802581033381352
0.000007563907871604064066500383
0.000012397788508896814282196283
0.000016120146775591133274634775
0.000017486735450993330214788588
0.000016042455815733834247538078
0.000012266278250371009182870426
0.000007397111914812444882186444
0.000002998068540220550388800732
0.000000408639373681648216168671
0.000000276319333587526183888822
0.000002335249418857633574086530
0.000005515972940496762685056754
0.000008354711843062488692691729
0.000009562101189480478035396041
0.000008548484567616504464131547
0.000005709711588056479993850273
0.000002354565848919750798611331
0.000000278463621035859059948687
0.000001116377796386935814418567
0.000005695741792841763061498641
0.000013624037765281548677189123
0.000023276924376535059043810683
0.000032221013625138278228289546
0.000037954001545634960784313811
0.000038726276203680791594945870
0.000034165963334519978814897423
0.000025482393899266656304373330
0.000015157188904641468954080305
0.000006204123546386425849764532
0.000001229843431081137456405659
0.000001603479230328572572247012
0.000007014856930766546814863798
0.000015575069099469722965194823
0.000024431489362668081086107236
0.000030694794066036863602973256
0.000032369822773243648174161524
0.000028982831242706768714190863
0.000021704319565270493628227066
0.000012940320548110900337286308
0.000005543193890871986746456471
0.000001912799382407273991897872
0.000003280870698286153154277786
0.000009393117301035270328151035
0.000018658968794031179788423663
0.000028683289830922380810995093
0.000036982397641427807105998782
0.000041651896100942457077699610
0.000041798557121375497019292317
0.000037646713675776135080673634
0.000030340380529072181672997285
0.000021546887415260162031887051
0.000013003523410855992117505717
0.000006134187750683989583404179
0.000001814447077342411093219443
0.000000304630198176512691970384
0.000001322834490812189429001879
0.000004204449160048342243789412
0.000008092323314831587389192417
0.000012114428854427064123416499
0.000015523740180692315368928338
0.000017790325182682302642767427
0.000018645123067103012265942341
0.000018079456926271522443404674
0.000016306763100671292101261078
0.000013695615551557876207831171
0.000010686377861269443645267710
0.000007706507047227125612159221
0.000005099832579881677850316187
0.000003081920433422965042568210
0.000001727276066042402643928170
0.000000986417975024219505146930
0.000000724152556852065636643209
0.000000766673049709364647284174
0.000000945192158106419950589459
0.000001127148964378556737775394
0.000001231083018336118315995105
0.000001226238891792812198963192
0.000001121439634473309475228334
0.000000949116122078675787787486
0.000000749778448169644145212035
0.000000560388855163630651548057
0.000000407931472055417732784730
0.000000307693645531301586491107
0.000000264753146647998060478910
0.000000276927818910071843878885
0.000000337769926363821703536996
0.000000438768855469242997842009
0.000000570496875425460281516907
0.000000722839307633932858293741
0.000000884657898253515406224558
