0.000552492813916471894181148272
0.000547385156157675391297434686
0.000536292639582566441069921837
0.000519429806305212230475853996
0.000497120841478917671087123242
0.000469800733339787476676441269
0.000438016220479927774131279072
0.000402425398697460392095220927
0.000363794575584625501027402628
0.000322990797308249691886794519
0.000280968482700995043997022060
0.000238748830704252400312231908
0.000197391147068765200871948151
0.000157955966860003126171069221
0.000121460797160101186551242614
0.000088830395055858064196074864
0.000060844614526974597520751764
0.000038087854034551015187156503
0.000020904849029783864643779884
0.000009367821011947114547176174
0.000003259692251639459742218246
0.000002077140319768374313719444
0.000005055720835866577407514619
0.000011217246127520319714642588
0.000019437275137003926140820062
0.000028528213387904119842071807
0.000037331435497004132725764464
0.000044810304160701392480869315
0.000050135188862472217794299945
0.000052751718691630381668795230
0.000052424573290371472011894838
0.000049251069529285086755036882
0.000043641510241726987062715892
0.000036266539212043675892947758
0.000027975357310095874175705222
0.000019692303719637531156686980
0.000012302623727478943714791319
0.000006540774994120224304205297
0.000002895846326987843698263798
0.000001548060119862319683101647
0.000002347516903310336336781943
0.000004841229964004015970694891
0.000008347457142869162404234459
0.000012068275952422910149821125
0.000015223673995641551475593856
0.000017184827179746611054093203
0.000017582310977055496433851117
0.000016367790202899493981134049
0.000013815364533653963529432479
0.000010460139060326447178013096
0.000006984567198278209481472276
0.000004074804578493599790370207
0.000002276817835148980347011747
0.000001883161078304095709451600
0.000002875423328306874905772742
0.000004935361282377213578342542
0.000007522277026873856205614957
0.000009998919971753719368456892
0.000011776842394288849981583145
0.000012447600674856411885550907
0.000011869689260782990104727171
0.000010191821395936799998695882
0.000007808492615599271435508112
0.000005259883697902936140126766
0.000003101109393892601971600559
0.000001772476185519970952748350
0.000001501284604101257050563626
0.000002257276203135651205893258
0.000003770349951935115231986496
0.000005604088257919768004437170
0.000007265636655551876724938413
0.000008324616080881060571064131
0.000008512685889303644998357332
0.000007781082317745275535986714
0.000006304277375204929161794151
0.000004431045960834519172434967
0.000002596489650129607455432889
0.000001217106676579995471040776
0.000000593998004784201218670780
0.000000846326653644456829438157
0.000001889184124747373231953873
0.000003459156058917677090597037
0.000005179774598944785118437902
0.000006650269804287725057361218
0.000007536484984567359951264202
0.000007643322891000737208584172
0.000006953257047723235404932621
0.000005623841829833814424846172
0.000003946695433431948369143970
0.000002278884382844736848590167
0.000000963163784355530927836593
0.000000255064103020015881440643
0.000000272275914622855250064756
0.000000976006633557461901067086
0.000002186471276464920860315919
0.000003627210229228647567103865
0.000004987129098577186422046586
0.000005986156679172951891945709
0.000006430638079626862465317926
0.000006247709171712927133691962
0.000005493029674311469720245429
0.000004332139643625042037527063
0.000003001061832454736820106032
0.000001755546770484395063862131
0.000000819919366792386751285676
0.000000345712832161286924490256
0.000000387523524466688674450265
0.000000899505200301576172305018
0.000001751546835313686625921863
0.000002760345443107258357263219
0.000003728019033781031332227878
0.000004480026014153426481049190
0.000004895019089778713637249510
0.000004921558185654879989028108
0.000004579752464027687927704095
0.000003949166098838255858189620
0.000003146995755259468700404217
0.000002302076988736179532536730
0.000001530461131548958593129512
0.000000917216392253824584585248
0.000000507130971830123725164737
0.000000304692588871660140763958
0.000000281669617410655648765728
0.000000389275566535937927392994
0.000000571477606759851687967078
0.000000776462955476763272342187
0.000000964338064490310139769270
0.000001110424561792595027711911
0.000001204661602715286001616022
0.000001248366840028878079063091
0.000001249852084280594831876797
0.000001220198066135484567422474
0.000001170034702047211616962857
0.000001107649494567476459273370
0.000001038321073156962799324170
0.000000964533953743296042579328
0.000000886677839962144187602807
0.000000803913663544145138686002
0.000000715019486373410869465000
0.000000619144262353712355452203
0.000000516460137760865848262110
0.000000408713086693865550433526
0.000000299649618776522910964784
0.000000195273299090558228319068
0.000000103880305745853944253630
0.000000035844486300126261897287
0.000000003161430725177372477387
0.000000018802550856774658466062
0.000000095959500100256453905847
0.000000247268948521694962856647
0.000000484099101884092195513759
0.000000815960311345059754443868
0.000001250082234190743599367606
0.000001791185603293818231292103
0.000002441467997786591744095166
0.000003200814603320132344674385
0.000004067228841098634984198637
0.000005037448163673146982839343
0.000006107667808650747560375756
0.000007274248446788273781207779
0.000008534247462966147772462158
0.000009885604906051211255603450
0.000011326846530380910434512333
0.000012856240749860863459719945
0.000014470454223139517604436455
0.000016162871290247709398944440
0.000017921848058299976434466078
0.000019729235514786164104551400
0.000021559508340361288537996576
0.000023379770978628433791921687
0.000025150788985750699883496215
0.000026829033861390643995840921
0.000028369563560452335269435400
0.000029729419913162333059808429
0.000030871133822720940240169618
0.000031765904323297898027584490
0.000032396060407144414660090409
0.000032756514693537650299501318
0.000032855055917341283102002525
0.000032711478379016093354265948
