0.000000275658024098966112119173
0.000000171922388402719353537541
0.000000120365749701445344512169
0.000000116940506517237859562654
0.000000160201321879871216271986
0.000000252252590649733004330400
0.000000399305861035591597515840
0.000000611650314792578762692688
0.000000902801370481063419771019
0.000001287615364602406235080526
0.000001779270240076946478684022
0.000002385226577418397643829372
0.000003102585589657574418611611
0.000003913598909822179582323077
0.000004782370439512464428243998
0.000005653913162055510599815749
0.000006456582063020857327874467
0.000007108442834979196921999650
0.000007527380286640874426326055
0.000007643824034847083054864184
0.000007414083536617700764554534
0.000006831695513236779045791389
0.000005934123648911964679501015
0.000004802735449450668048286626
0.000003555166086826344882713220
0.000002330727881382112870402214
0.000001271061414062506791472452
0.000000499345614686709733471214
0.000000101793109865796356932973
0.000000114771759811058203553641
0.000000519866302484929897544141
0.000001247825987546670483590086
0.000002190929794541489037833009
0.000003221997847456800789951985
0.000004217091228541192834381075
0.000005077858515171478096742862
0.000005748679501441211607028203
0.000006223705006796195689537307
0.000006540256977782118017101815
0.000006758270128946911056255602
0.000006930214710034014667888562
0.000007070874773664373894401826
0.000007139266409960033071672482
0.000007043667542564001332995940
0.000006674194863970670199516608
0.000005956783346229996360101863
0.000004911305040894531547749757
0.000003689729424122509360652912
0.000002571875256071986704680711
0.000001907892870490041331132253
0.000002015578578073685331724331
0.000003060669880157297602981271
0.000004961410745722455534699978
0.000007358304797127781547781515
0.000009673817363848359414846452
0.000011258444994204280648866963
0.000011587870433542834031266124
0.000010452139610909907100786895
0.000008071665635374919767533984
0.000005090790429596657142496605
0.000002434574584463026405419884
0.000001058360258984458264331740
0.000001658304106484872719572002
0.000004430885073537826707656354
0.000008962009998739273386935897
0.000014291940764221389397869294
0.000019150084734049493549908061
0.000022299531149858326363553257
0.000022892605049435236862611157
0.000020729179355039457606849074
0.000016333868820959286395069418
0.000010820584572324142295842581
0.000005577911647104141849547523
0.000001866177548974333632971000
0.000000448186568272449189397543
0.000001369316875834871752949445
0.000003959485246181020265626802
0.000007061722324903971097535219
0.000009420464461962615244959920
0.000010109843410009617095039573
0.000008865699116072810377370966
0.000006211204790852259712940608
0.000003327910968034545302585928
0.000001703130055400816115444146
0.000002656348137631524794521117
0.000006888898753905626710957507
0.000014198600859592007988776823
0.000023454209732902739750717847
0.000032847101682371553652353691
0.000040353245751404853583575033
0.000044273397425419106605230107
0.000043694055060642140596478822
0.000038734251019906967058309410
0.000030506927525676630976207357
0.000020808777236827925307370568
0.000011632616026755658128434209
0.000004646890522424280983325093
0.000000792621141640961553372655
0.000000108031119709793867881802
0.000001818791125228623669371573
0.000004650560032812996474774290
0.000007255890262151309620111076
0.000008619158446473277782962433
0.000008318448568417653997972630
0.000006575592954567151076066683
0.000004096668482050340764401026
0.000001771663271198271332284419
0.000000342744357893086644527173
0.000000153681832183906984881322
0.000001059259894180961346016388
0.000002515577663376190277932844
0.000003810025665459593065097091
0.000004344034563994104499340832
0.000003866921406003772815091358
0.000002579138544906678106683005
0.000001070203758428877571345353
0.000000114083331757532282428767
0.000000393288990313774129479834
0.000002246409369988244136319422
0.000005524959187455873884623099
0.000009608017207282553684400371
0.000013570345858256754770047869
0.000016449546369293501760135839
0.000017526882273044425424209092
0.000016534269002650891697541596
0.000013726125045654334510722948
0.000009799395920727987718346422
0.000005692544649465562971917074
0.000002329075284118770523415819
0.000000382933466372852814053331
0.000000130040412140756842258719
0.000001418758758957210309092564
0.000003754136538897714700361609
0.000006458997386064739529873240
0.000008858422418786995647366732
0.000010435797553210209026456137
0.000010925001272179477775233457
0.000010326949782854292575690405
0.000008861138614355928595236155
0.000006877610601012457986348347
0.000004759268343353709468520566
0.000002839748489428306152810829
0.000001351822880723474036806890
0.000000409839903174082675911858
0.000000020566008620837116139361
0.000000111737882793413405719701
0.000000566775755994203390282472
0.000001256337860406293598818702
0.000002061151200812360781005088
0.000002884406466892006820260498
0.000003654993153011204329988753
0.000004324549961769787062527623
0.000004861732610787167937712629
0.000005246556282361430126857677
0.000005466579275835929816655754
0.000005515484017929843870721961
0.000005393618232002664320120719
0.000005109478973156016497940771
0.000004680998976067533346757943
0.000004135744049416389615640450
0.000003509591298685221085954097
0.000002843954064357602087512048
0.000002182009244747067918068729
0.000001564589139978879246800614
0.000001026414069527866413728467
0.000000593206212693801695587273
0.000000280007053846140632043726
0.000000090787876653383406893062
0.000000019244728064471109349588
0.000000050531885556018358876954
0.000000163615714012976460987672
0.000000333915480491793605910002
0.000000535926160801439442235258
0.000000745577942544165870358461
0.000000942166676277189716736532
0.000001109776832781354619376826
0.000001238198723511840393943706
0.000001323397935944919600416208
0.000001367612463718876904974586
0.000001379125893443705576360742
