0.000059188104191991646547878897
0.000075727013996294712124511539
0.000093682922098516115800258264
0.000112859298671154660098983613
0.000133052768356779500119602133
0.000154033757697664844613094637
0.000175528889418203926141640037
0.000197204549084399507596215839
0.000218651206538260118195787785
0.000239368737042494205032039378
0.000258754119209177451278042215
0.000276094383346948859907221685
0.000290569316765300583553510716
0.000301269805420928686763570870
0.000307238236665444228862265064
0.000307536440531401794422350360
0.000301343611793040413657229770
0.000288081256926872933399330634
0.000267554769384988262205526954
0.000240092867667574037891103922
0.000206658742535609685382624878
0.000168902764806034899136913396
0.000129128329460796129361452311
0.000090151324061149006885117207
0.000055049704245279952033106929
0.000026820672845176358388375945
0.000007985131791462387471016056
0.000000197496690961576946705185
0.000003928824463722852717315146
0.000018289020863539337763501585
0.000041038432008175396842591248
0.000068811778165132187314381729
0.000097541990478828004447475752
0.000123033706291682053786049056
0.000141602592548009171462622402
0.000150674021493681455953483894
0.000149228808239984137929204366
0.000137998747378046510928678581
0.000119351498136227541710385758
0.000096859671702946901041333949
0.000074614525837937484059256277
0.000056407590374763660499499163
0.000044948161898345075993335684
0.000041295939821846306164946500
0.000044656445383326167698247178
0.000052612382972862221193130483
0.000061759415959487004403605237
0.000068604455771549267785111570
0.000070499943855779182463709709
0.000066358343940243816046035963
0.000056934509789839127540025249
0.000044576290820222119737608474
0.000032498491487285101060426828
0.000023786460497251380092655071
0.000020432338975514094419521152
0.000022711098196859463935887158
0.000029105184955828420435884965
0.000036811897961697075489818920
0.000042672695071703360225438828
0.000044216533758711076471364237
0.000040465149148674001773791364
0.000032226926540816827604623435
0.000021782910880374700197297314
0.000012081183664570868528014350
0.000005727102314047479063112943
0.000004123960666320183606847836
0.000007057486265662751002123755
0.000012852334704681256171776918
0.000019022029210258132469633582
0.000023162355941665213610036744
0.000023763420619781296973249685
0.000020660733738329255699010464
0.000014988889798951026801677490
0.000008685738377373875573916363
0.000003751482592227716713538478
0.000001541049254470480737200006
0.000002337862527880464708573104
0.000005340344583253400893862756
0.000009036611401411769156871538
0.000011806257295330295132196503
0.000012518229112303755752545406
0.000010910899217553756286027897
0.000007632513006085190487718176
0.000003949412455195452651746969
0.000001247481015486037855057337
0.000000518042931671794367098547
0.000002013140176933694889085166
0.000005183618199880942497941028
0.000008906215694895949024057456
0.000011903000364385023327482363
0.000013194049115088065784258571
0.000012421775253052473830762611
0.000009939983588869768038414308
0.000006649863033145228570909395
0.000003655239318480739763511178
0.000001868713557013426261095177
0.000001709759440237603712143622
0.000002995081996206066007177021
0.000005047895081641762805271974
0.000006974144675043379334176182
0.000007998084082119366622094098
0.000007735214086458640101113052
0.000006310024310459678033964018
0.000004286177296561578981025972
0.000002444647055845900438674932
0.000001496457547652925861204768
0.000001834119903727292591854160
0.000003405717321286156001549804
0.000005747495804597315830007220
0.000008153681224025131505988781
0.000009916780182988030868077196
0.000010552818527894753907457083
0.000009938137812178209090250777
0.000008320481187194980044309969
0.000006212339125367692082007199
0.000004212373983906021025032038
0.000002819103007930557423907532
0.000002296048732488396949743279
0.000002624007475985177987676342
0.000003544387361001815296219141
0.000004669301400077981577143964
0.000005617706666826264392676678
0.000006135299156898920758859001
0.000006166668019569598214069551
0.000005865625398907261460294815
0.000005547357283205890603303319
0.000005599462685768308414834341
0.000006376046257393173215808398
0.000008100029956052953307812405
0.000010795148510121856054422805
0.000014262221459923063923420743
0.000018105437633546755471850020
0.000021804530215650166615143704
0.000024819079211474318302473388
0.000026703462169153142387453478
0.000027207158542795386712426220
0.000026336757847010728591325909
0.000024363479007938173209269275
0.000021771971723185883182839079
0.000019159861008028912775788891
0.000017109452063326061635418693
0.000016060150443468780963535494
0.000016210652794229817122992690
0.000017473679610538869261997588
0.000019494377451374656770111474
0.000021729080518605981654301287
0.000023567067674859964922923217
0.000024467525021579666119186242
0.000024079835891534874308880787
0.000022319044355926474641109783
0.000019379448538205785811496321
0.000015685152930120999835656229
0.000011792660275626066379182563
0.000008272329233866584197827285
0.000005599109906783001952665542
0.000004077448900908754603352423
0.000003812877849091839507116378
0.000004728176484995759791248125
0.000006610261470639538930807455
0.000009168698169841158363696509
0.000012088734347624780984743927
0.000015068931447400595854740554
0.000017842081340695602404474579
0.000020184507902550104393134267
0.000021921015294039725477236169
0.000022930785814894629745042468
0.000023155311900351823188766442
0.000022605453027044217440217136
0.000021362858931101939830281972
0.000019571924103089700415361932
0.000017421431968259367946503385
0.000015118608604331100787594548
0.000012860900728497876721470941
0.000010811485862283950343124342
0.000009083244931051504003302090
0.000007733348104151984965613092
0.000006767745478418412706576694
0.000006152654209977363996284319
0.000005829137328098904337141638
0.000005727124372004648177503401
