0.000001754711986169789208624245
0.000001695938920556681995147432
0.000001632264676624497064285333
0.000001585911923284309869996316
0.000001574894603877286804286288
0.000001610559786905399772390319
0.000001696255098685361597528982
0.000001827247262342575673919214
0.000001991841106502252807427785
0.000002173468988232729688696515
0.000002353379811774210053924774
0.000002513487513548564868489559
0.000002638954086868225448579564
0.000002720171162619794777713699
0.000002753936248591942407952255
0.000002743755660578677218856825
0.000002699312554898702111439140
0.000002635200522350426609395190
0.000002569050208610590799618734
0.000002519196521009627308959958
0.000002502078958721373333950935
0.000002529652994169978394596848
0.000002607199633650001270156887
0.000002732001844309005849048382
0.000002893339841305504771582597
0.000003074084244733638051022637
0.000003253828106507771872031934
0.000003413061137126004130834533
0.000003537488240617803089650348
0.000003621397781017697548711478
0.000003669126600654102646431685
0.000003694177637584042571758250
0.000003716303489453050555883437
0.000003757621674397556486802927
0.000003839261516221672309906628
0.000003979906905362130047575618
0.000004196826334468020659968033
0.000004508760174667329492196200
0.000004938788784700009221336446
0.000005514569683365937643733205
0.000006263563113447175766590122
0.000007202240319290285479889371
0.000008320561482172805141421280
0.000009565594876854248814141216
0.000010830150485570290278588418
0.000011952855562154724011606800
0.000012734644547957297931869633
0.000012973142833753606255591667
0.000012511489643462575066480344
0.000011292905547849128313712269
0.000009408190658005209013070060
0.000007121703820826646371842852
0.000004863154314499405073265667
0.000003177947564329585869550036
0.000002637215569207294340345164
0.000003718569587693598185306355
0.000006678002943441178418729209
0.000011440025847222561300019911
0.000017535089869941675785186552
0.000024109440859930087092989626
0.000030022574898892066851737587
0.000034032531204038325657514757
0.000035051550957221638707504013
0.000032437209804816370824730176
0.000026270384042366105853535604
0.000017564471640368280359748368
0.000008352445765007707743129289
0.000001610518979172480048573258
0.000000998751364168828745400668
0.000010427456425579596181046904
0.000033489850676961974856610943
0.000072831094621121397997103031
0.000129546303825777792085791051
0.000202710277142032049878597744
0.000289135884313784839814293059
0.000383434715593459476620785686
0.000478414001653085848176499839
0.000565792422345398854192921601
0.000637161678711605059151346087
0.000685070172900291061122979297
0.000704070012558304439420631127
0.000691557643801093686712622155
0.000648257044329920550235213383
0.000578242660377269223140328513
0.000488471128577765384241871072
0.000387874581495715911420851807
0.000286148435714898147219642510
0.000192426613668216899824189858
0.000114063548744487724571558540
0.000055727619301092833439294216
0.000018955799208671072374936609
0.000002234057034403050168207489
0.000001569256944515910658444007
0.000011426471016837592438843488
0.000025840149356798833426640885
0.000039482383731455342385820162
0.000048491489087984447669057997
0.000050924080062279406444416402
0.000046779532341338782948023112
0.000037637431620110121672628106
0.000026025771747919573719919767
0.000014683820203753148280335743
0.000005890175558673683856112518
0.000000994697353658428580917340
0.000000232745746092834113060322
0.000002827648596756980991086088
0.000007320454406124113656546652
0.000012020095951458518142101160
0.000015451112180468210905359347
0.000016691071323669704487774670
0.000015529164372757019862850494
0.000012429061247046641725628666
0.000008329083920756658469320734
0.000004348857641374439343467592
0.000001486360011724108101522604
0.000000381380330830529116205817
0.000001195425662214051729017456
0.000003622792644397127015816170
0.000007013013202754785822791092
0.000010559923344669972864319323
0.000013502376457061072910731218
0.000015286769114362735392381731
0.000015658552536197264736872806
0.000014672576097350733403826620
0.000012633639959216876272481665
0.000009993561996493345990586615
0.000007236604385941228530080595
0.000004781512885231377983749797
0.000002918417622740756206057081
0.000001786402592865980267937192
0.000001386518576159517717952133
0.000001618013502913989702821067
0.000002323469553501241334540978
0.000003330638941231706757274992
0.000004483320760834995601020348
0.000005658652599010123977773569
0.000006772174908334910230852006
0.000007774226704890371732886711
0.000008641696717085409342818184
0.000009368449458719793778273613
0.000009956585013054567817559690
0.000010409634726939408889230185
0.000010728102655347216415749993
0.000010907414769686318248721052
0.000010938162758491796171115076
0.000010808352614891884174719294
0.000010507115637285792758234305
0.000010029058372355614518907883
0.000009378240773678749356810636
0.000008570796830689307683136778
0.000007635495020524785331813428
0.000006612021808596798964257138
0.000005547322287380824613423156
0.000004490781101725826985303358
0.000003489241556160198873200477
0.000002582790493199389223008978
0.000001801926791369586675474555
0.000001166302618553900813082530
0.000000684826952884350181234856
0.000000356672170425723378690266
0.000000172682020737670171396522
0.000000116818972037378001955505
0.000000167524196752109466864597
0.000000299083647427951799425706
0.000000483207184431385726753878
0.000000690994286541008048349588
0.000000895300558387011830942302
0.000001073302983522475415861645
0.000001208876006255578189411666
0.000001294307838695830465414725
0.000001330940880840726463818003
0.000001328499048490877409433599
0.000001303117437436238384187688
0.000001274347672624498279233185
0.000001261612232332768357263527
0.000001280682479686539417394644
0.000001340747683104426666268684
0.000001442542411103042149838542
0.000001577839907393915616173972
0.000001730434980402470911337639
