0.000002021131019606010553279866
0.000002058415648706305696522944
0.000002092505636490324913456026
0.000002100403518680563541478484
0.000002064342107932568704523795
0.000001974009719651127215398530
0.000001827854012259065391804522
0.000001633310727617856055935135
0.000001405824842437912287909326
0.000001166629792118262367662043
0.000000939442260659952425622295
0.000000746489699308801824992018
0.000000604546852143701163847590
0.000000521821315414084499392225
0.000000496505467212663567449192
0.000000517551859722797346915568
0.000000567749843929002176424158
0.000000628580718781961062226952
0.000000685766385178260619675497
0.000000734078863339403955650363
0.000000779981363891849561056446
0.000000841071464250126622582316
0.000000942024707282959815427556
0.000001107623905681555947450663
0.000001354284707401060785825512
0.000001682042543854696060097887
0.000002069109236210530315235989
0.000002470796216102595126086656
0.000002823886194213903639844542
0.000003056532724291615651403525
0.000003102627091723238094886882
0.000002918456822949097831696808
0.000002498563005783392446351558
0.000001887173410350748520384343
0.000001181641918147376593543375
0.000000525129501808180215307134
0.000000087389862557245736927018
0.000000034876203688778336621729
0.000000494148908763502393214030
0.000001515208295580635191793619
0.000003043226399048016690517112
0.000004907501614809060621626678
0.000006834728533824155463681851
0.000008489587628568503538807437
0.000009539455245176204942572119
0.000009732665226436245544511770
0.000008972970530466024751347319
0.000007369025921140674799088635
0.000005239241649991377051216387
0.000003060698320727537375150274
0.000001365394031466689885701655
0.000000604663982866815303938860
0.000001017573728743041014413125
0.000002545097605132760649072204
0.000004824394333042479984146114
0.000007276210927112103366270340
0.000009268628622878974067855404
0.000010311783993214318770788307
0.000010221911670818265696950543
0.000009196974699915424093028989
0.000007771280119365143215478045
0.000006655633245082421031019442
0.000006509447479293739014774480
0.000007717180299594060834101304
0.000010243298910069293544168600
0.000013616080936136361554116177
0.000017048792458190431320158229
0.000019661640549770960449248863
0.000020735046373299322042260684
0.000019915317578461448047490862
0.000017310354219393869843607314
0.000013449219037035026761079184
0.000009122554357648329223040920
0.000005156677820773751590123155
0.000002191777236021476873002690
0.000000529575954613947051511681
0.000000091162920680900730517108
0.000000490151535395840454226158
0.000001191311128678213623430129
0.000001700692447464420859213957
0.000001726576611135818008723169
0.000001262454438315880487017509
0.000000569447620180881823957330
0.000000067888099917704446988249
0.000000176335680082369218122987
0.000001152456900310202221330755
0.000002988916578609285284876332
0.000005399033652478680333293599
0.000007897119520720012557216984
0.000009946707979786808298235459
0.000011126807457217016803126264
0.000011259851338125331920579815
0.000010457807528334143749165763
0.000009070991153289975422128327
0.000007558071857366259992117019
0.000006323759281732717712457177
0.000005582602444156135805910547
0.000005298580592886533779191285
0.000005223295363424157512787817
0.000005019754501401334171998593
0.000004426581967402253000112584
0.000003400658040582384434175880
0.000002181225305403060806572028
0.000001244379697491714738131130
0.000001155212578132046785653526
0.000002362661197569821095885913
0.000005006096614914057836890314
0.000008803869097224597270803792
0.000013070962571037043025009780
0.000016872314266736417314330315
0.000019273170608240351183272979
0.000019613080912190959019872349
0.000017717891320726644234246488
0.000013979450532595079890758188
0.000009271715463201101261898202
0.000004722557684572324624848634
0.000001406536451626680698381660
0.000000049991058299874094338008
0.000000837034019639841957339957
0.000003373902291562855883548175
0.000006819685048890385872918853
0.000010139974630869078660224541
0.000012403433323628670795039930
0.000013031353648090391827399533
0.000011929436908412750819306371
0.000009471652925633445652478515
0.000006353563387118747979136202
0.000003370714261935396414108937
0.000001194739751759988519516512
0.000000212049021587099121145223
0.000000462674493797022897167471
0.000001681490792549110037577506
0.000003413348675735893820337068
0.000005157028535316169224277626
0.000006493280953818996993577237
0.000007166173726247957754002717
0.000007107102730537556387632823
0.000006409250545594743601613818
0.000005271579180981446834824457
0.000003934051447535658455111150
0.000002621500530374427770017014
0.000001505952372209229721416210
0.000000689685022901275903320730
0.000000206000930868462090370504
0.000000032129993044119456341909
0.000000108304171774443811663714
0.000000357904426308041805362915
0.000000704913410035357973069026
0.000001086319839552445635664710
0.000001458486896432861783826041
0.000001797758575741038994445808
0.000002096617936881178771301067
0.000002357364402634104019187370
0.000002585421914021212597427270
0.000002784032944477079039852360
0.000002951386262802238621933771
0.000003080405700944460058941224
0.000003160723760895655897449653
0.000003181927484429897745669665
0.000003137035237006486173205397
0.000003025291723394548168554405
0.000002853657564501183997160210
0.000002636719115612030943016347
0.000002395078015154536214093928
0.000002152552830166175725033068
0.000001932714561806156753059199
0.000001755372889838865616465705
0.000001633625558623415909627764
0.000001571980605464902711130692
0.000001565873854020771507245999
0.000001602662328384300601799356
0.000001663922309191082583973409
0.000001728667570152593362732855
0.000001776968726300027692828628
0.000001793417572821337205069047
0.000001769934532642970530285026
0.000001707536346696363238519944
0.000001616830200213401683005015
0.000001517150223410001233731795
0.000001434387959026930171415920
