0.000003054844060941573802194903
0.000002961271181799375792345012
0.000002823087344381302002285609
0.000002648209105198197031163457
0.000002446601922261515905043187
0.000002228770016512203599600046
0.000002004698950910741948731094
0.000001783371847476208901442504
0.000001572742848676033295052994
0.000001379910605885556373526556
0.000001211241731436600609352560
0.000001072331843492370811896054
0.000000967880714198606149066030
0.000000901689542457917183980584
0.000000876972616874362052358976
0.000000896987639061745100905847
0.000000965694079962926258433849
0.000001087891361602839168288182
0.000001268238361164178189122577
0.000001508826887694371857271021
0.000001805555605690491644788292
0.000002144245624265145937453574
0.000002497958525106042018665677
0.000002827035182831440904738414
0.000003082840906713730177811763
0.000003215203327904264465095067
0.000003182412032012892515772228
0.000002961826068147693187873875
0.000002558871144281409025321569
0.000002012477006637289825551626
0.000001395529689254229567261568
0.000000809381885771938467901863
0.000000371805484870975996321675
0.000000198280212589365234307758
0.000000377701344006843184683163
0.000000945764391795880852474381
0.000001862093669733172172862912
0.000002999436955966936326281602
0.000004153257359034535773343634
0.000005076430431037155276206667
0.000005536386874061142731489379
0.000005382697274524541460277802
0.000004605227280732355947068333
0.000003360598022710361515392801
0.000001950551599779432818950950
0.000000749835884714307484744827
0.000000099621494287668860832704
0.000000198577221075747985571617
0.000001030276619766188631193457
0.000002357830743529690286156009
0.000003795028016238780353480350
0.000004934469214903570134463963
0.000005488308507364214934999124
0.000005387603705486164812278778
0.000004798379289363218976342731
0.000004043962871429913525397719
0.000003462417262663569658909463
0.000003258158385942154447597555
0.000003413269277218640632815504
0.000003701084799671072482951575
0.000003800095520015727385774442
0.000003459051478179630286066606
0.000002636548200478597348467074
0.000001545305023566852616534115
0.000000572413820843695917213619
0.000000105027732113630025540664
0.000000339478601007497327371047
0.000001166374150793512535858221
0.000002195093247869881790206546
0.000002918875053028366865483191
0.000002953647538667984844267412
0.000002241865275250792065406431
0.000001118830877189015056777052
0.000000194207497159568953088148
0.000000084022356931602070533876
0.000001102737070345622105152147
0.000003056522627933376841646027
0.000005249942413987278657695745
0.000006736312865635747953888066
0.000006737970420819070236978163
0.000005078944630238993829891760
0.000002445956395173532770307388
0.000000340044430066437607107499
0.000000687803789076713323764325
0.000005210708810381087238770663
0.000014754582377732533646913504
0.000028817486787801439114195534
0.000045465154052408863084161483
0.000061701790855844460253337713
0.000074211286214188198649341355
0.000080253182517676257710578791
0.000078436480172124940649439062
0.000069125794418195776898893035
0.000054349205150735176226943490
0.000037236359056712659974970603
0.000021164375608859600162410877
0.000008877242101113199645979167
0.000001843027623365894000225613
0.000000025538936990130419437161
0.000002105953741053928098930477
0.000006045645528418319250324627
0.000009782747504161518918770236
0.000011832367531649065734117125
0.000011615835122646774829982021
0.000009452638120581593290589484
0.000006267913980361112220667484
0.000003156194709659372509761958
0.000000971088411677972478610482
0.000000076829154875541411482976
0.000000320284116598515659415789
0.000001194179281281612887692547
0.000002097484125611062426086184
0.000002578328346284671748251836
0.000002470596144438166857210375
0.000001891451800112784849952955
0.000001127467230925535253497618
0.000000477060447186749739737876
0.000000123107694139309491868149
0.000000083938663164395175129706
0.000000248642418092183778375448
0.000000464170632322038349429165
0.000000623494147406673106007430
0.000000711572513647339552099794
0.000000792490234828147473790426
0.000000952243888607982598331681
0.000001232300675735451235889980
0.000001590611425134508734064321
0.000001910397779343541790566694
0.000002052090260254224277525637
0.000001922679380283745855932968
0.000001528941432231413462213042
0.000000989079438889931499391886
0.000000496489559407891213092616
0.000000250365880702699666115010
0.000000381471186810311158783013
0.000000902407896603851465316449
0.000001700699339728170415061287
0.000002575461743565335177993340
0.000003302065678894395555096957
0.000003700344000924356372425952
0.000003683232718887493640120027
0.000003272445696443594498434727
0.000002580958633617820447152431
0.000001773118037470743759483494
0.000001018283494474359102238930
0.000000452353935435447387023025
0.000000155463838991372539247653
0.000000147038279355322091693719
0.000000394233911437567853261260
0.000000827823823307378365023135
0.000001360268294845330936356019
0.000001902546867333988125445677
0.000002377934143329908750984746
0.000002731724721602240245343918
0.000002936212993878827133239270
0.000002990590026775341596007845
0.000002916168986447357559956385
0.000002748343310494795349607257
0.000002527442835221414193380566
0.000002290752845520720378544397
0.000002067312606913859059993210
0.000001876010837007886452882516
0.000001726431327334924799131325
0.000001621271733142940937291623
0.000001559095907724279351293803
0.000001536548095083136816042064
0.000001549679985732262407169832
0.000001594468619561966261772537
0.000001666812878401749413012005
0.000001762305330426344831981590
0.000001875979411849015508808041
0.000002002127649857105959378895
0.000002134228546486591457137690
0.000002265009714927764291724898
0.000002386684127807668437463691
0.000002491393410933397279001782
0.000002571861035240852651895379
0.000002622202624339844710595624
0.000002638777756772507846589303
0.000002620919963980794978428319
