0.000000384109075844481415378353
0.000000343941424009391238267400
0.000000486012625571127888243436
0.000000791040759776317311541955
0.000001236520607301729694985494
0.000001797678252580810968045853
0.000002448282782423622706987308
0.000003161304987842420114883737
0.000003909435753483323556405678
0.000004665493964019193947993791
0.000005402764458600810420509618
0.000006095310926343321023706309
0.000006718307506988076244864791
0.000007248427596664665559884552
0.000007664320506909444127071479
0.000007947197547382329080875932
0.000008081539572732945674688951
0.000008055927898330730372428686
0.000007863988513417296448773652
0.000007505423551096326863186440
0.000006987081519941762537369897
0.000006323987031352851904031538
0.000005540211802674055427734255
0.000004669424993598776119638812
0.000003754920060506616085534322
0.000002848889150884507566599069
0.000002010719449357276175665730
0.000001304133885975047501203875
0.000000793102411551927554068031
0.000000536612192330234266500347
0.000000582595217040776963141741
0.000000961544263360443407791353
0.000001680562811556470723445733
0.000002718741791130226646833190
0.000004024786223954934449788430
0.000005517689825622496753204822
0.000007090961355247847830397465
0.000008620462058850947187176039
0.000009975374116610959726158397
0.000011031271227554995969068544
0.000011683806114159913676743899
0.000011861262945013783758996077
0.000011534215420517790462711510
0.000010720807823931475377806852
0.000009486706296343964961177014
0.000007939469651550715503796063
0.000006217847483566900917289783
0.000004477203182376057208704829
0.000002872773720559818272038020
0.000001542749026471745505073802
0.000000593162835026274815825920
0.000000086360319626800919552879
0.000000034400627763409091809960
0.000000398227420145280812644085
0.000001092849970531752400710701
0.000001998155305109966220256145
0.000002974339366801603519799291
0.000003880327026511415971425471
0.000004592995283021231564719606
0.000005024606338877128076882052
0.000005135716365226598024138795
0.000004941080701702457326834547
0.000004506824342255618648486921
0.000003938404235669004057370911
0.000003360551560425244103301164
0.000002892203974379558256539453
0.000002621059131044601224973896
0.000002583385143773685516045864
0.000002754732439725481712153917
0.000003055969035125105556218936
0.000003376606792566702379095652
0.000003613983816306189908234767
0.000003723075886440294464873810
0.000003768279926319009774432402
0.000003966251717013944403560435
0.000004708475698137179994771755
0.000006554092625235157832958716
0.000010187586463094673090061873
0.000016341738579941588968037769
0.000025692873273372360796735353
0.000038741641869188653236281278
0.000055697161525324676413593178
0.000076384173335601330667027353
0.000100191378378369099931208264
0.000126074213901843285891291035
0.000152617660779237390364371230
0.000178155418970081790572615454
0.000200932517499022278949227793
0.000219290796677681449006538927
0.000231852141788853880529502893
0.000237673774576116475900147695
0.000236353531684371136536992886
0.000228070325973457404492711342
0.000213554677269134948313505928
0.000193994651282852639904291658
0.000170891968403437898536834094
0.000145889856490752383875661446
0.000120597344709460070318399194
0.000096433741833332179316413957
0.000074512367372351365158930636
0.000055575208731501777952542509
0.000039981493058584787305201336
0.000027744758541937691046158979
0.000018606295266610055609991098
0.000012128796438483066937323758
0.000007793146471530245684858698
0.000005083303335166465715400097
0.000003548525031830447883140003
0.000002837723709804214038544649
0.000002706373768576878317273452
0.000003001132835878150973546712
0.000003630427814425648345416980
0.000004530376335474473220609522
0.000005634628452357920224509089
0.000006854437938264266812660348
0.000008072140439710362509371198
0.000009147931749011854209423927
0.000009937038257412098547316330
0.000010312509362377013328931560
0.000010188156605302849168370218
0.000009536591266473456443217294
0.000008398642320410399885713577
0.000006882309864328714369210993
0.000005151418799152143672523581
0.000003405911083423347431769004
0.000001856975284905888066890999
0.000000700812463937702663678629
0.000000094766151112192896884298
0.000000138905386699265226637358
0.000000865125585206944486266331
0.000002234637353567138146802568
0.000004143553036559505830843837
0.000006435315935447230776384440
0.000008918047049034586779936266
0.000011384542979954863801137291
0.000013632625535587393332016826
0.000015483760999598447801427203
0.000016798261198675468777426548
0.000017485876411654508111792258
0.000017511130522710907457799995
0.000016893285033687105423354929
0.000015701316106298035849778844
0.000014044719810123491520966778
0.000012061299296825499701986233
0.000009903308505617040155490256
0.000007723408642560096554695835
0.000005661824035817636447992691
0.000003835867036301788784275445
0.000002332661481753869120236511
0.000001205474531602078409669651
0.000000473624924424562132360792
0.000000125533422373091237791477
0.000000124172396902782315521342
0.000000413992560257950264154429
0.000000928368368867803892622019
0.000001596697696760814314599934
0.000002350484037267835412169346
0.000003127976982298154425362778
0.000003877203182803625703344540
0.000004557446162632917560587811
0.000005139402561210855037020402
0.000005604342829901330407178003
0.000005942638074543751439777692
0.000006151993738844151844106373
0.000006235672669535235175075454
0.000006200913117438077222672282
0.000006057667081955758895718284
0.000005817712213180271852341809
0.000005494132395025263111134825
0.000005101120050519445340154578
0.000004654026117076195286884240
0.000004169569010138304269617263
0.000003666108866241304135104350
0.000003163895479152437673921443
0.000002685205887158626405066073
0.000002254299508719687550502286
0.000001897134510328669373559044
0.000001640808368606658439273769
0.000001512707933460370470659761
0.000001539379035780096066984976
