0.000046028111579825362878123918
0.000052166261869575904729350729
0.000058936199172355521660321420
0.000066360573500446210577947970
0.000074460368691265684101474043
0.000083253099433407576975170461
0.000092750890806397862228468987
0.000102958224735197342663249598
0.000113869175253898772008295803
0.000125464019375996050460406184
0.000137705202285292259943572102
0.000150532751107167010740095492
0.000163859363327724654336298160
0.000177565532308191880968631371
0.000191495197737894060768804039
0.000205452505161539400457826332
0.000219200307315351242132273057
0.000232461024577936334464464685
0.000244920391387057291478906995
0.000256234447340652463000892913
0.000266039893949698911905510368
0.000273967650438115654931703347
0.000279659135095142456946260001
0.000282784510094521318070148741
0.000283061895925581260939629669
0.000280276417972179692130602069
0.000274297908140158565749172626
0.000265096142915335311780744565
0.000252752627086697478301507980
0.000237468083817502618277847648
0.000219564937399837359572121742
0.000199484140768145583278922461
0.000177775706263227125780018723
0.000155082293485072849909683912
0.000132115287510274815761454614
0.000109623087059504479819430078
0.000088351928311724048955948241
0.000069000550467919276906129944
0.000052171313679696589623181052
0.000038321826666226840049731678
0.000027722424048917422968827534
0.000020425571394553618975080747
0.000016253101692637443191407839
0.000014805854355777430241556183
0.000015497771950122620068313398
0.000017613067058438604370503022
0.000020381233700310748068558128
0.000023061170021110988367571415
0.000025023273656174195637936705
0.000025817706186669390176768868
0.000025218432146255447521849408
0.000023236038343142214956460814
0.000020097211902212727051243377
0.000016194230634826867475410325
0.000012012851725924156894714789
0.000008050578872154279494216707
0.000004738720356016219607613819
0.000002380633370016492841988662
0.000001115297230201345500297618
0.000000910537980475465775887889
0.000001584812464461151371028979
0.000002851516163373398391985610
0.000004376235619052653533526606
0.000005835828675736529913011495
0.000006968855544218179577328244
0.000007609426875840052249984607
0.000007700346311417597997103952
0.000007285662443721626966945931
0.000006486547610278933221792611
0.000005467085342469108986669744
0.000004397660438368085903315316
0.000003423140517310803290025514
0.000002641182839144430041599223
0.000002093310370920224707614937
0.000001768511212003202526777909
0.000001616637267479197972601173
0.000001567274980973021359474261
0.000001549264918340185521208842
0.000001506631266099207065020855
0.000001408091962027175968080500
0.000001249149390220707188985864
0.000001047557246648738782569430
0.000000834326146670790566543395
0.000000643114735000110660375846
0.000000500785347277332809861998
0.000000421196781116583294705377
0.000000403211640328887106242482
0.000000432725474665470671556584
0.000000487573864157548186390868
0.000000543646642041175088072504
0.000000580509652604578193156018
0.000000585242250179456927264960
0.000000553876446952166894303546
0.000000490554147119301431188452
0.000000405097749350959401290685
0.000000309978292899497769480885
0.000000217623173832726436517816
0.000000138690019605034386076069
0.000000081475458772322021204149
0.000000052187280875007374315690
0.000000055526207874001563267000
0.000000094980031374810756442727
0.000000172429051927370569391828
0.000000287021857539827648083064
0.000000433677340772001434070237
0.000000601862920145265378028018
0.000000775380038534141971892253
0.000000933708589181481869248851
0.000001055052850875467131532091
0.000001120696525147750197609403
0.000001119764386335762845810378
0.000001053161221592526199111674
0.000000935437347943124734309594
0.000000793663341635937008088466
0.000000663040976647856676908768
0.000000579798724866204235017493
0.000000572720814389376755063586
0.000000655223115547406355164202
0.000000820038316680399499509146
0.000001038216016163835589997014
0.000001263310426128695814867705
0.000001440475090514590801317159
0.000001518964385401995340619239
0.000001465551886044241539845505
0.000001275882062606120765494203
0.000000980939041905722440556478
0.000000646657423477976791800249
0.000000366062188320995185314286
0.000000244916401213119967661451
0.000000383313843431249328589614
0.000000856633249681165150731714
0.000001699531248402659610504122
0.000002896121292457557295471930
0.000004378284428976912660998449
0.000006032463895729109286500576
0.000007713677257490837301141806
0.000009264198996674459643052915
0.000010533687188039321966869476
0.000011397553298404200457010979
0.000011771029316994874582501772
0.000011617450238232890287774432
0.000010950445296153502061121954
0.000009830731650335776560163149
0.000008358830031173332275758713
0.000006665206189573501072240681
0.000004899152742601749490019940
0.000003217327943437157860358429
0.000001772459052224650375781802
0.000000702461915229645842132422
0.000000120203937672202956724263
0.000000104320673035643387832475
0.000000691776441433166374222964
0.000001873084470515873667292297
0.000003591133126204048867601525
0.000005744324394265728185517313
0.000008194228917087102102281490
0.000010777293488732691352548557
0.000013319453119760478883000857
0.000015651963805000347406759867
0.000017626513662575124714599478
0.000019127751749936268974624370
0.000020081777912470645465654873
0.000020459774505540690272067939
0.000020276697915217463359183539
0.000019585640680207833417636812
0.000018469003181170105505962131
0.000017027903550472192509106228
0.000015371287898479632028428399
0.000013606013470547637922154587
0.000011828833902368604693395790
0.000010120802550616388290529585
0.000008544206811942967589690139
0.000007141814409810023567205979
0.000005937986662258486341716378
0.000004941102235930806797162967
0.000004146725167730012764682936
0.000003541017132999109618589698
0.000003104005281012335176082277
0.000002812444484331958104774427
0.000002642133698734265468842288
