0.000063827305340929363602735236
0.000068547184028360766579190955
0.000073683771954902675931781131
0.000079442572361178583170877865
0.000086005629795072891527821235
0.000093523680077710718270590784
0.000102108470645125105143342925
0.000111824853520241075470996461
0.000122682556633013298144976866
0.000134627713346755970274387648
0.000147534310493610776272507823
0.000161195795301723556521705794
0.000175317287207774817571134807
0.000189509282420191539804410485
0.000203284450245205756740637937
0.000216059998557119884365559925
0.000227168870245282334546788050
0.000235883337904123970571804159
0.000241453985229937950719378281
0.000243165329495974931635349225
0.000240406469703233096994743345
0.000232751542364284405659674571
0.000220041187290882810957681759
0.000202453604400597801790326336
0.000180552953737300373284260790
0.000155304255471864246888891170
0.000128047446439625667129191822
0.000100428142820991694959126272
0.000074287913521154665770149239
0.000051521498776336445966396449
0.000033911829354329991179691633
0.000022955907988329685186831147
0.000019696074778685843391541621
0.000024572474468247762984613944
0.000037313908921122557150670818
0.000056885230602592917411881174
0.000081508816593475733503111613
0.000108773873556842717207418514
0.000135839037177165437852988106
0.000159720616273012407538428592
0.000177642117338621530328243714
0.000187403293092496556291465248
0.000187713115116087394737554028
0.000178425390938661936057751944
0.000160621968971411333481844053
0.000136508142977923908369108918
0.000109116324583783831495865935
0.000081852132240934269142955404
0.000057953724909962324376034443
0.000039961256914018534699452323
0.000029300674902043059247974677
0.000026070300643829949965640455
0.000029080829596296829664663769
0.000036146606916704883622273869
0.000044570162898939795406011433
0.000051716790140066030772528910
0.000055553475804902450953422222
0.000055033570285150245780716322
0.000050244512497232960877239366
0.000042292408528777512474999128
0.000032960265927523880492844288
0.000024230208574890052568772889
0.000017790343369948096509955762
0.000014646485174414609160484235
0.000014928183735565043438573048
0.000017925942350346859427423496
0.000022336325044664118432422364
0.000026639738901188892220006643
0.000029505425132999919563426411
0.000030116859635064704655595114
0.000028337664216908220454890430
0.000024684994222211516392119848
0.000020130783634764438082016130
0.000015796441788671586629530519
0.000012631606641471792434883170
0.000011166363518157432452326296
0.000011400425392113354116350489
0.000012850492343977657183325472
0.000014731022010988035217740610
0.000016207194040529225337494978
0.000016641961977317996180863666
0.000015765754910532291615090153
0.000013724600347536404312018092
0.000011001234563608098431571752
0.000008242072993272638739364021
0.000006049235942654460614976205
0.000004803708738833496084280356
0.000004571917623613491868167155
0.000005118716918448855857266822
0.000006014855258804387285820683
0.000006797696859504327530074937
0.000007129403136328889581082354
0.000006900964224914762871619829
0.000006251222107782807741480167
0.000005499830909978911368403941
0.000005021743484362377111759109
0.000005108860751000286237516381
0.000005866396673211800128031491
0.000007177387663472018343793768
0.000008744091895301286007885326
0.000010188593160842620668799126
0.000011175764799958735949778760
0.000011516014716855368558122430
0.000011214240349335967007857358
0.000010451421790610466869622663
0.000009508955664249480038414768
0.000008664943442246155898517172
0.000008099866347753173384288634
0.000007844040950492459329497844
0.000007783191757146092784147400
0.000007717310151160758252314627
0.000007449164264376460977822459
0.000006868850480850445155208295
0.000006002934616786319262711925
0.000005010078426668968822315503
0.000004124761201877033219877211
0.000003569753427783232986586623
0.000003469580946440077146134028
0.000003797169118197247964196757
0.000004374162818592270840381640
0.000004926274177238795936467110
0.000005175337481013550978861757
0.000004936667483115995644935101
0.000004188482490049316390578072
0.000003090018330123487935804641
0.000001942642087847144474624730
0.000001107138629369522361028575
0.000000903644151642660500451938
0.000001524202300963062096429441
0.000002981374979721825308062125
0.000005103257371048619231879585
0.000007571096161075514016213645
0.000009985476343947078330760478
0.000011943250833304641661406290
0.000013109470777673080114011581
0.000013273745185541406066496301
0.000012385507240387140057038921
0.000010565686017387422606554973
0.000008093436794647362446950348
0.000005367579759017719106671974
0.000002845085897412942604135832
0.000000963883616680253708906031
0.000000063069573976287668150037
0.000000317549770902320211247115
0.000001703535248937830684102927
0.000004005102556458970253087156
0.000006861554151559072130814928
0.000009843978218075802330100203
0.000012541268271976447183668237
0.000014633895551249071138085606
0.000015938563135856473931264640
0.000016416580558906792463485028
0.000016149766590421757271470518
0.000015296133105564273962397037
0.000014041031831353038955545985
0.000012557449829546023332017129
0.000010983274736693145895178453
0.000009416273641809819769203649
0.000007921845723874841948912960
0.000006545935928443619287629088
0.000005326069930996688955556276
0.000004296339278797516484189635
0.000003485788861389590135740277
0.000002912585334488159723555570
0.000002577705615897855817624179
0.000002461558497176460231088387
0.000002525427543317457000453512
0.000002717678344337087397504949
0.000002983042607633349976419814
0.000003272436873013799045565317
0.000003550806973464619747986792
0.000003801231873204143010288149
0.000004024633870523287442226221
0.000004235568035115638560255628
0.000004455425081855226691104465
0.000004704828719571697193569271
0.000004997015526667294638076162
0.000005333620402958945646882012
0.000005703674431420368282682348
0.000006085893579242498904757503
