0.000172472782188708021258727321
0.000168386747706014531806434364
0.000165040142004519639574652845
0.000162519593222486074222954411
0.000160903110594525617337013923
0.000160254959781306704873216074
0.000160619649569645984651944381
0.000162015416931029360148031060
0.000164427660057655996303851986
0.000167802820517755834836548523
0.000172043253343297653911586620
0.000177003642839197359269698406
0.000182489515448716404458912033
0.000188258361134375915490676845
0.000194023793260302641807552027
0.000199463046985145955446866450
0.000204227933801301116990833950
0.000207959136041656393557516824
0.000210303447397138985018594237
0.000210933258937174498807987089
0.000209567278071621794065942934
0.000205991180924834074630197511
0.000200076672514890713510532505
0.000191797301489276584857829322
0.000181239381587592772362288462
0.000168606536787458278483717300
0.000154216723774549369736439064
0.000138491088082572295393790629
0.000121934651776492872731448569
0.000105109562040639045103589122
0.000088602383721475292538416468
0.000072987614111173844031431324
0.000058790150344091598425162737
0.000046449770700220854911886154
0.000036290740738441823248425222
0.000028499391254087745069386792
0.000023111940238549022420475043
0.000020013985682586092254954882
0.000018952055947895134847607998
0.000019556473195797101350106723
0.000021373682865984705461608051
0.000023905250055263234376656811
0.000026650030130404455308481410
0.000029145667398383268858509665
0.000031005606542211650966233555
0.000031948218928280675596009103
0.000031815409695977975399350940
0.000030579104509311096733378821
0.000028335211712460844701378174
0.000025285894772475465540773759
0.000021712146044016599919987409
0.000017939609420005716644910820
0.000014301259184985501597491518
0.000011100836447949314136907084
0.000008580838565211270447998654
0.000006898355001455783793318927
0.000006111188552637050951609182
0.000006175574635822577625209918
0.000006955526402541364589351188
0.000008242525828157525632881863
0.000009783097255511349001782552
0.000011310881611704948134454994
0.000012579295767872862782995463
0.000013390792068412083433491359
0.000013619154447679029481979400
0.000013222144678380344553201599
0.000012243047880536850720778128
0.000010801109506885220776207200
0.000009072319331791863441399361
0.000007263282358904056201722062
0.000005581839335271547469547078
0.000004208522430955885014090476
0.000003272783734789588337921401
0.000002837225990322684997691372
0.000002891890238615273886626329
0.000003359179850362314451390003
0.000004108440305765614773041497
0.000004977802153951979998423600
0.000005799845858233985282045343
0.000006427124385158125480829294
0.000006753665797663197725567760
0.000006729262755260848654563326
0.000006364533023432554152784991
0.000005726219564344168696243872
0.000004923754101344294780285941
0.000004089484261387023707407309
0.000003355938760487652453121284
0.000002833919272913473484269481
0.000002594994935601473946487497
0.000002661173251393319841691604
0.000003003265874565235025469125
0.000003547972822889912764769259
0.000004192228867709758624040227
0.000004822143965862083971214962
0.000005333132571828921172853340
0.000005647689278171684696197574
0.000005727750655311050688878877
0.000005579596797917699253722881
0.000005250608664072048888961895
0.000004818664861842124849829454
0.000004376271797590745346432945
0.000004012440392069279560373699
0.000003795688011364829538918722
0.000003761293301870304373111902
0.000003905113507810326849806985
0.000004185040738040893826808243
0.000004529752840394484682674629
0.000004853066871853656702950029
0.000005071175107949752900934892
0.000005119521958977838652202121
0.000004966157971512527877038217
0.000004619066431469006641600400
0.000004126074079884197226748312
0.000003567321926084993240316538
0.000003041632779319088139259814
0.000002649219691176804938100714
0.000002473834174714845426620077
0.000002567541001971077063194271
0.000002940819711262669048767310
0.000003559729485739485284334638
0.000004350617013246014043220591
0.000005211528914978186316682169
0.000006028348809588954581109316
0.000006692912155893069244840497
0.000007120083017071988840845150
0.000007261034408156584951058582
0.000007110690580242762694337336
0.000006708319168901370823938479
0.000006131409413139262822392030
0.000005484035918804159090563996
0.000004881710211044574341935666
0.000004435147240023690188193313
0.000004235378641493727092787441
0.000004342262844683370319692848
0.000004777771463932837966949105
0.000005524609202025602986633589
0.000006529899618092493493860633
0.000007712974392112619762690295
0.000008975834449157027650689419
0.000010214653261808724586255821
0.000011330760613428892761016427
0.000012239830830488923011506452
0.000012878426258941717231164791
0.000013207526847189573435690027
0.000013213128071497440044440412
0.000012904348687420558167539622
0.000012309719566393984772727233
0.000011472415442532600294038223
0.000010445157061906373905778994
0.000009285383295573650664343247
0.000008051110932119364028839228
0.000006797703867711250066280249
0.000005575596513339011366181940
0.000004428881105603785018666203
0.000003394585927925859481250545
0.000002502440876609445719231956
0.000001774939545199145414381206
0.000001227549218846778969081637
0.000000868976466016498542375155
0.000000701452339348580725092832
0.000000721046873854667414459644
0.000000918051284583797173925951
0.000001277476110015743376884705
0.000001779706335142733190324781
0.000002401334662136233331962507
0.000003116167279476402153645317
0.000003896368513709949242193598
0.000004713686589492493568521146
0.000005540685895979481295574830
0.000006351903519971575451733004
0.000007124849640227488937202840
0.000007840781700878814115341156
0.000008485199284293454600027265
0.000009048028100936041174585413
0.000009523485339182505775941154
0.000009909642893000656887320630
0.000010207728243628238167352643
0.000010421223941577655911871862
0.000010554844910702212976215224
0.000010613487437991497977290631
