0.000001702297787785619150209560
0.000001308761613060058079442650
0.000001098307893295617330156827
0.000001071484135862851685744215
0.000001225158790676077926997062
0.000001553740557376303383849137
0.000002049222921807416194144935
0.000002700466127000762614235752
0.000003492224978933964333927030
0.000004404340983519831348870065
0.000005411321824095222323303556
0.000006482334693071075516030907
0.000007581529935295886419362611
0.000008668624073495138907170278
0.000009699777633653032269463352
0.000010628922677084659239102327
0.000011409733381662743212543731
0.000011998330836515232791219740
0.000012356582101404663814880891
0.000012455581421438021978796012
0.000012278718388300373194816674
0.000011823755130194632772915042
0.000011103585022343548903422938
0.000010145755620259676446160216
0.000008991250887930215006165965
0.000007693262528584931427672565
0.000006316607510465682767339130
0.000004938037010507639747549421
0.000003647005737868155340625914
0.000002545691068469767261649942
0.000001746393116029613896749914
0.000001364184303941001428079867
0.000001503110692063269853818155
0.000002235625576737036250541107
0.000003577297678252743069537501
0.000005461816351452743847395572
0.000007724032722997293184670313
0.000010099946414771722907931586
0.000012250910688758006087360763
0.000013814276797629744040324905
0.000014474859655431001676699834
0.000014043036452793841543928988
0.000012519031644481543237047705
0.000010121999158924642705950463
0.000007268570885291638854046065
0.000004497980335647783155217892
0.000002356566255021558793869780
0.000001268568634424700577236498
0.000001427661357208616180823721
0.000002741301666786898926279036
0.000004847427364895626496058868
0.000007203407384847981657655797
0.000009226139816928994471741977
0.000010446297915193988753456734
0.000010634141481810408495648282
0.000009861159833351473789626700
0.000008479366584214015144889062
0.000007023236001424496055599387
0.000006061194979283751149787968
0.000006037790752293338035548535
0.000007150053570070824108292473
0.000009291645009754269509891222
0.000012079203490705621711434094
0.000014952488073331203250349725
0.000017319913916788206561863869
0.000018709290568205848748380149
0.000018883020295765070564394938
0.000017887595930830141321976612
0.000016025907233300030541641584
0.000013762458197367081875702767
0.000011590164225805157905378751
0.000009897731493369227496635296
0.000008875674082975624617228641
0.000008486863901951145397863432
0.000008507499599117167733003386
0.000008622437152996766251294471
0.000008541795057219797709913665
0.000008099314784004377418811550
0.000007299670335656308478567127
0.000006300039640328694142356290
0.000005334941880406500252717605
0.000004614353656353861404620063
0.000004235531694034113749417706
0.000004144215062203465640858300
0.000004161827751053848517483365
0.000004068537665456396421308910
0.000003707863530052678835706621
0.000003067215388375955955322684
0.000002296224635359206167660798
0.000001649501438329293132817950
0.000001373429775249464293823253
0.000001584038369701171916262674
0.000002192028780811932897859117
0.000002915603551635568576840723
0.000003386042953997751577232796
0.000003308920137877564124128998
0.000002613821186186641436520256
0.000001522493478610739435076906
0.000000493908320192844891816607
0.000000055373267231798246886921
0.000000581080477421963593387584
0.000002109936983394468240084977
0.000004287233283312909151545333
0.000006469123583270315452616126
0.000007961600664213570896043763
0.000008304458388682790822405387
0.000007483166198778710612561985
0.000005972530292748387675274245
0.000004580129600729201561916913
0.000004140066913942376788178475
0.000005174084586031475670739668
0.000007657916199236638964110112
0.000010994407541058702208638768
0.000014214148256988128860250735
0.000016331583699686742864589858
0.000016718699488659338449553574
0.000015347939421990956343055251
0.000012806545286659484889058534
0.000010075605764845930835470027
0.000008160984715470165134706959
0.000007721041230982527003444578
0.000008834371821886143657642093
0.000010991832649106036355049140
0.000013306844241467566514040312
0.000014854386535181782159550923
0.000015005376147158745324568241
0.000013634023405570133978840716
0.000011132680471856575766718099
0.000008245184625155607449674758
0.000005794186747299950285381050
0.000004407225132358998849501676
0.000004333922754863093833831156
0.000005403243167266036732206223
0.000007115997770478219864307475
0.000008824765318031664167479008
0.000009934086739405078856951677
0.000010059894803341017918479547
0.000009110839783116658541000862
0.000007283479782978841807661481
0.000004987592764995528744746169
0.000002731393310193447811505324
0.000000998863042076928441217912
0.000000145986056131466275517859
0.000000333635232974637008810460
0.000001505346861847805082452252
0.000003409703183739415662347784
0.000005659788639276180577321503
0.000007816282988895855649903212
0.000009476781410365794309233825
0.000010352916628038878158087066
0.000010319641831116414584638453
0.000009427518234025892760168802
0.000007877656466937829192898751
0.000005967731186744213202897188
0.000004023726690321768496437678
0.000002334085916998095734393569
0.000001100449055260841516826632
0.000000413337451590277553046382
0.000000254020826591452851578079
0.000000517555313104049343694314
0.000001048129590654986805861744
0.000001676944821457509015579868
0.000002254467337986729609793524
0.000002672014623864388861175772
0.000002871103026950770864501525
0.000002841869487671962051270839
0.000002613674116339535465677185
0.000002241619320674526693129049
0.000001792413492562004463513241
0.000001332131360950737481948537
0.000000917344341677478661205920
0.000000590089255555885233231754
0.000000376372551704242108807144
0.000000287424851222741378892596
0.000000322708671405151693284934
0.000000473681936220432726540694
0.000000727460073977883474336881
0.000001069735088784258824094395
0.000001486552500430930073057473
0.000001964787793430396810849406
