0.000003344980978370113991135232
0.000009271421456454372807026894
0.000019530826143741725491216610
0.000033968019065501331584487621
0.000052365420291521723298623636
0.000074438353237324679620608159
0.000099829438866255032491991983
0.000128102586060866558380355595
0.000158737277252268610058805187
0.000191124081719348608808528578
0.000224562578753796849477877839
0.000258263094841791650616014131
0.000291353794132202163855854815
0.000322894642408325539123525871
0.000351899526536848924942318950
0.000377367305462706758428792497
0.000398321779134450625059482576
0.000413859518675145621711963795
0.000423203290166110086389233969
0.000425757565581370118427267935
0.000421161529956625595768476833
0.000409334264340578744649501441
0.000390506595167530918578935317
0.000365234586226038341217475791
0.000334390857358931356101833243
0.000299131783295289910198228034
0.000260840980355347713121050290
0.000221052052111107160976138930
0.000181355998289230049662357214
0.000143300646025272055339092048
0.000108290643872675589574894328
0.000077496782499557288282146517
0.000051782637766731258303389007
0.000031654896798696554552788457
0.000017241481667276566103457619
0.000008299054559776767220390450
0.000004248990440295392093323149
0.000004238674272762717191900383
0.000007223132429743396068467457
0.000012060538393567002814297379
0.000017613979305142779302646716
0.000022851000285703161352688154
0.000026931937306392366018393050
0.000029278130885400865338757947
0.000029612105864066360673414469
0.000027964006823190601180124590
0.000024642102881839859961424222
0.000020169788188959811493132859
0.000015196572907628611511540555
0.000010395124656592602335140191
0.000006359407906078028814989955
0.000003519487585751919299343433
0.000002086198128189195415138624
0.000002033877044968147934308773
0.000003122634985526868185728598
0.000004954563997590653561127992
0.000007052379766831456112856705
0.000008945493930285630470341900
0.000010248078250527105066778472
0.000010716241190281143482853493
0.000010276244399829302626097650
0.000009021561467280008161364821
0.000007182239392164476210803602
0.000005074395168864064567743402
0.000003040127875462215629049625
0.000001388511826530627221213906
0.000000346943754259143821503774
0.000000029490745519734741821852
0.000000425644517001590852612193
0.000001409582648868892508817836
0.000002767083546425174512314437
0.000004234918680940254742119892
0.000005546035785831589451778771
0.000006473272708197394276772099
0.000006864772125102228730051182
0.000006665687616167363070956032
0.000005923037675437763839992981
0.000004773372638999053299503541
0.000003415821817751068584971888
0.000002075562249721324619507103
0.000000964315039411751449382852
0.000000244813232004800245941094
0.000000005234719743091797201897
0.000000247572407857701256753786
0.000000891265332784779381129477
0.000001790692421757801199431906
0.000002762858464521925547626108
0.000003620151706623634805707430
0.000004202579840378970095493560
0.000004404339464054667848964385
0.000004190736517012529068284838
0.000003603083044387929838753845
0.000002750995577688112572658369
0.000001793313686939445869016649
0.000000910493892152953271065027
0.000000272677637385699398957743
0.000000008524242145500601708231
0.000000180154988351743292687644
0.000000768998062905534999782913
0.000001675866827500574199330476
0.000002736324142191393100486275
0.000003749579309337545035595365
0.000004516331999363361882613745
0.000004878735443736626765356881
0.000004754584453218622177054706
0.000004158332351334309291267938
0.000003203668543487643487151012
0.000002085829628200872497902378
0.000001045922059203909301191389
0.000000323454768947632971603313
0.000000106157938578010641216430
0.000000487326602343870407973330
0.000001440039144723674338974392
0.000002814737515542769556655019
0.000004362295950949148339633593
0.000005779639078886620925782670
0.000006770160302560629282588468
0.000007107600600839003912915191
0.000006690469617587657001264983
0.000005574995694332910030604350
0.000003978013084585637197687115
0.000002246675155672900548115348
0.000000798498486211346867111446
0.000000041727720766842622477489
0.000000290973686400996509171372
0.000001695291280559321073895642
0.000004194572405609685204427601
0.000007515289807809630347342454
0.000011209014813066911378600793
0.000014728246978241310181576007
0.000017525871099420165265042257
0.000019158921612393651476074705
0.000019375715182966613735421682
0.000018168346395054956371505409
0.000015779488748667933463269708
0.000012661879204056417693715839
0.000009398641360157706736385731
0.000006600486229126100836740211
0.000004800067469989332416091359
0.000004363524242358739922080079
0.000005434785582645641167031346
0.000007920788429840612326557348
0.000011517245693558924088525583
0.000015766962936114883289586558
0.000020137516112158941394361458
0.000024103192277113870596334105
0.000027217416668414893231309204
0.000029165657307351505490031554
0.000029793789354134794507104889
0.000029111832322930219027088891
0.000027276832090345157910563426
0.000024560907850502495592586241
0.000021311092053316717318933032
0.000017906927078594960808062206
0.000014720414374743287044908918
0.000012081399399397974305197904
0.000010250212732439120246548565
0.000009398534455737696279627874
0.000009598953989789065169443115
0.000010823383020065406427429738
0.000012950146868772111270230740
0.000015779100514503935690337547
0.000019053474766711149307376466
0.000022486451386461030107479994
0.000025789855519935191591760285
0.000028702007394736530032338176
0.000031011809315400034312883160
0.000032576588920218318068053320
0.000033332013551276656285627525
0.000033293399444607986383155851
0.000032548793609836938831979952
0.000031245140788982824408756556
0.000029569535736109250738130189
0.000027727932328561054776006750
0.000025923726288128077458339932
0.000024338388824671908775747545
0.000023115878527368625110086434
0.000022351985707179175809919749
0.000022089150801458178681631328
0.000022316715200002764935959670
