0.000042089272011872657969396017
0.000032042938552062391979226297
0.000026245482337983004069532564
0.000024781863652858188926944236
0.000027685987050205228412287292
0.000034932728218107726291408871
0.000046430109315104610651168265
0.000062012312136918310771609153
0.000081434116831778592584395460
0.000104367205154162604775758272
0.000130398581666940301983237394
0.000159031166967606017075345659
0.000189686440459801714929904959
0.000221708902475270010212771155
0.000254372133356299632428454416
0.000286886384560041556891774039
0.000318407950215217371622150599
0.000348051001420136407044081395
0.000374903034891153712476058457
0.000398045460293747102413497441
0.000416580963953117413851173767
0.000429668978006208374109675674
0.000436569733256249922076497327
0.000436695950080302644578239546
0.000429669323289478773987559723
0.000415376832903034318416474191
0.000394019952521221792415134777
0.000366148510322193254228756443
0.000332670767809629486320283087
0.000294832589983299274416506108
0.000254161528393655579763366070
0.000212376041563184169650574384
0.000171265390124164209499982303
0.000132551105255315082457126530
0.000097745295879808575872579879
0.000068023417239444067521753068
0.000044128724635885409842677579
0.000026322220533826507643526682
0.000014385823581842977636350081
0.000007678701992982156179128397
0.000005238621388928266152883693
0.000005913311337346025381683356
0.000008502607887599895883433236
0.000011891309381401463985718225
0.000015155387285593677052820960
0.000017629764424977114207213416
0.000018933061980524397866507483
0.000018952001048203093484193632
0.000017794100308733778157983113
0.000015720941252106721751314808
0.000013075199547417194143863681
0.000010213122929915286173909936
0.000007450910976754693756398361
0.000005029482375104614492967656
0.000003098312075145022540271708
0.000001716037087322802271339029
0.000000863669288329503931369809
0.000000465500207088374483539522
0.000000412912874053411680005650
0.000000587035370013435776414092
0.000000877220466199679294651845
0.000001193534725807864405031414
0.000001472669800306678687969023
0.000001677845157243192966928323
0.000001794229208065271279157887
0.000001822014971765711088350363
0.000001769414591001042106306411
0.000001647433285511268908835113
0.000001467430749703632356098428
0.000001241402019240014518571490
0.000000983928050587856870229462
0.000000714171165119538569623046
0.000000456319213909988091793689
0.000000237516540335524805955451
0.000000083350742480393273773011
0.000000012033510367238272585992
0.000000029132901595356607017465
0.000000124801339369727332939821
0.000000274827700596401828684939
0.000000445697352391134142971852
0.000000602538183321468558738894
0.000000717802828249224115604251
0.000000778149596365273144843032
0.000000787396700928778896020732
0.000000764534909843968220624578
0.000000737259400636822047260966
0.000000732863827912626197520274
0.000000769192661970499366911962
0.000000848398885854114545109113
0.000000955479158698841349867787
0.000001062187448918429319183899
0.000001135369225502510583689173
0.000001147469192612051473725778
0.000001086313439973591341518701
0.000000961422533334108882815527
0.000000805008916624276164908435
0.000000667178878535284352715496
0.000000606311733004565528208586
0.000000676746198664076365821712
0.000000916495112928905548602783
0.000001337636010065333859063094
0.000001921367135884290368492717
0.000002618690324808379938200309
0.000003356555404776764138004156
0.000004048324517802556680014323
0.000004606756774784286218840570
0.000004957436916940418160663819
0.000005050645894891817498596667
0.000004870008735107804412214991
0.000004436752489214847733497125
0.000003808977952256660234940742
0.000003075936621813124337521074
0.000002347876576477853370660334
0.000001742552170407177611631587
0.000001369947405655778961133199
0.000001317089260165178054659703
0.000001634962478189821843282698
0.000002329426355037311464571013
0.000003357651107145900411167939
0.000004630956254665073463117758
0.000006024115511622664608469817
0.000007390301520994053941469859
0.000008580008898731821112343052
0.000009461640913145939372303969
0.000009941074054849614386451286
0.000009977487338122931792333721
0.000009593076922981989471377745
0.000008874945709578097488676347
0.000007968396255925071241686328
0.000007061962416919241166345621
0.000006365658891808516612437988
0.000006084955478512261639535870
0.000006393735815268152297252257
0.000007409838446796820514211532
0.000009176607965679275038671688
0.000011653187110481419346366162
0.000014715130149121877808741921
0.000018165477280547125403823913
0.000021754930037088739700010948
0.000025208464209017792989663345
0.000028254836747880955432048883
0.000030655135408122225490826218
0.000032226822168053865656951740
0.000032860552697409812258465961
0.000032528235528555593297685838
0.000031282093013918917090952776
0.000029245668173080607734996839
0.000026598603653138331681486661
0.000023557501523453783389252039
0.000020355249655966995439787884
0.000017220946220165220659449254
0.000014362091292809529992878514
0.000011950177144478482609110843
0.000010110306283191312158695370
0.000008915064026932917155832126
0.000008382586282574341709247605
0.000008478570636497078971726207
0.000009121838041945771460503045
0.000010192923734785968832919356
0.000011545038114035919684513543
0.000013016594501167677247087037
0.000014444375502127751630045312
0.000015676338076809084810716438
0.000016583070997395608670325548
0.000017067033717785570166034295
0.000017068917987411316115062623
0.000016570757140806287885468479
0.000015595722676547529845060905
0.000014204848575270599556411022
0.000012491171261986699976445463
0.000010571940801319770650247218
0.000008579637304960493636354218
0.000006652522367958718237340547
0.000004925387510485840418072816
0.000003521054995144012919985107
0.000002543065592848694367610106
0.000002069871938125600091036181
0.000002150755504920114281235469
0.000002803601173162315287381565
0.000004014589465419005886981894
