0.000136204489540781812110734061
0.000127770247921987333689086697
0.000119810698494742534788402855
0.000112330798651749148723069660
0.000105339148279994676169965540
0.000098848664944072296939352185
0.000092876986735686292511425532
0.000087446718513969258642325177
0.000082585628268530309218850571
0.000078326871397204239936759573
0.000074709267883811412069502977
0.000071777579636396810131883373
0.000069582636208383513904719708
0.000068181046653099328666916557
0.000067634130461097935211461918
0.000068005625427662984446540440
0.000069357713740172995792697408
0.000071744978979459479067129490
0.000075206089780280023591313432
0.000079753310835964369559722420
0.000085360357771702179683660783
0.000091949600962915387222448849
0.000099380117329782283641832763
0.000107438496214113863008038363
0.000115834519839973140026279097
0.000124203759771314984272291837
0.000132118685797397709307324232
0.000139109052848253441844739164
0.000144691166367140510232158768
0.000148404257730673944668323139
0.000149850830149392543226213870
0.000148736707090475913338456504
0.000144905875410874645245820624
0.000138365258308472289247928466
0.000129295371237984690416036870
0.000118044361886089139339686693
0.000105105020792150977691249703
0.000091076655660674265798174010
0.000076615863376927552299416879
0.000062381828894309199673093302
0.000048982536416081651252721341
0.000036928056055796563397677218
0.000026595916186746398473259370
0.000018211714255385524707060371
0.000011845910989163217639152589
0.000007425596099088213436457354
0.000004758267213324855140382016
0.000003563570500613806866011240
0.000003508595862920409911764590
0.000004242629968509327810022910
0.000005428059595824466965381661
0.000006765148234872666796468899
0.000008009460551697851680400149
0.000008981629371832005351251535
0.000009569881614312553529274295
0.000009726268846229249695652108
0.000009457926732676258073915544
0.000008814952314808283638514208
0.000007876641651103381748955795
0.000006737837936471984193599442
0.000005496950452350129006609709
0.000004246787102170729392156337
0.000003068724020396157140840162
0.000002030014747547090393537013
0.000001183379943173589401322378
0.000000567597288419908519674860
0.000000207771513861365932087795
0.000000114352636623869671300647
0.000000280705935541979062077347
0.000000679919487307739253974356
0.000001262291727478773012541052
0.000001955305039195107587871513
0.000002667683496932029896454202
0.000003298329264940527278109506
0.000003749686214148524724982126
0.000003943694828564641813003003
0.000003837359615660045796719027
0.000003434404359483432968953246
0.000002789771122722520817649883
0.000002004857130840731219644478
0.000001213189833133138282407265
0.000000558338510196422444238737
0.000000167772753460510988559161
0.000000127637077710324511040156
0.000000463674902110260994917177
0.000001132673629119813577347908
0.000002026934623027167675592044
0.000002991747133217259995156996
0.000003853172205882306453658247
0.000004451181477262557644293886
0.000004671838652916930871171388
0.000004472077253260302854534665
0.000003891792548585309317258751
0.000003050241116196445257736144
0.000002126710769705737581552162
0.000001328518703834098166018845
0.000000852007617549234429232038
0.000000843807558789199727175784
0.000001369868462187068235350463
0.000002398554159956171918086955
0.000003801612861934412139573031
0.000005373542827500954679076795
0.000006866368888054689348236000
0.000008033807338534132408804436
0.000008676823752316809230163835
0.000008682089731060153289582057
0.000008045953142979692053384649
0.000006879074863240502195002330
0.000005390394050661343317129483
0.000003852906942602469097939374
0.000002557153631663668407245473
0.000001760648289842075124599953
0.000001642308703258288139103420
0.000002270082132953599076129496
0.000003587592694847042407971151
0.000005422207298264413561326991
0.000007513086555369271367160137
0.000009554273197224805316092253
0.000011245315525153877961360774
0.000012340769091862170562037826
0.000012690328712317467353882551
0.000012263178501106588514832883
0.000011153014972347509117149914
0.000009563533836931999165559964
0.000007777360704579793239366557
0.000006113904069950507621058252
0.000004883036435805328235280898
0.000004341709703106777416229279
0.000004659658707180989623973695
0.000005898510803659377724607413
0.000008006292346874736728891062
0.000010826935448214338611016942
0.000014122326993553402474748139
0.000017602985829513290117961932
0.000020962741769337095670659721
0.000023912817215327581804292303
0.000026211356483796045054469187
0.000027685511840370217827430807
0.000028244454631815961041709645
0.000027882927582163963335605203
0.000026676031140481018939748445
0.000024766746204524945148975693
0.000022348202785091219528361417
0.000019642923614083105694890982
0.000016881248639553000901424029
0.000014280938676136770452626545
0.000012029620631249574838790573
0.000010271320128319954396133029
0.000009097867091095467297827241
0.000008545485727876770754626173
0.000008596419435530173869925395
0.000009185021304908581253243459
0.000010207391568778753410161667
0.000011533393020519576007364669
0.000013019747044861631579508454
0.000014522918326502116145686194
0.000015910632286149366834649907
0.000017071116064114573652099258
0.000017919477160503840043864060
0.000018400990000788599345845145
0.000018491403769798882630870374
0.000018194673998771743959326427
0.000017538726010001758027698204
0.000016569965756932158529660115
0.000015347263738851081728937695
0.000013936064761784366735253467
0.000012403143682539058276692243
0.000010812362116388816313120383
0.000009221609545714333527237708
0.000007680955621340722049299361
0.000006231913044507904553747854
0.000004907619319355918710817265
0.000003733691730680815224581101
0.000002729489685656960488107205
0.000001909526407634375865700685
0.000001284801749359946288921012
0.000000863874010290951853684215
0.000000653546292433531971451176
0.000000659107704729805241589797
0.000000884136924189346843586806
