0.000064241139377370414052098591
0.000070029608258103569684224765
0.000075379203552353979378951310
0.000080149339086778466356708606
0.000084209733351172898750160167
0.000087444558582275755311691290
0.000089756283372717068544908992
0.000091069163554046111790085671
0.000091332348361749493797882848
0.000090522567988993483207790791
0.000088646354519006481903313499
0.000085741722400332835815790766
0.000081879200267518693900914428
0.000077162067907830526772121338
0.000071725617089821091187061552
0.000065735230760163019299996412
0.000059383070589306166621110239
0.000052883186763645715234433142
0.000046464923739079030983508550
0.000040364596010330548139961870
0.000034815548961696234672551220
0.000030036895751349371316233500
0.000026221419232307772480142574
0.000023523328401084492121761102
0.000022046736112691443895857113
0.000021835849581320875960896780
0.000022867908397598932668942640
0.000025049842071680210764828695
0.000028219435767568231429678477
0.000032151488335609333603544446
0.000036569037450524610006682980
0.000041159246817672958827696167
0.000045593049705591959719006012
0.000049547181431801018533424980
0.000052726873267505091323354566
0.000054887277107834323767836249
0.000055851683644400236246167768
0.000055524802469366752821853389
0.000053899778379652989353243431
0.000051058184141209968578967171
0.000047162893080911978183934752
0.000042444417891169343415823378
0.000037181925029717980465265859
0.000031680626343828224497634061
0.000026247559644718037235927230
0.000021167872244074913205521063
0.000016683617581987031353550621
0.000012976790651832802018540713
0.000010157905468797340605867016
0.000008260907759647360021652493
0.000007244668192489188724846223
0.000007000758962403839854313561
0.000007366713440108003230601466
0.000008143531010243802004512984
0.000009115839055353743762381835
0.000010072882980991411654581730
0.000010828406999201382117804099
0.000011237537677875576863097649
0.000011209009123032863942362632
0.000010711480327826789873718778
0.000009773276940825162430984303
0.000008475597965497524212711775
0.000006939989071278404800659050
0.000005311600539208098676745729
0.000003740311118862393775932147
0.000002362109638926404411635087
0.000001283114171232200631726067
0.000000568251656386390273140337
0.000000235954873756418196470989
0.000000259351365057679639593898
0.000000573457599980644903899527
0.000001087009661489543252828023
0.000001696909364454680604165373
0.000002302955054207991509234799
0.000002820612024295146658077254
0.000003190039040578143298971907
0.000003380335584730444759677358
0.000003388866528047392752951740
0.000003236388457416320504103332
0.000002959383141375863385524056
0.000002601375586005796610811289
0.000002205016443761483991398923
0.000001806355219505932413383981
0.000001432106938715795555497291
0.000001099959564692307467827356
0.000000821246716058771087160179
0.000000604776174467736766076080
0.000000460374871584326499211498
0.000000400836202594739070261215
0.000000441409807834479463709330
0.000000596658843527088203764969
0.000000875272833615247392306975
0.000001274089885752759294007845
0.000001772988286148189763263730
0.000002332341125105312973006533
0.000002894351361475433916087665
0.000003388849539167113972059448
0.000003743175838763489903958034
0.000003894775288205876121621664
0.000003804324916728374120461313
0.000003466777476060369336027106
0.000002917776696040939641256387
0.000002233506621258347237495142
0.000001523105925211384562378380
0.000000914130219762758774741033
0.000000532933760697977464975577
0.000000482994778975266304252073
0.000000824883356964841157950188
0.000001561604054508770441571201
0.000002632389590149703038728102
0.000003916758839688536782618847
0.000005248983041202252676298533
0.000006441313187196708300039441
0.000007312725969676179584022524
0.000007718835270526589310922244
0.000007578199879039947570668299
0.000006890624630755734995174715
0.000005744153999280354871829514
0.000004309119850638685468005497
0.000002819559451926282670473391
0.000001544250670314457986578220
0.000000751212304577833655489330
0.000000670542417718158684798843
0.000001460768369942459027211313
0.000003183428499737382864572845
0.000005789482638855162900367105
0.000009119538321225312548249861
0.000012918025274972602846204964
0.000016859618080852452109887757
0.000020584643424052649239228141
0.000023739110873771221183088642
0.000026014497768874979180108581
0.000027182538900699606301521530
0.000027120977352999344758225503
0.000025827410520470043446897290
0.000023419849626915009911014634
0.000020124208006263837197023781
0.000016250444956373601146371044
0.000012160339565181679794122691
0.000008230713686798074143406538
0.000004816281111000026825957887
0.000002216149903004597821474034
0.000000647389544036838113749666
0.000000228092811245989067313870
0.000000971154878864714889749165
0.000002788721077395880530627043
0.000005506081205166264102267033
0.000008882850313802968361112308
0.000012638670711774429477247325
0.000016480442982163756099811200
0.000020128236203673561421261320
0.000023337482012318544672465487
0.000025915730870524649105159087
0.000027733030883852841650457494
0.000028725768704012329709911178
0.000028894493614245186387506220
0.000028296762591263426608705067
0.000027036361887332963094016797
0.000025250377886460814865453306
0.000023095531869783602544991818
0.000020735002942059109747735546
0.000018326691580594292466446782
0.000016013572503398926444913991
0.000013916490897263170584173889
0.000012129499317127480614354230
0.000010717629426818197729788171
0.000009716847258998331652354169
0.000009135848388933484975449155
0.000008959301053728036925483981
0.000009152130025144014210058095
0.000009664442175697799669174988
0.000010436718753372116935468003
0.000011404934677310097244028707
0.000012505309163889719844880641
0.000013678443440077431739556636
0.000014872659208719948538759970
0.000016046414356363377338998699
0.000017169737604609211240741518
0.000018224687858938059316924254
0.000019204902711146946574010883
