0.000535064655707182044823422284
0.000504730733662306797066010589
0.000474290357641265764975652131
0.000443991534963471441710414211
0.000414021940139241886435356177
0.000384518500292249285586743124
0.000355579206249695672220623166
0.000327276526594218468597941030
0.000299671678165708645948106525
0.000272828878816229285480393640
0.000246828590849781687351083281
0.000221778677491893616785870180
0.000197822366474355749044883312
0.000175141973388994538676083357
0.000153957509366898923552566258
0.000134519600587198833417656996
0.000117096583342137918544619002
0.000101956188920014666557389837
0.000089342854111767273581068416
0.000079452318999053447683145190
0.000072405719818657908286307912
0.000068225761126105546796466461
0.000066817677714968638129702794
0.000067957518860232692331849180
0.000071289792951697265746893728
0.000076335736880696035693179280
0.000082512507417297089153465639
0.000089162552183924762417947807
0.000095591438280942517334397290
0.000101111612663780671395562238
0.000105089012350486081439487895
0.000106989149054670124733279479
0.000106419222658329354195584637
0.000103162902185914733053755110
0.000097204592088928477139862794
0.000088740266529670208672797571
0.000078172372029414798565681577
0.000066087007469436194907058679
0.000053212755196421753303443608
0.000040362272955379460638494077
0.000028360039237628560573195591
0.000017962241667004823220121779
0.000009777253346237078942648595
0.000004196838943706288803858415
0.000001348533018131355548459749
0.000001078068144962613513165948
0.000002967184746342625338664124
0.000006386988026823980501168326
0.000010581066937162863291366915
0.000014767030304402053558212801
0.000018241198580849264329097059
0.000020469927396105019537378769
0.000021152912586374934128530256
0.000020248616629969490678716409
0.000017958751992549661097168037
0.000014676149424304076046435621
0.000010906759850325977410923084
0.000007180644148182809159892438
0.000003967807646230715194117598
0.000001612582327427514868013140
0.000000295615053402466643568740
0.000000026567559048204216662730
0.000000664750554360246889050922
0.000001960321544871923760871082
0.000003606160843531080162068046
0.000005290315821283267817137785
0.000006740633609858629401458650
0.000007756164948362379189870756
0.000008223248235733274783725369
0.000008117099454677127981136985
0.000007491736957430071564001395
0.000006461998243112675505595184
0.000005181403162558645642075256
0.000003819021415707677874549868
0.000002537696173786440717129410
0.000001475263841691354326602715
0.000000729939446791444437032982
0.000000350788612121548831637128
0.000000334042776950386693400933
0.000000625758840305594228042439
0.000001130847480203519473781668
0.000001727768866243468326204845
0.000002287313509863007018082896
0.000002693038359399493145997749
0.000002860342619086986127685361
0.000002751044719946587391231361
0.000002380773548293254991562243
0.000001817500376960261191411241
0.000001170969533396560294724251
0.000000574388110160795675661577
0.000000161206211476644463395815
0.000000040865120710515992862112
0.000000277784998594070595797549
0.000000877494802172709865775171
0.000001782703801258608706980439
0.000002880444767929948430938833
0.000004019465400680162449256055
0.000005035154255194590846612945
0.000005777812050979506635467985
0.000006139309599734841331442579
0.000006073282690235661971864256
0.000005605018567601139099819754
0.000004828937009828486674864381
0.000003893762870917863624638331
0.000002977730540155075767810291
0.000002258033393603114699323608
0.000001879868820508439962679815
0.000001930598319392286930934336
0.000002423690704209438563350529
0.000003295390338236958875038065
0.000004414770183108373214286250
0.000005605421833301438321517027
0.000006674958333964756959167178
0.000007447151199080958707357016
0.000007791136618684759530340314
0.000007642760372567609212200723
0.000007014639375472353786987803
0.000005993587904274261483753613
0.000004726279789734783528024585
0.000003395975444923886406767190
0.000002194490166015829376840261
0.000001294112039118316285558116
0.000000823858507328800618134401
0.000000853418553195235185038822
0.000001386615043249393210562622
0.000002364553978041533319198741
0.000003677113154893211471982602
0.000005180305555651991023945364
0.000006716471709375971410474829
0.000008134232608621731180757221
0.000009305589029661880240266482
0.000010138331363987854226525048
0.000010582843259331656634485500
0.000010633269573525602541205770
0.000010323742180682455348906569
0.000009720840780370972771581156
0.000008913692851185331972210628
0.000008003117119698014895025698
0.000007091047274314591130413721
0.000006271205688521784656541593
0.000005621692846452547247097266
0.000005199863101982864688112990
0.000005039598442643774747892391
0.000005150879803197407590109602
0.000005521390401719453264618026
0.000006119763642258240312395839
0.000006900006082067848866342264
0.000007806583264150635700071891
0.000008779654440914846290312454
0.000009759982631390482120327563
0.000010693127169230274309285646
0.000011532639838965563571599945
0.000012242120266346295548876705
0.000012796124800694281929561505
0.000013180047935336392300937659
0.000013389190847162971682404557
0.000013427287598443695629951700
0.000013304772574486240860813444
0.000013037046555167397713747950
0.000012642942891740046283677312
0.000012143522378773149162354585
0.000011561248957104902469555062
0.000010919529867797081131887416
0.000010242551267210236461786474
0.000009555307377136456787616002
0.000008883707856292225390842064
0.000008254651237300320577015313
0.000007695967454034305239005988
0.000007236154981039782091011437
0.000006903864054162507006649069
0.000006727104366813352688320073
0.000006732182502775657662041908
0.000006942401183413487991821431
0.000007376579557277623607901458
0.000008047481234389573253413738
0.000008960263502222798838643160
0.000010111084648901203942986983
0.000011486022622329612621980971
0.000013060462466821193088222647
0.000014799097124879243545826635
