0.000003645736693639880559778248
0.000003058880908538777160205835
0.000002493918202079780891561051
0.000001970344744086916701094302
0.000001503919258690650433702286
0.000001105562761818506113084852
0.000000781358159992308410590734
0.000000533777512207428449499623
0.000000363897360242879631803250
0.000000274051859258502824578398
0.000000270183861544392711956830
0.000000363123269784810209579579
0.000000568161816873341893110463
0.000000902591517750643120600047
0.000001381293408686631407110228
0.000002010941629707727168452878
0.000002783839780947138074914619
0.000003672730690388899667340322
0.000004628017180696975607981630
0.000005578625606269321929027265
0.000006437215118069543058187260
0.000007109640096452208284799352
0.000007507651429991388556490703
0.000007562980205085164430779156
0.000007240408823677373610768968
0.000006547374466753075504467548
0.000005538128813659444566667826
0.000004311406725225747478763907
0.000003001711161232854154358278
0.000001765411116302454662497297
0.000000763613872960016882118057
0.000000144070107506253047213314
0.000000024213591908450293415925
0.000000476969792810219679728156
0.000001520393149814102330046137
0.000003111700768647186141893299
0.000005145992418274341869202648
0.000007459947898854415936314814
0.000009841067999590399074092729
0.000012043467735187439424950594
0.000013811570831760221173900929
0.000014912825618570755512601669
0.000015179184025877047816994320
0.000014554126738201188457147439
0.000013137598521112803020833952
0.000011216368031400111743051302
0.000009264045918314204824495044
0.000007895806327050360810902024
0.000007769840289796756943184637
0.000009441151344458094076721524
0.000013191301546404806061332793
0.000018875189595397224342479200
0.000025836194303986204957868100
0.000032937663992575522044908842
0.000038738296794407620820058225
0.000041803056460001705566843777
0.000041097460854968597050197732
0.000036373716430103839535557808
0.000028436239690615313887352839
0.000019182786160986601257548087
0.000011359653171180066831254599
0.000008039128954823817924547208
0.000011908387439164582792473952
0.000024528605377981562536086196
0.000045758022278428211776675483
0.000073516785850982437804448932
0.000104001838340644892598463311
0.000132350126201535893888036610
0.000153625632152940271588428822
0.000163905085338781665322410719
0.000161190867127841908545624050
0.000145906494430984281975710593
0.000120828407545838618312311619
0.000090453852403925109892934842
0.000059958224108429592521911367
0.000034011124355108577634564104
0.000015762355298313803159473978
0.000006261947507145034687715650
0.000004453929371527342133949869
0.000007718176153995276694667893
0.000012778346409096779669710420
0.000016694648892779020553801123
0.000017648391644272111932444103
0.000015303512677713405269568081
0.000010672164799172931907707100
0.000005570123066898743318493218
0.000001871692912334167972624507
0.000000823803302781087797986253
0.000002641476711954477323083656
0.000006497987805239712017445729
0.000010882450937024374854381580
0.000014174363627211573223767596
0.000015219965414549849823497470
0.000013708418758786976169097849
0.000010228200573213229562894062
0.000006003391562536623827768621
0.000002422104297689855700284785
0.000000536030144392795127104671
0.000000710122870760439753669063
0.000002538506809060786422794533
0.000005042460812677740856666778
0.000007066019208777098510501202
0.000007719333832638223074598845
0.000006710109456685016643233410
0.000004449311633309981940925110
0.000001900061424979084178591825
0.000000228123401589764274816698
0.000000378391402493546609057474
0.000002723756734767189547475165
0.000006905724569921169807393442
0.000011920978794157428514691351
0.000016426895196013340926660673
0.000019167713835914621715948020
0.000019383663222840220483837032
0.000017069629709376174211054797
0.000012996623282098383479190792
0.000008484193582056346989652036
0.000004992106829488863501017009
0.000003659637772584235771138744
0.000004940691911065809340799712
0.000008454653217029338405411575
0.000013103981856975453794888695
0.000017422021350239227477189885
0.000020037662270912824701105809
0.000020104387693088786298991136
0.000017554173201631132806860985
0.000013097587534905615080406405
0.000007978492130552540734841210
0.000003573538402010020329619376
0.000000974092557905808054420356
0.000000685676386863629871922269
0.000002531112449810481729718485
0.000005768958662588180870260147
0.000009367241935044438782219899
0.000012329052682635213220442398
0.000013963344277526971588788106
0.000014027140283098778056878643
0.000012717514375806277055684472
0.000010542004634439287917785713
0.000008127750630834342044565670
0.000006035707557387866410713879
0.000004630394748763378879414729
0.000004028180780775024115143799
0.000004119802318099143587960820
0.000004644061926202330218421688
0.000005282509921443976259891346
0.000005747747795806130456913036
0.000005846686021721055719882389
0.000005510409236490453936349078
0.000004791312516510013210511206
0.000003834528295251668868941566
0.000002834145112727435555222263
0.000001985617313328876326551826
0.000001444511642560430227092056
0.000001298849574487044371715549
0.000001558460646763200992457156
0.000002160802237048183986498030
0.000002989475119201667938469624
0.000003899793216192693512162255
0.000004745457837244128420663408
0.000005401406410345766292014757
0.000005779711884285853531367013
0.000005837378632260316727346176
0.000005576517956912803585683459
0.000005038437386694299987654859
0.000004293632217435491126445845
0.000003429675327662474559035520
0.000002538762188400111047151351
0.000001706342645316048405235891
0.000001001939524813633913098102
0.000000472924345024013239409053
0.000000141666926959248629960708
0.000000006083024468432435465463
0.000000043193581752295433848272
0.000000214939708769721117344488
0.000000475243118998478038117884
0.000000777220187195347937042565
0.000001079563821936498847395801
0.000001351364470030968544528717
0.000001574973872643920419465437
