0.000012977008633451456585581295
0.000013844629974241673818382940
0.000015144503595652310267739848
0.000016777849861132923222403063
0.000018626428951148070429317746
0.000020560276424266044927296332
0.000022446315438696066285866743
0.000024157414663689306602708737
0.000025581538667947142467974306
0.000026630665880294226787556797
0.000027249130820516670735713036
0.000027420992598828988773013854
0.000027175954261129889463158987
0.000026593271067711660312314625
0.000025803003897062035170090546
0.000024983913786853945181772735
0.000024357281320832850786926860
0.000024176009653221710487061569
0.000024708583835620756536223877
0.000026217864094348950187432154
0.000028935318925926429271420701
0.000033032140427217019447610202
0.000038589644099207461025446975
0.000045572275918400977751630820
0.000053807209014876290623704408
0.000062974676020979860583022536
0.000072612668268508972655925215
0.000082138373572685554344433023
0.000090886812247250290969918796
0.000098164814638480564837341724
0.000103316119622262505943488531
0.000105791346116348205564673679
0.000105215223222303544360275995
0.000101442962784828609782393494
0.000094598087111911804882730115
0.000085085340127682830102355538
0.000073574406981962911771660840
0.000060952918474602622801641200
0.000048250480123389186994098399
0.000036539049818902960401791058
0.000026818600258266939953977898
0.000019900213852972686390339213
0.000016301017678318229685774030
0.000016166079332597170183831795
0.000019231041107412110661035315
0.000024835590250326939324885742
0.000031991922601890669956761076
0.000039504656725500091832975480
0.000046130126991721873705790125
0.000050754921453576664930763124
0.000052567452757468188025580941
0.000051193785209084163943110690
0.000046771130331380362014047358
0.000039939973134961737077659044
0.000031748330132688847222185297
0.000023477591424097303464835901
0.000016416000459877700735390749
0.000011619492780528474816037834
0.000009706669319806789507257098
0.000010732314640442604670566434
0.000014171125512558691865905476
0.000019021735952063579459629661
0.000024014820597372229572276370
0.000027884008671901480203633023
0.000029641019591588228874589478
0.000028792058027428183949233270
0.000025443408926439761480377960
0.000020268785788861980884118658
0.000014343874625477340088849573
0.000008886550125053474877149032
0.000004965672116310264589766985
0.000003250281850948349998296424
0.000003861417942458089886184625
0.000006362676404402933189930792
0.000009889733068497318072454134
0.000013382946840521238549438082
0.000015860737460383054104077691
0.000016661955342529909622874620
0.000015595463913696143215190104
0.000012961649521319670321211487
0.000009445920147634122724712193
0.000005918414363946594536184959
0.000003197642538193101522091830
0.000001842467724865913268118313
0.000002025571161630664761754347
0.000003516379380779553293035963
0.000005770170791682733824046452
0.000008091841457129341196865754
0.000009825265014123649141039411
0.000010516414040436446343659491
0.000010009979961512099525628924
0.000008460657565367386419535704
0.000006264682285483228413932189
0.000003937586018496247061389855
0.000001975315407740610083831782
0.000000735844970092016345066292
0.000000368592697334964826848724
0.000000803235974706088827251762
0.000001792950392999765339333397
0.000002994185158928318263380896
0.000004058684864335142071642068
0.000004714187446128013037809166
0.000004816674645013925445914335
0.000004366557911737801422869497
0.000003490788056980001001586853
0.000002400191777519391327224774
0.000001335071428936407888447141
0.000000512163652825612239446508
0.000000083283158996274272407774
0.000000111701589116191871544557
0.000000567847786680875372646504
0.000001342235765074024826871068
0.000002271105072713553607615571
0.000003169118151897510771711685
0.000003863339814294147156708940
0.000004223282052719421909695897
0.000004182764094636256827701264
0.000003750583050791002417018736
0.000003008493767485942823247322
0.000002096751789046066637389699
0.000001189385942800189730722917
0.000000463192573605388870228844
0.000000065806152246261180194292
0.000000088694642065132902374259
0.000000550267232269674942861186
0.000001392445895552252713029133
0.000002491356537468957012553157
0.000003679850481773654864215729
0.000004777118065682798512400220
0.000005619353665475055771148967
0.000006085610851140978780750377
0.000006114543266441238626935153
0.000005710143925643494067462096
0.000004937118988446237684915470
0.000003908435488509478156248303
0.000002768419149053932645950220
0.000001674521490677829692507320
0.000000779892184693613852052214
0.000000217764854554517548247637
0.000000087931919823118844886534
0.000000445518207925308892378196
0.000001292766166735040385345245
0.000002575213095081207688788472
0.000004183957246022893825606204
0.000005965290164524220837486811
0.000007737747430874920601291678
0.000009314893762356527589694154
0.000010530466492903920754293547
0.000011261458174615163380961891
0.000011444745995005407423073668
0.000011084051278848333960580681
0.000010246041758433370742666785
0.000009046709884806995385789566
0.000007631135647835082065279511
0.000006150868575188487580730334
0.000004743216466380037402291673
0.000003515804629216600333288479
0.000002538221525729960870675344
0.000001840866825818829995641771
0.000001419703842987502880569552
0.000001244775416173735246581412
0.000001270150942974631741376706
0.000001443326702624168303857460
0.000001712779537840817978429885
0.000002033125205444716350212378
0.000002367955455180573779143827
0.000002690812231062348968768996
0.000002984890645491046015929000
0.000003242004374138323052168638
0.000003461190672175216853119614
0.000003647165010894069869589688
0.000003808714666086688847607307
0.000003957065277467837389492860
0.000004104251740760229527193309
0.000004261546135506924597960866
0.000004438012839374467543901350
0.000004639259273526687371927424
0.000004866431210822401265240784
0.000005115478424862066152546767
0.000005376707714016487014161219
