0.000001298521367720271123947064
0.000001362802737464308286218341
0.000001669454094636577008703687
0.000002199562903732425874978040
0.000002933710909293695166745637
0.000003849763828939752184252979
0.000004920673054621478280661225
0.000006112699510631353860227056
0.000007384407039403074808246123
0.000008686714283872383392942629
0.000009964243169007324751711152
0.000011158151326152015303397672
0.000012210563874176927882551566
0.000013070594505749581518377726
0.000013701734600400867423704646
0.000014090078075618673900484303
0.000014252461920012804018516317
0.000014243208766644053456674329
0.000014157872060492266200713851
0.000014132337732967517731968651
0.000014335937431768992601581990
0.000014957918632194431549130645
0.000016187638453812857995293625
0.000018190038950698017361029893
0.000021079086286363754837013679
0.000024892663452735618999801109
0.000029572698896493488187643683
0.000034954003805180865649578081
0.000040764421106534209958763282
0.000046637609904417423774269924
0.000052138305200725153806893403
0.000056798403638190119639781589
0.000060160885877655615112166027
0.000061827502439693341959592310
0.000061505413185227448386559190
0.000059047691595792366041090676
0.000054482921950582247864070667
0.000048030154154090262392899635
0.000040097260091419849629360700
0.000031263085896788043267432999
0.000022246307235780673870620752
0.000013865971515533182678190857
0.000006999715884246834399760352
0.000002545122661664314739013177
0.000001387529911263435749121031
0.000004374250618368349220006427
0.000012291405711897310102298161
0.000025836534992857887433432770
0.000045578885950530897400081315
0.000071900557672422793584893208
0.000104915734997855879923576994
0.000144371691824349236352165171
0.000189543050560464151899076057
0.000239138420915409907578641491
0.000291244157519942204349200354
0.000343331703256848368328857379
0.000392351308271976994494073532
0.000434925100248120474494967214
0.000467636982354994123166347375
0.000487397542343145093526879386
0.000491842359096064337710407788
0.000479706050314608102320274030
0.000451106529275674720484007318
0.000407677728657594392637497638
0.000352506020125511543641949608
0.000289854467497123241201406607
0.000224695689974852957351489358
0.000162111807442002033626676782
0.000106650750149078044721681624
0.000061744615161820283933021003
0.000029292465945445489292542005
0.000009485525995839747220687854
0.000000910296113493430864532883
0.000000912408959693004172747648
0.000006151909390590371686316235
0.000013240924443292339426057370
0.000019337266442938321446423991
0.000022577685438265422603488358
0.000022271105407019776441625639
0.000018827369772638782673525662
0.000013457731389335295623093519
0.000007734473474412802712781544
0.000003125564256122857176539535
0.000000618810373144049331495709
0.000000519334454112520163714312
0.000002453216495866385411171425
0.000005553349842408980550944372
0.000008756964952097034501801547
0.000011120531460131142579531201
0.000012062395302542041814245453
0.000011473390468372923051403739
0.000009680169191174813864250899
0.000007290645253297498999721718
0.000004982168105179073086920608
0.000003302463042656102949518222
0.000002540194063321537947290011
0.000002692763523336530637842861
0.000003524799261612156934858533
0.000004683351487634233508165673
0.000005823322308411723905396083
0.000006701344300164315795267228
0.000007214348327521421813072078
0.000007382395422738325956762192
0.000007295073640821190743980043
0.000007050324172356366332625743
0.000006711867817043858197947372
0.000006299094879997549984091462
0.000005807262002503203942324703
0.000005242753800534563477951308
0.000004652856317122731469912000
0.000004133348269978436091329731
0.000003807974234469038702006506
0.000003786740079057628211993717
0.000004119666720643552872474762
0.000004765377874704855221317003
0.000005588770606271029430835162
0.000006391182929425713799475792
0.000006964214336216536007371277
0.000007149389198468812929945261
0.000006883534763902625662262622
0.000006214838140390495800006836
0.000005284996119228864292220911
0.000004284654892836467997806194
0.000003398048086084579266677019
0.000002755298235368860573177860
0.000002406642988624880393996354
0.000002323900215658340618458087
0.000002424525423716453328363413
0.000002606503284724540126014811
0.000002780476843472581131470412
0.000002889042282406834643237147
0.000002909923641834885620522126
0.000002846581432578041511214208
0.000002713871172118850161824287
0.000002526398120249497816682677
0.000002293910802086242964808538
0.000002023530537052282583451723
0.000001725164198975335521518172
0.000001415539795620748604140673
0.000001117926534114845629709276
0.000000857496827940801691430813
0.000000654763083006596885878557
0.000000520362297556491279225995
0.000000453478407807100161256835
0.000000444167371326059329642336
0.000000477983403286824366611174
0.000000540527622999998613785599
0.000000620071337202188987045254
0.000000707751308943852837910664
0.000000796162099764664122612562
0.000000877803666205263872428059
0.000000944585341074688933726638
0.000000988742556570548852227110
0.000001004640902279912854897534
0.000000990487994577965255067623
0.000000949100569465680074350490
0.000000887407382405012677559697
0.000000814963579930863003143043
0.000000742109057535312103732225
0.000000678409186872995152202273
0.000000631757832411544044333733
0.000000608190264543459832947221
0.000000612215415928121267269998
0.000000647397506159067380363903
0.000000716955483421541677673070
0.000000824217217614930852724814
0.000000972800142272749388108527
0.000001166389669232546193319237
0.000001408001228354766954506600
0.000001698697554285581980885837
0.000002035905526201868485903189
0.000002411691362469582289762733
0.000002811520102089692707591009
0.000003214054233433214749666995
0.000003592389516633747285505101
0.000003916804766206723530206236
0.000004158702329509336972283677
0.000004295057023344997606032186
0.000004312485227003053225381182
0.000004210059655680959869023233
