0.000762861547777259518983428155
0.000760657502501777796517778985
0.000752407800322063688089335720
0.000738182467692063883774045152
0.000718125420741701583383920227
0.000692460163502100307583719818
0.000661495973322934736372824549
0.000625633891529850925429523389
0.000585371704687654911825056558
0.000541306992523706313399922685
0.000494137246000403602963491068
0.000444656037389650382780914573
0.000393744268512358794407518525
0.000342355649552241554298137594
0.000291495785643728310115169178
0.000242194587439459698471194704
0.000195472186459350050213856775
0.000152299127912916397063411433
0.000113552317895247506171485519
0.000079968979299038702585056271
0.000052101652389128228480032201
0.000030277960912696406058346871
0.000014569325155816883953451522
0.000004772898390789125493160507
0.000000410600607746284111189991
0.000000748129826175544898644149
0.000004835224127066773993071248
0.000011566303611314826248223676
0.000019758133038735026785516491
0.000028238616917936247108049386
0.000035938655931801509826623714
0.000041977571090855915112403929
0.000045732306701604626196326631
0.000046881691478560053314324219
0.000045419501734497522572441691
0.000041633716943458545691868905
0.000036053725762249243822019779
0.000029371679302647350036023499
0.000022347962751041799630852963
0.000015713184144253495617840968
0.000010079673320681763288241516
0.000005874066350176090021137972
0.000003299305870267609281537048
0.000002329842560582391404607697
0.000002738750281944942647040838
0.000004150734949880097259574795
0.000006111416441615932158533744
0.000008161357365181733184702692
0.000009903340594080804602144033
0.000011053247328507115294438448
0.000011468144737865391028061764
0.000011149240743080743421098040
0.000010221509771570864912471760
0.000008895385589865277740592199
0.000007418437303403408220698820
0.000006026063959146607021107132
0.000004899847883838218962689482
0.000004140398712749403695404342
0.000003758602532607824251733274
0.000003685640295952323455699971
0.000003798557271642928124985280
0.000003955198396928121480956540
0.000004030561663078032439159939
0.000003946469811350326159960118
0.000003688030785221906815928537
0.000003303396375688922051124582
0.000002887227504843430408618902
0.000002552171763320380106301617
0.000002395625092864101034033364
0.000002470318360824057166261246
0.000002766450476493594929803740
0.000003210301268131577185721516
0.000003680132725741598254316257
0.000004035737965296368922251888
0.000004154363299831890904130569
0.000003963878283600024125148727
0.000003464530585134586672033368
0.000002733330014342086513982628
0.000001909398060150051928127776
0.000001163406637970558293003476
0.000000658280787217971420484061
0.000000510608853780625100209848
0.000000762108811794541112344642
0.000001368076004166426795971893
0.000002205621480941380660060818
0.000003099760078618310946249777
0.000003861218103512098017056093
0.000004327217491096943631967344
0.000004396037058722440638534878
0.000004047867942715547805707967
0.000003347847410369297662524743
0.000002431279079802923644647826
0.000001474914764514121721743732
0.000000660914412554052585802608
0.000000141193502459355159251117
0.000000009228698235425845280874
0.000000284347427507935230309589
0.000000910675846930815482712480
0.000001769954530813671507381824
0.000002704958226229015070608049
0.000003548671933416080102977356
0.000004153823583956650487185661
0.000004417774086502147062817305
0.000004298895045459078476394934
0.000003822145649471185055283135
0.000003073329790535216969539663
0.000002183252708116371628121717
0.000001304521721443090644226826
0.000000584883332945674377868674
0.000000141599829331521084636072
0.000000041303418146634317346803
0.000000288949461430864808909300
0.000000827966052568814117142203
0.000001551667457270447571869945
0.000002323822479222934418469516
0.000003004401706038788633838874
0.000003475416060713066245500824
0.000003661712708746615457810775
0.000003542681169375528842617603
0.000003152824835140612657875901
0.000002571606292975367364934524
0.000001905283135548313346773136
0.000001265049428429561011668508
0.000000746310992849577873388704
0.000000413268979220505171765247
0.000000291397356870707802324632
0.000000368345618621078304904902
0.000000601842917448584348867992
0.000000931817938291904044123353
0.000001293466708946874332717076
0.000001628411397329227406282574
0.000001892157154287166691611615
0.000002057374092240327413856366
0.000002113688301210195885344954
0.000002065347640173370244182777
0.000001928214203331843347411726
0.000001727111409129970575953780
0.000001493859697200383666537368
0.000001265669653389313642813906
0.000001083177505011929073568924
0.000000987431929251239876320139
0.000001015542742054804825515939
0.000001195317224703149181950449
0.000001539805354045965516792869
0.000002043030335631529761307142
0.000002678158848420847311941687
0.000003398953038257856404695187
0.000004144652035940163441662606
0.000004847646084376163794953454
0.000005442644952911970517169492
0.000005875677631505221468438509
0.000006111279599723114193182347
0.000006136610611350621972655880
0.000005961891797986311671714039
0.000005617292139533166535998385
0.000005147058040643261030654392
0.000004602127449223305301903922
0.000004032627200199450563677418
0.000003481518300747790686474649
0.000002980291977357911322409328
0.000002547133241949495051386536
0.000002187473333063447803332460
0.000001896446455021106177959728
0.000001662513858638213115314079
0.000001471441382516023042631090
0.000001309898126599581299453522
0.000001168139228287760261802784
0.000001041487046032306599640908
0.000000930576073680120824545541
0.000000840533468468471692027204
0.000000779403085375138052926663
0.000000756179126927992189143750
0.000000778804381420249436983956
0.000000852426193981876911088614
0.000000978113610861493104224390
0.000001152143231388611476539497
0.000001365876013549827762460012
0.000001606182722693851036631189
0.000001856335150010553548092390
0.000002097261195130404290334469
