0.000000120097628106029700034905
0.000000216012941369400558828061
0.000000319105156064853402955880
0.000000418277515656782619971261
0.000000504214512185498622807186
0.000000569372922169379306429546
0.000000608077625971591779356141
0.000000616697511161993602579474
0.000000593856464791010806554355
0.000000540658153216981672793673
0.000000460951955304348473123387
0.000000361708727726870115918347
0.000000253575921045833268717906
0.000000151621413142170662807760
0.000000076156151047678997194754
0.000000053374429924668393722997
0.000000115414566143262909717288
0.000000299376875284892667361861
0.000000644887091427598148780367
0.000001189984593187686358426586
0.000001965433967928868964252301
0.000002987955589892597141831419
0.000004253265428926690420541410
0.000005730112071624509608098238
0.000007356615581392889970677260
0.000009040097296058360990022099
0.000010661239724180432615098513
0.000012082878751312509067196953
0.000013163087733189668136258611
0.000013771553558392769052096116
0.000013807640223213690802120564
0.000013218032293572532916646999
0.000012011484787385774466723747
0.000010268034192272589743199704
0.000008140150600785514594303835
0.000005843875434798202029651817
0.000003639117827900181720561946
0.000001799988460765752709826859
0.000000578142127530019485251271
0.000000164154756109594884686854
0.000000653391231378545186565788
0.000002023058558474769982410630
0.000004125859847074643397320942
0.000006702966507881230819488206
0.000009415468898267267207390432
0.000011889928201309905207933362
0.000013771046607102035421940633
0.000014773425444328315320370593
0.000014725013392081269346508762
0.000013596750016291860388168572
0.000011515323052986597583344230
0.000008758079920558459045051153
0.000005730440522195904792020910
0.000002926607325540173513999699
0.000000874424926561496280728370
0.000000065717737764879147703946
0.000000875194877151554787787411
0.000003474605655464551432127542
0.000007754140083625499777538609
0.000013269061183158953407933839
0.000019234234355961976809835934
0.000024589906769878125115903408
0.000028156091281049850120685174
0.000028878507962189885747202739
0.000026146601208935137746099120
0.000020136968962220235689801820
0.000012109922021729653695176938
0.000004571202909994686699643972
0.000001213492087088298204342052
0.000006578776606023496338333627
0.000025433007444588594470275336
0.000061911622831306939115404708
0.000118564474322108444185631948
0.000195483157754476133752263856
0.000289714652566587353450106024
0.000395140099544403144374987713
0.000502924472754447972853986126
0.000602532582609005117751932445
0.000683181766793138035495647209
0.000735491306680131386175336416
0.000753022246234495468315828237
0.000733399632880331504847237767
0.000678778010743785959260621077
0.000595538238614307623153276694
0.000493261563408437029958075737
0.000383178386167756324185568184
0.000276397735890124014290075705
0.000182262748466826749165620170
0.000107138496399700807338445374
0.000053832283747383345945229649
0.000021700769149777945161896436
0.000007349824532126335779403173
0.000005717638270610116371802344
0.000011274443563983124619656828
0.000019081943816474731384896096
0.000025522787190051482810772276
0.000028612252482044630007588723
0.000027911278834421298934145503
0.000024145034052119698807833265
0.000018676674509730254223173820
0.000012987079939653322334120605
0.000008275844757009577474333659
0.000005242756337545380291914263
0.000004051010577009115329620483
0.000004429014543861802020248333
0.000005845415298541389775084827
0.000007692598201868772452645569
0.000009431426478564965620258326
0.000010675146908625150957822779
0.000011213938834863662274651287
0.000010997103871355821903734590
0.000010095028987495142559099350
0.000008659292660086346848707581
0.000006890585924456753107040022
0.000005015096750891419933292021
0.000003264266585621937799359914
0.000001851978608338211068005648
0.000000946699657324772337353691
0.000000641658240096143491701115
0.000000930957096918438321345971
0.000001701219501362216301448426
0.000002745901759004151698110967
0.000003803381893400449376759376
0.000004612384619558364422567918
0.000004971926438563604892589224
0.000004790153579973825052722158
0.000004108406592914662287016180
0.000003093149730386354445102644
0.000001997126982421562952003426
0.000001099513083900708091886211
0.000000640332253239736936790093
0.000000765465763765362368649240
0.000001495104731565294539167026
0.000002721868666820300784438486
0.000004237162645927174735803987
0.000005777865338394318855637973
0.000007081637881822752508462464
0.000007938526598226541101401520
0.000008228676614763677879017811
0.000007939886560383775749379261
0.000007163293480001278755225826
0.000006069744715833527203897087
0.000004872753885246528587015490
0.000003785974812376415034288150
0.000002983659317142818259471814
0.000002571540441496370963617851
0.000002573154011225845163034253
0.000002933208435047650188638637
0.000003535943850961860472165111
0.000004233342348473182748783052
0.000004876320514393578826059863
0.000005342060373557596914364295
0.000005552314672289775946344929
0.000005480278145439270111500835
0.000005146593545923519782416770
0.000004607426014986462886428853
0.000003938745562344364609553161
0.000003220884605393839299880944
0.000002526363819624784427353252
0.000001912422332113583528588174
0.000001418192800560652340089666
0.000001065423675469674274227452
0.000000861227640182458525422980
0.000000801458560229052527635045
0.000000873777898684693343665721
0.000001060018002327697026425770
0.000001337888350056689395228848
0.000001682303153394309373438618
0.000002066633173568401663947958
0.000002464066380443809542102754
0.000002849091045090049749606304
0.000003198969794549249731315573
0.000003495000773499529786274287
0.000003723372554385427488148020
0.000003875494387265060817744731
0.000003947789554244589801718004
0.000003941042774737685641141260
0.000003859467390588414026516249
0.000003709692052684366410446022
0.000003499859610266306273796723
