0.000519287973078614976431277572
0.000492783937592463630247840989
0.000466051863968575217234829866
0.000439194155694108928460195340
0.000412283051325369786013763651
0.000385371847297193148573768440
0.000358506185883554018365565463
0.000331734904450344458490262944
0.000305119940786608898324744343
0.000278744793654383247495653908
0.000252721055956601191056637434
0.000227192578069785537219632543
0.000202336887444773817594512177
0.000178363591417118254149609680
0.000155509623617296438395640745
0.000134031356833021469011218985
0.000114193789404904897342996062
0.000096257208262600331481577409
0.000080461928231098946129838667
0.000067011893116864101080203120
0.000056058089445951897391174495
0.000047682860190818655073564242
0.000041886305550128559221575997
0.000038576011454916115143379957
0.000037561340382253322989040967
0.000038553433341600357230159052
0.000041171880147686418271232162
0.000044958687719379198408174020
0.000049399688069143558204806416
0.000053952870084405851660441789
0.000058082313567687844267032476
0.000061295514250586533239531506
0.000063181026906851547137941583
0.000063442675132182316981646619
0.000061926257771079915590353715
0.000058634887317954783605110369
0.000053729931389789248113390135
0.000047515999479891870551848121
0.000040410396313449194996732239
0.000032899686168500834576155362
0.000025488108894570485411486607
0.000018644145811111384182469017
0.000012752187538462518069139195
0.000008075782604542560005216924
0.000004737335755790152720787114
0.000002716610863922570159542137
0.000001867419765939962331493824
0.000001949014340147141720219030
0.000002666511188773746532663976
0.000003713595918690756767850019
0.000004810963538440600126538244
0.000005735349579058265196643968
0.000006336227865043679124664247
0.000006539763867142599639990710
0.000006341857062112874440817142
0.000005793633441238641759425763
0.000004983328163358826862531191
0.000004018152470946442935502071
0.000003008716586765844324606427
0.000002057263123752956742910187
0.000001249750211856322359426654
0.000000651011433027794606307305
0.000000301946134744281053688376
0.000000217913242424672810839336
0.000000388026691657245873365485
0.000000775625921761566096411555
0.000001320581923435144195780604
0.000001944144093142541154149933
0.000002556701265291429150413151
0.000003068204768190847160240281
0.000003400249787912384443052879
0.000003498136814758095697959397
0.000003340825706668069416981678
0.000002946684090933794300136081
0.000002373372914363801298195771
0.000001711069722601561613709465
0.000001069384739414300645497596
0.000000559585765243740652486566
0.000000274878983126278795652905
0.000000272246077340375348677445
0.000000559498652996861198362182
0.000001090646900697497611744239
0.000001771388700786199654117845
0.000002474665406322529263177280
0.000003064117146356864894728199
0.000003421335830776250133125269
0.000003471524680262874434314574
0.000003201920797799142286805749
0.000002668327219030597042382464
0.000001987268248855119601251886
0.000001314265671809620079584879
0.000000811924290767058139273594
0.000000614176367488123820214925
0.000000794472560646262489760991
0.000001345453294033907634064877
0.000002175588970924626231595719
0.000003124771393946948972385972
0.000003996592146340251524942993
0.000004601017859307964408960290
0.000004798347910910066404632096
0.000004534473219228601383306437
0.000003858873195942317251710702
0.000002920283674686987429721871
0.000001939820243885643140873505
0.000001166466733270765618752643
0.000000824044916939610105870845
0.000001061052765818385194257598
0.000001914507822952767060399777
0.000003296154199395364350905083
0.000005004675065836212303289812
0.000006761947084364868461900215
0.000008266143154333971526377504
0.000009250814723817017226712572
0.000009537782405568149884586560
0.000009073001852499949063698796
0.000007938216051709455701101623
0.000006336308894338369416187814
0.000004553689295670248639411222
0.000002907582530909977089865351
0.000001688848075318197499149501
0.000001111383876182059800478519
0.000001277346836489491337495307
0.000002163838919017963638186542
0.000003632238960513785633164472
0.000005456988368672016206299517
0.000007367248742668332235725582
0.000009093038972820472043011482
0.000010407436936164402981551923
0.000011158010214243427671103846
0.000011283324071426131053651545
0.000010813498825200002447280943
0.000009856684856017591307318290
0.000008575464062397730003817556
0.000007158276625783973831380208
0.000005790976847669692718651585
0.000004632732252916407721088886
0.000003799032365443886717539922
0.000003352950417025881456794872
0.000003304340602274540286475502
0.000003615584353165411183044127
0.000004211915803796300022260324
0.000004994229960232994009080004
0.000005852492376377958549276900
0.000006678275867036463807530945
0.000007375407859047768808114127
0.000007868123046322998286094055
0.000008106435061520546669975966
0.000008068669513494865639844332
0.000007761268554363303214188932
0.000007216119573875567785956747
0.000006485801026621494257042716
0.000005637279109860647872487852
0.000004744712451799006209770312
0.000003882099544721554016789983
0.000003116508069488923598946550
0.000002502541626678248698505873
0.000002078531638397755955686898
0.000001864713209238224277797648
0.000001863389962610812431597794
0.000002060855391794036321556020
0.000002430653389605689208255619
0.000002937652416082759380564979
0.000003542384251307848091485340
0.000004205151686813078215198408
0.000004889519901707043417942236
0.000005564947187310953456425115
0.000006208455151859961615901269
0.000006805364095417769333337676
0.000007349211132671335463292621
0.000007841020868745049196926224
0.000008288113009087596304660418
0.000008702616169416024476525144
0.000009099823631917949466130571
0.000009496486888387168937768028
0.000009909107141062401010573289
0.000010352261265457465090394570
0.000010836991233048623531906932
0.000011369295035851119483058871
0.000011948779676984553217147442
0.000012567566883399908819708354
