0.000292429124464542325532306899
0.000251481334681537759771080554
0.000212586910776827288718782150
0.000176464761993192214162978759
0.000143754034476367161367663106
0.000115010675636435536687944559
0.000090703096635483674886786531
0.000071206049682228785501457435
0.000056792113110246613565980367
0.000047620584773544354149996810
0.000043724126893171660099106368
0.000044994159139711713052064979
0.000051166702088510068843936474
0.000061811033991315494462263913
0.000076324013991802030273253754
0.000093933105540536918531997757
0.000113710879128494388255049552
0.000134603002733406259790530091
0.000155470436677038279654761155
0.000175144830449699582738953829
0.000192494170209612386075043178
0.000206493832287310959084855599
0.000216296691896318901823445535
0.000221295135344891125443386737
0.000221167963303972483872505972
0.000215906341412429498855668486
0.000205815057243858884512832663
0.000191488097586968257762113366
0.000173760541167366144507666625
0.000153641481109238157033020089
0.000132234703142610008751861583
0.000110654850086636488042460269
0.000089946718356287468434939747
0.000071014310346972168964084504
0.000054564645154311749899577605
0.000041069526696411368159398553
0.000030746847546365094498623666
0.000023561763360953235155311955
0.000019247174048767610072012066
0.000017342164140910808277189215
0.000017246076807258968650610892
0.000018284502638975136151917866
0.000019781679792743532531572315
0.000021131971277476772994464299
0.000021861820106466155623058806
0.000021673576039772990734465219
0.000020464342170659752446516821
0.000018316563455897078396047289
0.000015461946387488568560803284
0.000012225406489912773728805095
0.000008959771681500766979519210
0.000005983745082275378713231821
0.000003534514363666566973761103
0.000001742557026835252855756736
0.000000630620007757416957838053
0.000000133084300021956528757995
0.000000127575482406318161805975
0.000000468925033232881053907749
0.000001016779574273188420840876
0.000001651718193276939995620210
0.000002279366828420560424307752
0.000002826110957912075095081099
0.000003232280905781243087555518
0.000003448491483463769402328719
0.000003438414768815402381893758
0.000003187665692087843297548811
0.000002715078268648716277005716
0.000002080723213382459166890170
0.000001385289956782929160960995
0.000000757868422181100080499611
0.000000332917817716738542459552
0.000000221048073379652986870548
0.000000480883895805782915445700
0.000001099838148316596284548210
0.000001989854406323980138648726
0.000003000560649311581911427268
0.000003947820082913739679630633
0.000004651606213951920244049822
0.000004974564764806401902220122
0.000004852220406503282001671289
0.000004307623874759477745021146
0.000003446828890523622802752020
0.000002436041499061987491460413
0.000001465529910592875694505359
0.000000708439340106165571984661
0.000000283840162695772594012098
0.000000232394556079916223371182
0.000000510168789994221937983941
0.000001001971660366688614258015
0.000001551077480179139534492943
0.000001998313351918677784237058
0.000002221169554444402506279297
0.000002163433057539232042253705
0.000001847980828698143872121590
0.000001369391526443071644127624
0.000000868036984770649422647477
0.000000492081482259731402651522
0.000000357105015971638821248399
0.000000513939417472667900717406
0.000000933413317994324942696418
0.000001512425903376481540099749
0.000002100170606004018873294971
0.000002537889879820279948600308
0.000002701762403705582047427729
0.000002537492906809146168847866
0.000002077235246599726376355794
0.000001434105744638112312275540
0.000000775476157246041937224561
0.000000281838423522439477611912
0.000000101771385849283750888896
0.000000314424830632733482749014
0.000000908804414240944671978884
0.000001784675686582395010985934
0.000002774404872628196432651207
0.000003680024940944399986918634
0.000004316526826224690518583795
0.000004551516122132648109314436
0.000004332913975902322207677409
0.000003699657219933981990847224
0.000002774347468582373358209374
0.000001740474658642361493779654
0.000000809435917704109252648849
0.000000183756535956549095720951
0.000000022787951632717944371025
0.000000416075850275337785245944
0.000001368003434675839790257614
0.000002795572187634991778997125
0.000004539469365755338298488129
0.000006386935974094013930015511
0.000008103403685621024990612567
0.000009468498628569061041962938
0.000010311022126966210531173740
0.000010537208210350268048965602
0.000010147193472429039183633354
0.000009236317518848374859686927
0.000007980430874522813133658747
0.000006607364683271575221223774
0.000005359462746725328988206278
0.000004453924329918501658618669
0.000004048171577594037091364643
0.000004216391387221770352010039
0.000004941052401759767832476432
0.000006120133343538613429157900
0.000007587752002350048822077854
0.000009143544619881577455492404
0.000010584977302326914396380514
0.000011736908100393756362194754
0.000012473962493483636880878263
0.000012733199256367702258238746
0.000012516600625216898652071994
0.000011884654982466370698348905
0.000010943419314361864846853883
0.000009827874490872250771707035
0.000008684227992880734386710491
0.000007653295900092983052704319
0.000006856447648430741830677133
0.000006385005835755012085382370
0.000006293547042154825064172018
0.000006597244380037678321239067
0.000007273166937753352702237565
0.000008265233152320888328082674
0.000009492260959370948857571036
0.000010858272342439531025874710
0.000012263943274287381838671268
0.000013617914139026577596412911
0.000014846655647861592834430185
0.000015901753763196399874511877
0.000016763821788395588273292564
0.000017442713416296507536419266
0.000017974214498075691363041320
0.000018413845149771541957967394
0.000018828734418345172650904179
0.000019288693949710099528058529
0.000019857607218850674310429635
0.000020586090942903424695024223
0.000021506121032174642810621754
0.000022628001499497531543011672
0.000023939742887122886618248008
0.000025408647374516886007379118
0.000026984695834487758085967063
