0.000019638281510575254518993424
0.000018754791897304245052585658
0.000018453478320716518439482262
0.000018622395208893625028704483
0.000019149193365374096275754318
0.000019926696403001636383450074
0.000020857431456460545529489614
0.000021857186681166101461810253
0.000022857686526455369313733101
0.000023808474539487958798224254
0.000024678077041640333330130633
0.000025454493722168865200636279
0.000026145027320587444006998179
0.000026775428782565545177563743
0.000027388301895803904349550872
0.000028040688529454143587075349
0.000028800748871679435783544829
0.000029743467161021275464976438
0.000030945358118069767679354787
0.000032478226277658573718527119
0.000034402139894611330527343651
0.000036757918444600809395467200
0.000039559587557116450418082110
0.000042787410897322652330882625
0.000046382242779574626111421115
0.000050242031831875180053221391
0.000054221317316556197536420864
0.000058134470923408961212999757
0.000061763230473641580076799018
0.000064868742546603553613369930
0.000067207889267948214438372356
0.000068553149869126229608989886
0.000068714688775414653173004287
0.000067562834148507375556756693
0.000065048690194852230427730033
0.000061220391683002790589492037
0.000056232529994142282122986110
0.000050346606214357584219327990
0.000043921016007447525892476436
0.000037390020251564368071895555
0.000031232336174976529983952911
0.000025931283134377372903180137
0.000021929685989784937987607735
0.000019583806442650697363051446
0.000019121267159033511354518375
0.000020608107269477622501422168
0.000023929662257133159906398456
0.000028788868732759736307740689
0.000034723913428672163543863005
0.000041145024088111584799776904
0.000047387866785169151652261366
0.000052778756803069155521205419
0.000056705019436736555944050808
0.000058682645015375236316815255
0.000058413097355924264216658903
0.000055821880868861155973893046
0.000051073239455846160175095383
0.000044557995677732246009739719
0.000036854750435082276336165585
0.000028668054401584363037516073
0.000020750278543079290723746139
0.000013816303465884433198025173
0.000008461439555509860064599036
0.000005092939082921662559541240
0.000003884004416896583874421918
0.000004756471145283573024144849
0.000007394682413265239212432200
0.000011288956599398658218265552
0.000015803058582010876161050295
0.000020256793923300688063746794
0.000024012749105432327535476072
0.000026555628095812762278068661
0.000027553692268291338300081547
0.000026894358001805623159660361
0.000024689676356170157386178340
0.000021251670480249611953731115
0.000017041708035460971699687899
0.000012601618169151338448444669
0.000008476615250601611422959399
0.000005140943528496441472617085
0.000002936422724842987743354081
0.000002031911346532037752768765
0.000002408478039413311378981681
0.000003871290385638238325380009
0.000006085461472876542315967908
0.000008629872372794308003516803
0.000011060739846978443070386541
0.000012975687016341994249276660
0.000014069376786209786972265540
0.000014173277045540860980335496
0.000013274582933636550931277842
0.000011512356940382049299924881
0.000009152140536944772594837513
0.000006543219798982563636545375
0.000004065019148983334570750508
0.000002070467518697342353416234
0.000000834463583883481565476713
0.000000514731158128129478789925
0.000001130514149620915800148729
0.000002561957831252136528771973
0.000004570013675713766740306594
0.000006833711144361135123677028
0.000008999097643336448237752316
0.000010732443604121248671105088
0.000011769716747539886965499660
0.000011954957466870286934032368
0.000011261953168921484889062647
0.000009796241899680683257851076
0.000007777552634997080384729462
0.000005505807291493828843718245
0.000003316269838551078342076808
0.000001530929432495518577696855
0.000000413517066424940346762765
0.000000134662621557776298967583
0.000000751800035111993177535934
0.000002205894120873968361327576
0.000004334361898168032720005203
0.000006897165876571969262798061
0.000009611350664554476841091625
0.000012188505137948208240030075
0.000014369798998036028555647450
0.000015954224006857432513473150
0.000016817192222398058532549514
0.000016918368707815086010451747
0.000016299220242622128014889360
0.000015071998057651786676459753
0.000013402611644534387691832765
0.000011490085718910756479825552
0.000009545117362089731682093553
0.000007769816514466504350582519
0.000006340179488657234047705932
0.000005392336964228349774320374
0.000005013201473846431839250827
0.000005235820247082252177977472
0.000006039479079322016059796878
0.000007354347857923670267465965
0.000009070168878894746281797527
0.000011048160557391700556102536
0.000013134978099563332696827524
0.000015177306848386459418908181
0.000017035540269846695041319404
0.000018595072676285630990707792
0.000019774037084113778718445775
0.000020526810655499514736942179
0.000020843216119427967103656940
0.000020743958915953085789252164
0.000020273342924302161849933052
0.000019490610759065902509801563
0.000018461309108233504291474505
0.000017249890013082737214239817
0.000015914379952448251271789753
0.000014503469778102101760066008
0.000013055902491598202243825756
0.000011601654420451967955141628
0.000010164180735881523409453071
0.000008762950643922700515783125
0.000007415613056431209778956125
0.000006139361072546004494555200
0.000004951337890574535189594420
0.000003868182792876738309119974
0.000002905002891054762941209014
0.000002074146732815588415677673
0.000001384147272884607296152991
0.000000839113217123247870574674
0.000000438712095937661414558819
0.000000178742469633352799957289
0.000000052168740287533180901989
0.000000050411899123708042872252
0.000000164661795486746999928491
0.000000386997435167840025930808
0.000000711158573100606161452122
0.000001132887054784888716552635
0.000001649832516645124504443224
0.000002261080187695256989372297
0.000002966400157563670489618661
0.000003765335052547190765358850
0.000004656239152444663634484220
0.000005635362590570269487964122
0.000006696046939024641084345531
0.000007828070520677912083151555
