0.000001559818161672910713638480
0.000001370834147226824791166886
0.000001277268483503705034283753
0.000001292125679507168771939225
0.000001417939352670105587251887
0.000001646131260041309481026786
0.000001958228409618148741606295
0.000002328685383568261973356948
0.000002728806151135227118012788
0.000003131090391234879645584663
0.000003513271800461412387755382
0.000003861377877119878984201861
0.000004171309335726103605980226
0.000004448682270199720758662321
0.000004706956000701456410792878
0.000004964139769040333369394796
0.000005238592857639128651356560
0.000005544577675937401878703947
0.000005888280798903333565193566
0.000006264982867059733555802851
0.000006657942550863868368354707
0.000007039371491134352049068041
0.000007373621909580422309699391
0.000007622390013606895028724832
0.000007751366839523407605027673
0.000007737375687053209155651969
0.000007574688809489940838435423
0.000007279020639878336858849366
0.000006887776883451818003205151
0.000006455605883193979785275932
0.000006045183746248481629207479
0.000005714373135168778447578238
0.000005502180852070761152142805
0.000005416931007282101041431979
0.000005430363398482014395654473
0.000005480655128918750126605988
0.000005485581607342145753192751
0.000005364446021531463849917401
0.000005064604075849675935035166
0.000004586183885601144484566762
0.000003997721358887341169840481
0.000003436401539349020360289682
0.000003089452786516280836855717
0.000003157488277971078364044942
0.000003805300202527764953799134
0.000005109663897106082595706185
0.000007016086622526695684319217
0.000009316493510683675907473565
0.000011657448342226133021514757
0.000013584024309288610243167707
0.000014618591046337662081003490
0.000014367449726778749424490125
0.000012642300177246630762603608
0.000009578741186591929900506943
0.000005731069720517986398878024
0.000002122172624658138240260653
0.000000229835145087354153411861
0.000001896683545700508009108302
0.000009160216768334881920119415
0.000024011344774064638751777043
0.000048103169841131051078821079
0.000082444340192242525355847960
0.000127120656570299772310586595
0.000181092263285611892922183364
0.000242109903922400968977884927
0.000306781766733467788684647237
0.000370803311954751968048532573
0.000429338619961227240494350266
0.000477516871602324318325100139
0.000510985788809100870307144948
0.000526449258674180722329671855
0.000522112046121262006297125691
0.000497962062601805697734103084
0.000455839831514260479267824921
0.000399273375006470277685105552
0.000333090825757503740823378680
0.000262857490100109117674848092
0.000194213181891637702829872536
0.000132204104899752645022048547
0.000080707420676731444304438656
0.000042034174446360444369480414
0.000016768604296202280120589231
0.000003863177437442778764807756
0.000000965647390671291692558790
0.000004915052570816655236611743
0.000012315682137191995675355900
0.000020087414741004187043304369
0.000025899817763939759270464674
0.000028424107600341411806544115
0.000027375713719166779735883846
0.000023362303282515035598087758
0.000017588591236948324125245746
0.000011492505504178791855764315
0.000006393069113223161752243215
0.000003218736840307958316708889
0.000002359965522869838817085833
0.000003658369008720385649567749
0.000006514640065125093450638244
0.000010075106645380539470034306
0.000013446266953478580593954982
0.000015888541495269936556361534
0.000016952403824005969038175856
0.000016537669710910667667707122
0.000014875174263687768546780485
0.000012445274883716998706294915
0.000009857148819044273766474054
0.000007716122500337763281475292
0.000006504186177902115141558331
0.000006493128927018438359885719
0.000007702183699222649363824549
0.000009904107664625054014079578
0.000012676102718878911427571009
0.000015485383771154701779701815
0.000017793927075952346318881564
0.000019163538078999365732012911
0.000019341614670187836001356493
0.000018310544503179455400141556
0.000016289807827425713672268859
0.000013688966151040068326976036
0.000011020214450933918696410446
0.000008788690741682333743499921
0.000007384700278635612835968164
0.000007002445664680444139139209
0.000007604119042953983568003916
0.000008937405389303668232399425
0.000010601257064837001258049247
0.000012142808872299650627449817
0.000013160904935267570369634114
0.000013391020690727733940790858
0.000012752499175680553233523315
0.000011350016459990412177882835
0.000009433634299982048086047337
0.000007331959312028636551990604
0.000005377993017418449081968462
0.000003846216851102184306203553
0.000002913334844848214026495365
0.000002646453204193773251862252
0.000003014391932268315317061625
0.000003912780124288146574361522
0.000005192658620345171525901819
0.000006684962562592915317008242
0.000008217746973446810873154336
0.000009627240979030127709069331
0.000010766149259745925374862768
0.000011512489503496751823159033
0.000011780207614681091756814527
0.000011530125986077152815709006
0.000010777835200740455196986509
0.000009594834947788490108009501
0.000008100672127834083940185923
0.000006446378797528302788139715
0.000004792146080469933569587638
0.000003283901577258446819352223
0.000002033726800240083362129439
0.000001107871470841587655922268
0.000000523997066984331301779372
0.000000256958701288619904554627
0.000000250609655240957750134585
0.000000432216201476565113208009
0.000000726177984394910583642322
0.000001064633027158869281418173
0.000001393788994184501132562732
0.000001676052737973542299616727
0.000001888924657025250272176066
0.000002022043830533640328529863
0.000002073734330804009138047922
0.000002048043819404437424392014
0.000001952761001032525273196248
0.000001798416796216681143413992
0.000001597934334399999253232150
0.000001366449251186671231533408
0.000001120866724453509624475581
0.000000878901998129692083482534
0.000000657590353692700272799049
0.000000471473620271801624808056
0.000000330814415987682407600714
0.000000240226690078676746116005
0.000000198043867896350292870408
0.000000196602212649433849417911
0.000000223439867874007970386594
