0.000010337641760095907635325432
0.000012321104812311928943706699
0.000014926866193023834497848740
0.000018194068157525710582736803
0.000022161123600229044004750190
0.000026866497446658995469030012
0.000032349414034741338171054931
0.000038650257108187243164018621
0.000045810446733018806027802616
0.000053871596300612552103703745
0.000062873772539132158918354087
0.000072852703048052527552529145
0.000083835801885365061371369055
0.000095836919092015854693307475
0.000108849772491206433296280498
0.000122840100138698612520019027
0.000137736691450513718416176490
0.000153421625262709115152665040
0.000169720269731553574871565915
0.000186391877638398937742578165
0.000203121921266330023340615507
0.000219517613702991548109422215
0.000235108297313907068032748371
0.000249352466890036446062889341
0.000261653048539255876983600224
0.000271382098147845995418647735
0.000277915267313370980759024143
0.000280675215011891624437845305
0.000279181697413464742843491884
0.000273104506209419684199801726
0.000262313984230569624631762560
0.000246922813667573644476338490
0.000227312439911108322282418115
0.000204138101089928233455167428
0.000178308098710739114422033080
0.000150935614164171848271614462
0.000123264794163003795803013052
0.000096576550503461858405464258
0.000072082966336619046275949185
0.000050821752806425439540939648
0.000033563315206791363037343301
0.000020742321993594560448036235
0.000012423165342314651326356342
0.000008304626705864797626206915
0.000007763982754573991480881098
0.000009935482575688616606671144
0.000013813442400670975694848899
0.000018366897926226184647058998
0.000022651354695561886254569217
0.000025903885694404013811508597
0.000027610487584939547608779697
0.000027538752303175931246664171
0.000025733851426595926630350175
0.000022480794279241348565664613
0.000018240185634408013712077362
0.000013567716453474249507739000
0.000009029045343186278767310185
0.000005121497291726803848107771
0.000002212280092648662248842623
0.000000500038901971018619100706
0.000000002991886847448195294221
0.000000573119307405649491783325
0.000001932406975346080631227366
0.000003724402508484606677042518
0.000005572654421182727629531864
0.000007137157292378346446447539
0.000008160746962599414253548662
0.000008499332947175351348108319
0.000008132616010490062048439268
0.000007155087824105713301603079
0.000005750153654866754662864509
0.000004152679297070577150790497
0.000002606758245656356741946393
0.000001325809734241874095688829
0.000000461245963111543649111358
0.000000084089570670684693662979
0.000000181449873338044935989325
0.000000667141721307472191906864
0.000001403419252321719990644639
0.000002229178050455317029320164
0.000002989281891128129794944681
0.000003559941340215395009328537
0.000003866183701684260736407793
0.000003889145571483915840734196
0.000003662854716291907208126953
0.000003262002563281371156356236
0.000002783646558270869307338607
0.000002326617260827887697814328
0.000001972543689994888630752758
0.000001771871416964850146281334
0.000001737152627026703204617315
0.000001844437202329431579899853
0.000002042040745738280682489499
0.000002264577143855150572322949
0.000002449164870694359526128846
0.000002550330837453879970569155
0.000002550429013003548506883979
0.000002463327913287983706819252
0.000002330539850947168647402746
0.000002210597266223086975573623
0.000002163997069766819996209078
0.000002237104066258759532724934
0.000002448773691542500169669250
0.000002783002760557863660014453
0.000003189698477414655253768788
0.000003593898936305463763778850
0.000003911846234694285983474714
0.000004070631100277113805527372
0.000004027089206812185134039955
0.000003781505149390719851010831
0.000003382550761396885782882667
0.000002921611903901365652521781
0.000002516905624030024417477590
0.000002290088828769492611167049
0.000002339907167555574508510229
0.000002718400553326459081430327
0.000003415013574426177665364305
0.000004352633586714100566992299
0.000005397323654448818637269919
0.000006380767636657613386193429
0.000007131758968793334737114407
0.000007511008221167880051548707
0.000007442568376388887395518363
0.000006935518074342708733071548
0.000006091168852241170926097198
0.000005093670898013166417226880
0.000004184972594313775796849748
0.000003628029895539305830224263
0.000003664378634115098451961255
0.000004473245480978885085560255
0.000006139093708976063018642640
0.000008632967945181909061856153
0.000011810557086464199065241679
0.000015427042395148491234690633
0.000019166094380879653583061792
0.000022678312133095634316919467
0.000025623279212283236316990628
0.000027709339541743647648743692
0.000028726058995242416318344203
0.000028565855520380136492670023
0.000027233095408431394360369154
0.000024840718226236235658972024
0.000021595902248705522422003028
0.000017777271244818607695125506
0.000013706650105778482725497197
0.000009718472118858070710276792
0.000006129742348400294042558810
0.000003213087176898864435786903
0.000001174954307549507677140097
0.000000140510745214410543275457
0.000000146223395361853244682840
0.000001140489827125310873018240
0.000002992019116249675451653465
0.000005504977282092879053922337
0.000008439273914243253311615565
0.000011533862578933776112805054
0.000014530643404565821139354763
0.000017196552691162258732137866
0.000019341717862746493980389065
0.000020832110367285500932433423
0.000021595860643926570872049367
0.000021623193955465332068187692
0.000020960682778355646169437393
0.000019701086729919832643076819
0.000017970396571636859808047612
0.000015913791567416338300963025
0.000013682080338380750924600314
0.000011419879557127609733479211
0.000009256366745014903518024539
0.000007299000265175162522387348
0.000005630197420972346669448480
0.000004306646300805617495364649
0.000003360721123778398222194368
0.000002803375180400901844316071
0.000002627884620549895881120531
0.000002813885576152471488088711
0.000003331258980600928416452916
0.000004143546916571823206557838
0.000005210711734073957346140803
0.000006491161273444451121957671
