0.000928831599850365530537943393
0.000914970993717932026996486616
0.000884684140713056280623527439
0.000839178288636640841262337442
0.000780279260071646660508470905
0.000710350028986849488070454139
0.000632180047533733549709744626
0.000548850067389707670269249906
0.000463578378434852437194046981
0.000379555291241874212006257583
0.000299773601263316619158771914
0.000226863909278456673396240362
0.000162945044415280026551054449
0.000109501160102004252753192526
0.000067297785808801969783046748
0.000036348496372178946891163404
0.000015941241424721328456739350
0.000004728408219455007224394857
0.000000877551478909699337603069
0.000002271227476927081047217106
0.000006735898175497599678189248
0.000012273134346837922406341613
0.000017263015398862829148044634
0.000020610930644554296752935310
0.000021815394864824591195486339
0.000020945513477889639666375265
0.000018530939493594547574570330
0.000015382359307542319806945408
0.000012374063762080593785507368
0.000010229247865096994298548042
0.000009350912662602195633506676
0.000009735006148505052534728593
0.000010987476615365309877457925
0.000012444830151209276057990873
0.000013372381152329262346978994
0.000013191477014747659551202087
0.000011673450654159915645296033
0.000009040027242853163969363295
0.000005930319125214929127363518
0.000003230915898070415250204791
0.000001809146850572125312769565
0.000002226722764636539533507961
0.000004527163881975245986091349
0.000008176006463762213174128156
0.000012188040928284279767676579
0.000015413120355133936353192459
0.000016892996600980702615654033
0.000016169523040937499962482055
0.000013434768297122232126941666
0.000009465838494774083240962739
0.000005363906606863326515671504
0.000002189080721168212888489216
0.000000621483537004235266942886
0.000000768035902778467639734111
0.000002177796130539848266412109
0.000004049083252138473510773394
0.000005541127183964898653535745
0.000006069360991168763183644178
0.000005478365207280065968969453
0.000004041168480390711271630841
0.000002303676196004159895322494
0.000000849498984732582911358996
0.000000082294567489554948367840
0.000000104724965920837864597665
0.000000726597714191637843233953
0.000001581224023168036304148659
0.000002290331769640562584942596
0.000002607337032188726649840037
0.000002486919396870526163806489
0.000002064813069865978520346043
0.000001569101527229907263059688
0.000001208318979227574947686303
0.000001084748435004282184686720
0.000001165039310480125108569088
0.000001313478533840591002177347
0.000001367611762901180522185199
0.000001221091846429452384942922
0.000000878928109448367327378331
0.000000463825258721914688484183
0.000000172547661424256600529539
0.000000200170722957373543982826
0.000000661141962387037384710231
0.000001536238971265299424413852
0.000002664711971010006416637258
0.000003785122159701917567218698
0.000004612026786343684068994811
0.000004923805607048318877310908
0.000004633035733323081520557227
0.000003815992622334750909848453
0.000002690605235517570327144878
0.000001548807999731177267003926
0.000000664620679490048800316319
0.000000208334500878722096067739
0.000000196367232653807098361471
0.000000495160518024909724803609
0.000000879044926347579536961925
0.000001122389382438921318275353
0.000001092739552751406784640445
0.000000809612661677871917401128
0.000000444790916168321370162300
0.000000260992959923312443075726
0.000000509245486215216322619292
0.000001322201438861745217501296
0.000002644130579510073377050077
0.000004226321311771472949328065
0.000005693159665138688604304942
0.000006657878162091878095573370
0.000006847991744819469679542764
0.000006196243746245797253476180
0.000004865237076163347600013358
0.000003198040053070573986561485
0.000001613484641356793113938601
0.000000483386050406582492531020
0.000000032733334137906909781564
0.000000292458569018151502551890
0.000001113326637256036415055604
0.000002227925349879466085666101
0.000003334116871740526050215975
0.000004171751558011174327330987
0.000004573347886023712019975488
0.000004482933035633855479800379
0.000003948542031312749208478603
0.000003098767823820419322055362
0.000002112281953493934295878641
0.000001184888147171779941929323
0.000000495681452664652700110433
0.000000174478909890421175304899
0.000000275809257668803064568100
0.000000767078690209521563458169
0.000001536973452307466931073096
0.000002424156740844578883972271
0.000003258446407301182364652740
0.000003901160124902553204577146
0.000004271472278034361708815014
0.000004351704762006888389206261
0.000004173481523461453318157161
0.000003794091934501526497332561
0.000003274746517454471117226618
0.000002669065831770478772926643
0.000002023475596374970656625512
0.000001384926722763786147046600
0.000000808484872861925204552561
0.000000358608844377339726531244
0.000000101933199720661359769114
0.000000093655217293185241408234
0.000000362237748304264852260820
0.000000897449035522195573156288
0.000001645369356644266774683636
0.000002511979673498454010931299
0.000003375097396287486758330917
0.000004102950738902078402453675
0.000004576459414882212433544392
0.000004711283150917701934815192
0.000004475198242095939319014613
0.000003896821216475517090217871
0.000003063354710141964843479918
0.000002107599482130048753377848
0.000001187170379333525424122501
0.000000460725740695211478671059
0.000000066419216527024505348383
0.000000106656235454196606934672
0.000000641112063743068355600588
0.000001687666004905121282901061
0.000003229162888274109588677974
0.000005223109598385933092677333
0.000007611522100653567241760993
0.000010328852527921196361761214
0.000013306874616344372948360114
0.000016476312280055014562567262
0.000019765731084022328652377923
0.000023098750102239119384641558
0.000026390970465429320495915483
0.000029548126505474677221552843
0.000032466790167571595796935230
0.000035038465433326596747739407
0.000037157138400699223079737266
0.000038729440770162015393769661
0.000039685755879498502748242705
0.000039990077951318985351528146
0.000039646399405082195083454416
