0.000010773248710268588557875148
0.000010149801432335513041277895
0.000009420473288684557983813095
0.000008609295624781095773205009
0.000007739515860286634796544672
0.000006832468616363806465381203
0.000005907949353143133740013000
0.000004985872956222008744878518
0.000004088670986287889472276039
0.000003243689054216010196407061
0.000002484800280721281243601767
0.000001852538874270518006527912
0.000001392258068613534902351232
0.000001150109394882163630754383
0.000001167008663158725913924578
0.000001471175517055287547055339
0.000002070266070922179864045821
0.000002944489703421766032821446
0.000004042309948427522423930816
0.000005280264117787384291983349
0.000006548013256926124271923087
0.000007718943386701383467291167
0.000008665578978255457793513847
0.000009277948395432099499852835
0.000009482133008143636153700583
0.000009255794828974015729097444
0.000008637660677239246027349882
0.000007728722763695426644053703
0.000006684110983616438194786658
0.000005695931003260708994984703
0.000004968607255946401679786231
0.000004689310126745016968536923
0.000004996905378343783771255288
0.000005953605737124522320475976
0.000007524086102894598372507490
0.000009566986223665189105307138
0.000011843023658563802918259299
0.000014041946406054480486844810
0.000015827157891967068195204077
0.000016892507338362100429178178
0.000017021524454333441698453827
0.000016136703177770032570847655
0.000014326562241391390114066996
0.000011841684747291744719236047
0.000009057273457922116746080660
0.000006407458232923809028462603
0.000004303600343705219987929834
0.000003053216004551890116363363
0.000002796711502391748770644537
0.000003475826295220789325160753
0.000004841519114128738658826574
0.000006501642386477910338818224
0.000008001812108992098000097640
0.000008927595511944569001204323
0.000009012970861445220851701499
0.000008238755472457083591625825
0.000006904806413666970489660755
0.000005660841513461599288118634
0.000005482757442088644367231363
0.000007585003263305205336284633
0.000013265973860626537736613108
0.000023693442068445534826916232
0.000039650753522291080834395044
0.000061280209476495173703987362
0.000087874108753952274455077676
0.000117771069518176460977527953
0.000148410004744886473999204712
0.000176572810150787387530740835
0.000198809844698885802849464000
0.000211995614226409919865143361
0.000213917045950263307171543281
0.000203767657263687637734378422
0.000182420693602471117346353058
0.000152389451511735938768477006
0.000117449754500097890358781272
0.000081983000521305781195871565
0.000050175414211536557146375870
0.000025255833198378087577897974
0.000008953169262029412990371545
0.000001302045494415374848022485
0.000000833934138690743224648760
0.000005087756894675565031273354
0.000011289959387743449779895055
0.000017015723732779922203889322
0.000020661752078773818088039058
0.000021629486962588124728326666
0.000020211817274858317073499281
0.000017264415578688851879906804
0.000013796524161482269049639957
0.000010620370443199576664366351
0.000008156728763971845392027199
0.000006425658646456824634319964
0.000005183150939032348822690672
0.000004120527058206246044994286
0.000003036588362646294816823934
0.000001920063434576426426560409
0.000000926530875195421959003464
0.000000279029566432641710222985
0.000000147699110757069637413829
0.000000563528157434111005344142
0.000001398712774997260394727700
0.000002413740345475447634149193
0.000003343800832986345003886280
0.000003985021736989310801218059
0.000004246948459481515860758707
0.000004156425376196215464648549
0.000003819856375271153338293428
0.000003366267304267316657365389
0.000002897344089553741792818610
0.000002463059133017597174687262
0.000002067589695895707595587904
0.000001696693918187767675871984
0.000001349963985323674267409661
0.000001061593662312017729732892
0.000000900140988743684441873326
0.000000947572348706263166789291
0.000001266487499734993080880005
0.000001868823093449359685154824
0.000002698469322606578476322859
0.000003635013723915773742626986
0.000004518443098720807324635701
0.000005187676489108689631564973
0.000005521430716030357045264604
0.000005469317975176155716392906
0.000005064220770682235383034452
0.000004412752985900841925929246
0.000003667135036982442221033729
0.000002987063124105531217243169
0.000002502575771959054184648144
0.000002287897792309802489296115
0.000002352276045538289164001794
0.000002648334164210405911022393
0.000003093291290841911840071334
0.000003595115968455582606210473
0.000004075188578619110179787881
0.000004481236045903972795738986
0.000004788253076822413087289959
0.000004989438434689906124537215
0.000005082456773674127943922138
0.000005057603403766911499763077
0.000004893384577930475731982578
0.000004562037199084291269775542
0.000004043600675256880248766966
0.000003343628388940374402559961
0.000002507713119126384500843802
0.000001626441260759992651121477
0.000000827150520932185777034568
0.000000253082994938441826502854
0.000000034764423314944867753544
0.000000261197220756525951714221
0.000000958733604370117141143560
0.000002083210404311767271849903
0.000003526943805136307123418308
0.000005137959870493076608801743
0.000006745831040917543155403108
0.000008187579634990851300616055
0.000009328306272857716572688251
0.000010073738729523604417672930
0.000010374642925831335221590647
0.000010225000742958879285863898
0.000009656558106325775937958319
0.000008731903627620341432828514
0.000007537199199156758455024965
0.000006174696488102076265985264
0.000004754688640414714806382238
0.000003386673485254677786610022
0.000002170043312982903350056305
0.000001185216402093346940862335
0.000000486469913612455050459132
0.000000097664641440707989406688
0.000000011600253415046714141794
0.000000193072333017213628803335
0.000000585033127561715092819082
0.000001116764009085104192612551
0.000001712745249436557662647525
0.000002300966486001021364308063
0.000002819701940693898839854215
0.000003222185390199105664788210
0.000003479059772331594810101723
0.000003578853602260619529417405
