0.000005993186091649877672625588
0.000004900485916274413341502982
0.000004018044520465672493386884
0.000003335566257513627416345743
0.000002837670581485433590870817
0.000002505210018937338395611601
0.000002316378598306933442882785
0.000002247622067043430753199677
0.000002274395549871217046301874
0.000002371831074160421854921370
0.000002515377672820690210504866
0.000002681463348771530229796255
0.000002848205140748341443891322
0.000002996165880913008030752990
0.000003109129391414810254871395
0.000003174844911509096069871481
0.000003185680340242952863594010
0.000003139124188819240326379229
0.000003038087062955592976553091
0.000002890971498837123178002589
0.000002711498667061772983811942
0.000002518296099198413260858561
0.000002334257965269750898797650
0.000002185687517369385587614507
0.000002101223132863420014338060
0.000002110541538092077634963112
0.000002242832602459458876480690
0.000002525056817287834211028770
0.000002980032475969004436241235
0.000003624451968628947822777383
0.000004466986744332121565771374
0.000005506695559363611577386767
0.000006731987362072451583166165
0.000008120398875313135001363825
0.000009639424337486412127664302
0.000011248584390376010301365248
0.000012902850308156257574097349
0.000014557455540063839218565579
0.000016174030104651323868454257
0.000017727877461126007589036283
0.000019216063850239477886960512
0.000020665792101623112615423408
0.000022142281002415234257953494
0.000023755084415764900928518324
0.000025661507722386713448853302
0.000028065588897146680820871706
0.000031211103613847160354304727
0.000035367324072355568590798891
0.000040806878470856091734378368
0.000047776035559939803787962015
0.000056459012614012356085120559
0.000066939325765256178129083975
0.000079162543375418348789128442
0.000092905794030412742730631881
0.000107759748755350564142392600
0.000123128325525774078843740944
0.000138249946454091325598323436
0.000152241859468585502210280502
0.000164166033001729915960509310
0.000173111819782165859971101440
0.000178287455967377444056645719
0.000179110050996909641674373348
0.000175282523743301325630170040
0.000166846307105346288454997272
0.000154200715796531646981787356
0.000138083525115065253695278980
0.000119512142606381039700892688
0.000099690135062734165660204566
0.000079889013161702881592879377
0.000061319252992127180087837679
0.000045006824810053551921742304
0.000031691510958231880229658828
0.000021760865322681627407469529
0.000015229021447229242465460849
0.000011763301452084656142731654
0.000010754626636047771783433885
0.000011421170946098403497842230
0.000012929617607916060067520247
0.000014515674236684881115606871
0.000015585709071209263826924760
0.000015784547978008591032636834
0.000015020158014343907388818411
0.000013443214956156127582961347
0.000011387168292760039032618727
0.000009281034926958414829276101
0.000007551575263967589018607954
0.000006532914173764168788054521
0.000006399794306869592403733300
0.000007135836695367747143042923
0.000008541343635111993705106952
0.000010277617526622293841228988
0.000011937935386361680438049165
0.000013130515773126839206745922
0.000013556938984413103603727559
0.000013070840482839611628243515
0.000011705952669482867613075759
0.000009668812437349106939077879
0.000007298398685096551241331762
0.000005001230568455965034852656
0.000003174844714820511359357116
0.000002134303963776802609732123
0.000002055262575595433158134320
0.000002943492920263369654829957
0.000004635504108369414781706981
0.000006829056742239652269760644
0.000009137124184554591221994052
0.000011155087837834510374086794
0.000012529233227833315011262583
0.000013015053491478095965602074
0.000012516184985147419067661595
0.000011098423366618666687302697
0.000008977484345269812481297664
0.000006483276234667603642679821
0.000004006858494493806778697677
0.000001938572592566797238137783
0.000000606844920861794990843917
0.000000226844253907247944577276
0.000000866632843321963590832826
0.000002435892462663869504138625
0.000004699038520364898617750170
0.000007310946577076571394667587
0.000009870069562107588507669440
0.000011980922945805112908752854
0.000013316235045019372964592366
0.000013668859707412273128777219
0.000012984975940510185465816967
0.000011373018188351955435385493
0.000009086757416249200140952180
0.000006485307975963323161533274
0.000003976767876885414258682390
0.000001954955275047843375334396
0.000000739741611758935537854361
0.000000530605148850107769323281
0.000001380434612684261730760531
0.000003192848899191241599356201
0.000005742137224055269721168307
0.000008711183968664480402354679
0.000011740108647615922729296085
0.000014477233561864153330521997
0.000016624456757710286651649398
0.000017970897256777149727114545
0.000018411299054646200137755688
0.000017948534350055541286474842
0.000016682077670197588658814250
0.000014786124549034711185471064
0.000012481906821156645985863506
0.000010008732863011997248569272
0.000007597547336785825789861985
0.000005449649153148346163795697
0.000003721931251032281975660992
0.000002518861946149260290419430
0.000001890573255911862966008275
0.000001835913098636398665047332
0.000002309126198974179372731298
0.000003228869649815192162671702
0.000004488442117702366793011767
0.000005966321327717546088998789
0.000007536303436520856152279653
0.000009076695615389016540521319
0.000010478133444570603193066877
0.000011649697225770512862665432
0.000012523107909827014384103114
0.000013054907593365890338408045
0.000013226671757944753304424984
0.000013043448294775962205882189
0.000012530751856484596238076532
0.000011730540259711829753977441
0.000010696646947382715262041090
0.000009490133740648830612107040
0.000008174965580099090731928772
0.000006814306772359112032754272
0.000005467614794082800065916708
0.000004188582499500543269597627
0.000003023869744427080691345387
0.000002012483309943980227044169
0.000001185616221067071458192830
0.000000566745375383284176230858
0.000000171806785568548934413222
0.000000009314639486881511312558
0.000000080355808826061510014280
