0.000000717116288933978642377025
0.000000725747739114364642470478
0.000000739296683125337894522758
0.000000765218384725524886590380
0.000000806854444243811527716587
0.000000862516285074945045518752
0.000000925505458447146755733711
0.000000985009112049163180609645
0.000001027741252631062262128656
0.000001040135922414875545332280
0.000001010843806275927553493484
0.000000933249836607186842728397
0.000000807718175483592688830928
0.000000643270255534973556328280
0.000000458391273845021590745033
0.000000280630463131286696465373
0.000000144630968883496110490616
0.000000088258060187135651956833
0.000000146681597492783529332851
0.000000344692735024183657330650
0.000000688208885157557417416819
0.000001156731035067136153669711
0.000001699200970191133930965776
0.000002235896996976691839534778
0.000002668357619426920955313549
0.000002897673301350962850287622
0.000002849018724092334116067618
0.000002497593694676973102755235
0.000001889084104249034658142958
0.000001147272808617106751094073
0.000000463145678973185700126055
0.000000063753030060165178546081
0.000000164448628154672206066707
0.000000913559334092331146119485
0.000002342417100894501516523223
0.000004334658082603324166456622
0.000006626119131485059361372225
0.000008840812647799757442810403
0.000010560424387806201923772215
0.000011416147634566288591312366
0.000011184205749302440733596552
0.000009861860997670603021453620
0.000007700686430722864618059545
0.000005179725603682509878634803
0.000002913412090476156128196353
0.000001506622295301543717005260
0.000001388360232974417246532527
0.000002670199879438987906833582
0.000005078590266555402059616559
0.000007996223557620435112912143
0.000010616968948326775746865587
0.000012178918225212174893936842
0.000012204910490070918220768814
0.000010665454454961195148799194
0.000007996108162749525208930906
0.000004949414852641190896629080
0.000002325710606892002098170565
0.000000682514925525215974066139
0.000000143009013915921317419819
0.000000395515223068358649110600
0.000000902898575486263705734864
0.000001249170609814764215092292
0.000001478282679036885800022048
0.000002261913932982386726670311
0.000004784384360779906755268588
0.000010340321496342083537308201
0.000019764859308231141367655920
0.000032905804141486252596508766
0.000048360733680607035831454377
0.000063626062202243820588656864
0.000075662564505193168301437623
0.000081724611090373770598029035
0.000080189518101485000628643462
0.000071104620349926093525287640
0.000056254128920199514924879725
0.000038706904149267986031245775
0.000021982220737460201833877657
0.000009099012169424153476256743
0.000001808810961449425941629967
0.000000243115540758508465460570
0.000003060294740717867759555995
0.000008010044800417637488607406
0.000012704397431610811941365101
0.000015335475329798231716249904
0.000015122078335840688137871671
0.000012377331628980649873782681
0.000008223843586250730505467048
0.000004093227488778127471432278
0.000001199291001282116570999820
0.000000158536831339527791318728
0.000000861914882413901532493428
0.000002607907935863136033883278
0.000004422198450383913317723265
0.000005438453126309306052878906
0.000005208778427823383566663308
0.000003846875086079271281280616
0.000001966930134514681366664180
0.000000447363165613878602029261
0.000000102219945369162869487231
0.000001370582773876416661116770
0.000004128994942470105248156359
0.000007694609252438039791329415
0.000011026765204830518788412311
0.000013068396630313510559887741
0.000013116644822216741417784946
0.000011093441966195913994013347
0.000007612271672710953392387151
0.000003802994125902405208688962
0.000000942718924623692092209875
0.000000016383011033956212865859
0.000001365092931641784735534526
0.000004555731857158688345005824
0.000008526786404171099445687722
0.000011961040541361079892227967
0.000013747166491586446606222929
0.000013356739027514690003285366
0.000010997191652914323076661515
0.000007491542871786728812876638
0.000003944391379423427585631558
0.000001334567600403297050581496
0.000000194486929062369305969184
0.000000489055289711513734242550
0.000001717066809357185986321817
0.000003167119588397115768099678
0.000004207351731312855931059057
0.000004492521290225576432195240
0.000004024393091288577761451602
0.000003072495226429833709003419
0.000002017774577045928642679735
0.000001199268920239985204007072
0.000000822489363909904305762410
0.000000945345811687111144369406
0.000001518036136121521823897349
0.000002436000830760686721511736
0.000003573725428828546133526358
0.000004791362620045548262976906
0.000005928843344131259180621735
0.000006810118416010400845211990
0.000007270779226698159858246606
0.000007203553416143486055271249
0.000006600769072788578370469814
0.000005570333162505041349845704
0.000004313195626794718146024537
0.000003068599693916379733324689
0.000002048247036606187263750025
0.000001384294923922153262705508
0.000001108016928606348976992283
0.000001161457249257958430145891
0.000001431398466413827171237198
0.000001789210771173567595331661
0.000002122659247537851626033787
0.000002353218590898281052903014
0.000002439991808224974353551178
0.000002375425850125496100568971
0.000002177993849964239618478487
0.000001884586270589920422441343
0.000001542945299083748029545047
0.000001203614557139573641681785
0.000000911566608209122356337663
0.000000698857906055522136188414
0.000000580193228263133292335217
0.000000552674967854692193174764
0.000000599610485627240781159757
0.000000696850399267193592963321
0.000000819434600252233160322043
0.000000946573086838781214612476
0.000001063936713499059289958363
0.000001163366613045873044376510
0.000001240950218405815709863489
0.000001294707543933565209749443
0.000001322906942449831090710612
0.000001323496954283017293439815
0.000001294569450861257589550511
0.000001235373483229783427719633
0.000001147279051056771892545122
0.000001034226257881905973801183
0.000000902484819617648195942412
0.000000759858636030672867648554
0.000000614690328401708425051504
0.000000475099295911426293932494
