0.000004754399126246473209628229
0.000004841441116048418519593726
0.000005455792809499146342683620
0.000006633536155376458779591494
0.000008407882446852241840212251
0.000010810962289065646131668887
0.000013875603190232513618469594
0.000017636912938212567780738027
0.000022133487729451972324430653
0.000027408054641491519137948274
0.000033507341424863495570225791
0.000040480948472684505411254424
0.000048378986787493585657038420
0.000057248253084237951931328992
0.000067126752207618818439616160
0.000078036461866034129717176193
0.000089974377704258809169274302
0.000102902085353377996043700016
0.000116734378614402996765173071
0.000131327764391621083480202192
0.000146470033929899687112630158
0.000161872387333937464010125140
0.000177165810227011258273094318
0.000191903445656142274599806341
0.000205570512500218423269579548
0.000217602844242361601620819322
0.000227414345430248507123546786
0.000234432624389694456218044549
0.000238140855461049701915707266
0.000238122704422706669936601886
0.000234106110354724691532957159
0.000226001062458924351170758138
0.000213926422793715698394273472
0.000198221441113317719097744463
0.000179438900857765038388685896
0.000158318720384158695326654032
0.000135743088164196339280576087
0.000112676523605626091378492659
0.000090096276952131488548192184
0.000068919888193784059875895975
0.000049937279861978284213781809
0.000033754361223474155879933217
0.000020753826945818942844744145
0.000011076841108413180996992639
0.000004626909315524646835223865
0.000001094801023632790880427959
0.000000001211011359412520196663
0.000000752186711853316391176061
0.000002701334658166496202895586
0.000005212485437941061302712011
0.000007716789098087179608214704
0.000009759030186521337017226639
0.000011029177789677977882150384
0.000011376712343461011496081707
0.000010806998281205220884915001
0.000009460795378489158220596499
0.000007579791703559150923218656
0.000005462627108362780489726144
0.000003417052513615866087833646
0.000001714424563280030049201223
0.000000552497839016086955769283
0.000000031377348354872879322777
0.000000145607431975212633169835
0.000000792937402044712014697735
0.000001797697123747642316223309
0.000002944392299216847467397112
0.000004015529125029636426248269
0.000004827126353096599136653731
0.000005255998893949659733055256
0.000005254594177086973345153741
0.000004851601020328637931813224
0.000004139244740130445814778933
0.000003250593482462691453667002
0.000002331856635547320073044474
0.000001515252257391713404681335
0.000000897483567397327044479498
0.000000527362136585895758107657
0.000000404010177732361768582149
0.000000484837010489293874842751
0.000000700586894612539404416783
0.000000973567793244149243137172
0.000001234890063886471733283910
0.000001437162861149677115741381
0.000001560417626336202315923910
0.000001610721835033124704777583
0.000001612626281185972612340390
0.000001597898425302215729741314
0.000001593675760936388185705901
0.000001613115721668854508338625
0.000001650870647669846019126201
0.000001684466803974870010161455
0.000001681200860178724629251249
0.000001608807387256602876234274
0.000001447190670364926489034748
0.000001198162396417995710889547
0.000000890467188301844289547023
0.000000578351869876586923591860
0.000000333350165123317058647490
0.000000230522418917458613653359
0.000000331776595874146796339576
0.000000669791426152102820230081
0.000001236241793092203351291363
0.000001977405863131737020403720
0.000002798893713519519995270440
0.000003579417631787381593713639
0.000004191582344036747818992288
0.000004526016320344151462216550
0.000004514165798477008019625421
0.000004144987455193162515496887
0.000003471681024264136138210348
0.000002606370709770193178143709
0.000001702954848702633254605029
0.000000930745795924419080993862
0.000000443523117930394827693999
0.000000349790609609298323949409
0.000000690084605596722559851829
0.000001426070836204977604892057
0.000002444072499260702665874103
0.000003572984250646302835548174
0.000004613767777897226514925710
0.000005375441668545136197129158
0.000005711129830334325856383906
0.000005547592470528557076199592
0.000004902763383895613396256351
0.000003887941140011663033071877
0.000002694013046463576955505837
0.000001563901038954497209812066
0.000000755778518638292933032883
0.000000503094155900296997593944
0.000000977818355721324117911368
0.000002262591296101103469757231
0.000004335801649802012729031236
0.000007071421235590936580012785
0.000010253091844573497832941202
0.000013599912842910847360507719
0.000016799918295513156969722690
0.000019546519999915521685184688
0.000021573232294643008985978935
0.000022682660905157164062291575
0.000022766826713981660459604206
0.000021817178572960456455669467
0.000019923925521045940189397358
0.000017265442804447705781164743
0.000014089397206600593341120110
0.000010687868583468673332366461
0.000007369122266816643497327425
0.000004428828600017010370970029
0.000002123446010757972201828461
0.000000648191726486492787940230
0.000000121529952497487213973043
0.000000577435106811538292453370
0.000001965885856805249697678304
0.000004161190364887029264641914
0.000006976931961727341540368229
0.000010185661310923436372261400
0.000013541036033739851286868648
0.000016799978668627796465169164
0.000019742599745767739553674314
0.000022188076769305208963333972
0.000024005312892471777149079604
0.000025117916780964766277836620
0.000025503738546275347683165574
0.000025189771594665756756191433
0.000024243622455609277672496094
0.000022762932903440956692534686
0.000020864120118699596047318057
0.000018671619340971877499483350
0.000016308524948138696647730733
0.000013889190520656626145687418
0.000011514020542331440159701701
0.000009266406815953544552611452
0.000007211555539998337901411857
0.000005396824132942757432443437
0.000003853135052673155819616142
0.000002597043239511453439330359
0.000001633086664023547929095511
0.000000956127835238340573247246
0.000000553482319613694215162903
0.000000406716038487605427611930
0.000000493067640034270763913112
