0.000001018962843632556267178097
0.000000836664264762467333359927
0.000000814689362823284009360730
0.000000970693440509161460606671
0.000001316391232636400383714729
0.000001854944546594501547493957
0.000002579253200711977440104730
0.000003471815370496250354381482
0.000004506530055756464202905594
0.000005652287343569224360175472
0.000006877579547034112179078498
0.000008154882361538279609116178
0.000009463391701798106803774496
0.000010788946864458918967590376
0.000012120579550914109678437687
0.000013443963050487958693765198
0.000014732940263302363710184832
0.000015941157191012151722294202
0.000016996497929219216605108145
0.000017801305888663504099550181
0.000018240953011913804812562517
0.000018201824601552724292507709
0.000017597114747031135942529137
0.000016395453378814730551176621
0.000014644492532301750138136985
0.000012480725031923528973694729
0.000010119159281422685983794704
0.000007821949415859151256936663
0.000005851991325673720499068488
0.000004423084598530300522558137
0.000003660035260861989968154441
0.000003579206155606716526314985
0.000004093875330531429287180684
0.000005042069275985812527418172
0.000006229676738758561991941842
0.000007479264184374780106295561
0.000008674099104238587815488004
0.000009786385572723825000945180
0.000010879311795837951775561304
0.000012076770069894736880315028
0.000013504700570200194341191277
0.000015222315473693322348744394
0.000017173050011367700380237461
0.000019184438960005881322657545
0.000021027613963864862989868593
0.000022515398217980987208199778
0.000023588890684360391434767901
0.000024335900527882993005061862
0.000024912069517433094888907499
0.000025389584733565705745817961
0.000025612348427130424431729175
0.000025156711324400224811777618
0.000023462434186882716064415783
0.000020116726844803181623163799
0.000015181654900001137709292590
0.000009401557729624006830553701
0.000004148908023192565509905221
0.000001065755028587710580065110
0.000001495117435461964698557901
0.000005910117573371792905236998
0.000013581512889603278003446997
0.000022653470277615916298862703
0.000030646124358400649988643655
0.000035232142129137978289830230
0.000035014819900369413443845523
0.000030018979156332846946683701
0.000021703080041432871647149455
0.000012475592896719508003095314
0.000004883616199657999043548008
0.000000765418598812360742795254
0.000000672908286962159691397493
0.000003768842749969233315703596
0.000008225064817555231781579829
0.000011960279258602354358377584
0.000013430959841261454654442846
0.000012175120230044613671253895
0.000008911022730539194889459731
0.000005170752522209349320435508
0.000002631028966715703165538467
0.000002417823341756224480859601
0.000004662373569824963267333937
0.000008475747556849662288597051
0.000012334829066466052166213367
0.000014707646845140117042782454
0.000014657706860053793551678693
0.000012188481894002403064375395
0.000008206202744433121923188501
0.000004138041430200852436964692
0.000001375787226873510200194869
0.000000769903498736188113431614
0.000002359968548435714703469680
0.000005419800219069395952971226
0.000008769639738499988103120550
0.000011215560786572289846910883
0.000011948877507298905114229912
0.000010775943302501036276819929
0.000008125703319246305162239577
0.000004862807845521687410625389
0.000001989063209223183009276715
0.000000333741594010044839242930
0.000000319070484261815203720999
0.000001855265967361202957003211
0.000004383083241648756187675527
0.000007048028058364063268617910
0.000008960840404539642425722767
0.000009475234420713289260843754
0.000008401785490566341746626958
0.000006085078646435963857530028
0.000003305641651438166496717198
0.000001024443566429422991943257
0.000000048404914783985937167412
0.000000734941859023897190610931
0.000002850251911472312552162534
0.000005644327995362097603144688
0.000008122374263168770326323798
0.000009411444330202311156475213
0.000009079106846584501525824866
0.000007278721795343566566686196
0.000004667666421219668956149595
0.000002139445187477853128795975
0.000000485792189836049481612042
0.000000127363115368586089824423
0.000001013081935831768455157781
0.000002708887104752586056261336
0.000004614865671252296542355787
0.000006202962069277895515461742
0.000007174087910093163495046410
0.000007485273373881711334151736
0.000007265241862524287073726512
0.000006686082201491296417154072
0.000005867454189870842926925187
0.000004858283129642801265657068
0.000003689883846645174493187680
0.000002452779215983504919042181
0.000001338597820389920091854914
0.000000611757400915663644664711
0.000000518081335672734017623619
0.000001174793302303547187418311
0.000002498563069312431348409451
0.000004210101908930614213546779
0.000005916272010475195127637837
0.000007234164269379533443004703
0.000007904425585458271961915473
0.000007850182368208775219925108
0.000007166228331466134574196693
0.000006054893630400968684260495
0.000004744600429579833898523743
0.000003427047412923177405408770
0.000002232506810924252434446277
0.000001240610310735481834043515
0.000000507902924123255742059116
0.000000089957187699717089064200
0.000000044142456482570226587753
0.000000412805407417561425350531
0.000001197874080607853708544275
0.000002341723599522541096986435
0.000003725110216869250540604186
0.000005184465561425587455906920
0.000006542570007773368171951397
0.000007642160815180518940669362
0.000008372446032430598295307964
0.000008682517628431490739520163
0.000008580850347010795289284454
0.000008124196037973359434082241
0.000007401066644571636999922100
0.000006514689738810418579014697
0.000005568670593494135398981125
0.000004656653915460672035699259
0.000003855816376957083387770966
0.000003223334217019908711529368
0.000002794946855751304192058086
0.000002585059207487203580632220
0.000002588170710568071012605985
0.000002781589268307462166666347
0.000003129338024236496384057182
0.000003586963022293074706766964
0.000004106722936608056344874595
0.000004642503491362493763178806
0.000005153818663760122433209303
0.000005608446833487456777817513
