0.000004736042907363192434617299
0.000006881305150986137697955835
0.000009314970213130002632106325
0.000011990319057449150432327969
0.000014867447257186624181386422
0.000017909754821812283784700573
0.000021080822326455141005937394
0.000024342221354285197492750906
0.000027652709787611524320377621
0.000030969097658467502321398557
0.000034248826569219904076765704
0.000037453992092955613825346756
0.000040556185908033558467754992
0.000043541201266958234081336926
0.000046412410957033860498064520
0.000049191576240044915084310279
0.000051916047228025861211449243
0.000054631797490358756700344622
0.000057382463984470053852508797
0.000060195432048501144395649676
0.000063066847007626304416269547
0.000065948051136387292564360052
0.000068736157297275885967244302
0.000071271170966652160668614036
0.000073341269440118587574078957
0.000074696681822183935315837000
0.000075071334369001467383408777
0.000074210323116662314920852217
0.000071900590367302190191421685
0.000068002016877516017296853579
0.000062476412711519937201801178
0.000055412338599509945648736303
0.000047043973803725194521730552
0.000037762083145009440869090123
0.000028114455673179889003826526
0.000018792238021398464633193379
0.000010597929301244694356206461
0.000004391184757232947680704281
0.000001010666518149413440599751
0.000001174285146132739416464322
0.000005365972012209240503150670
0.000013723552768633445086325987
0.000025947682489057694043849828
0.000041254219136867528229008217
0.000058390194308228742631726449
0.000075725885740661436854731514
0.000091422913324291324877607368
0.000103662747822095492231629643
0.000110904741860023574101176691
0.000112131539766442155417990045
0.000107035905215587920000751276
0.000096108680551964848111368145
0.000080602713797549535405806420
0.000062369749893156778831719567
0.000043592076379634922078751963
0.000026452694689888137460648948
0.000012801793253603189912332230
0.000003879784734378937550568645
0.000000147186274376763556947189
0.000001251126778115083103303570
0.000006131682082876122705955048
0.000013244368089123809489817025
0.000020853715464956927957062768
0.000027341239941822281794706409
0.000031471272402639979305638551
0.000032569311494599976737965297
0.000030586792047356204044331052
0.000026048987486587358577364709
0.000019904439585079265642546253
0.000013310821284826458748206876
0.000007400925199800093961252992
0.000003072705781133348753160440
0.000000839775118106111991491563
0.000000765457409870927215177878
0.000002487127480021089877612736
0.000005320965919672030116640508
0.000008423126386474360981974734
0.000010973813589547555901837321
0.000012347402344436730789413101
0.000012235100256292112913363013
0.000010696347138036461463131248
0.000008129617779390285958957332
0.000005169985274059766006007986
0.000002536438389142913727602362
0.000000863135728379582727405248
0.000000552770053525446432871136
0.000001685658572603807518386809
0.000004005648412717475964444063
0.000006986020382221272256569131
0.000009959421268056134945913932
0.000012280173998624198573740088
0.000013479188949505700782999576
0.000013373427500053310513876415
0.000012103240363017313773168898
0.000010089142439461981927396016
0.000007920021357551630897340239
0.000006202073232423707664802675
0.000005407371753721835144030836
0.000005760408434336332047544238
0.000007190436319039580094741437
0.000009359915448228367789319099
0.000011759548856869547089377959
0.000013843584228226461741925735
0.000015169582203652035289629177
0.000015506978447170572310218062
0.000014888122472134583380940637
0.000013591252843094198468620881
0.000012062669333693292410920536
0.000010800452014730792043521040
0.000010230662064971766776625209
0.000010607154015056142624864183
0.000011958357146891569002021896
0.000014091134835893216479597335
0.000016646880037683367678166824
0.000019192334132376991253201085
0.000021320343597229196418033417
0.000022735379807329387564672138
0.000023304709916107073234322472
0.000023066521732641839841559603
0.000022197986784880669716485055
0.000020956021491506407022605354
0.000019608978976844955780228091
0.000018377636416845123722239169
0.000017399127106333857887459152
0.000016719658076205701262512485
0.000016313376806587943663312545
0.000016117966273972858461289992
0.000016074109600160932940018932
0.000016156433791747035926596870
0.000016387346297449440250208058
0.000016830905748030156244459191
0.000017569756892766948326058130
0.000018672626891214090104776507
0.000020161930111011517631740969
0.000021990435374308292223229783
0.000024033196533335902510958304
0.000026096982401486280107524851
0.000027945353619681521570566191
0.000029334254580406066397878923
0.000030051104796089003019440855
0.000029950068832602347356289241
0.000028977289622998947664789943
0.000027181986640615144747937931
0.000024711946260314944826767120
0.000021794570828632824392116080
0.000018706886713462106413977462
0.000015739436849564920759469641
0.000013159630426615449280474887
0.000011179861021231671399343843
0.000009934639297114890136870119
0.000009469339101477871825521607
0.000009741229700638006987981760
0.000010631595184617557628544912
0.000011966227841605151226709106
0.000013540643866191619278777601
0.000015146104449434153585755079
0.000016592900529203300294270665
0.000017728232015562805673914576
0.000018447168877412127091985558
0.000018696389088297634312229104
0.000018471441626339633841147672
0.000017809037755584779613325305
0.000016776264489641109112650491
0.000015458649365966448422857193
0.000013948752851046402511303243
0.000012336525360154266774863688
0.000010702150047543992041000800
0.000009111597387740317046962019
0.000007614713484878099908597770
0.000006245388927989063981990273
0.000005023216076266075823361819
0.000003956023346796282642086773
0.000003042744422690902005327815
0.000002276202310206731972041161
0.000001645529398600013872136288
0.000001138079030749588701256761
0.000000740794831675836636243170
0.000000441083395972919893736314
0.000000227283232937645599340933
0.000000088842039836020994416675
