0.000003019023219156141915760737
0.000002751578064790407621278750
0.000002514516028548312733643336
0.000002304270821172613919401414
0.000002112169136852379137231882
0.000001925760142039411482877981
0.000001731444883356163301772919
0.000001517924999777360733265114
0.000001279853032023689078959180
0.000001021020605714949320435864
0.000000756459448340481458083410
0.000000512945071622280283153749
0.000000327575602270364770762405
0.000000244338868945050752226231
0.000000308864292575793601077795
0.000000561857691717077253221950
0.000001032000558789876158856912
0.000001729314762228426238024068
0.000002640099721329604743214753
0.000003724499237741032879134371
0.000004917524769580919222038140
0.000006133954547278035628521311
0.000007276980924177218562837535
0.000008249861969381176677739050
0.000008969242116017059584772222
0.000009378344311619326743520442
0.000009457996015427108275419946
0.000009233497743126211880905323
0.000008775696645254512336174584
0.000008195261837439105762331132
0.000007630004450776857590973967
0.000007226050095213387998286693
0.000007114656796009901200687937
0.000007387392409815135891249134
0.000008073174408288726820693768
0.000009121268648000072006573960
0.000010394655853762978933653612
0.000011678064366796844298409391
0.000012704227295616751656137308
0.000013200303514669886484496873
0.000012953698609323603530680234
0.000011892700001613830352795165
0.000010172686239765393138574472
0.000008253896748841174372461442
0.000006952993528734974291831417
0.000007449311518729044268277272
0.000011229110921274708774974735
0.000019958125917625523101320978
0.000035284100742708788070196163
0.000058585421969151646242809917
0.000090696782877537767699437088
0.000131654635588568060715689012
0.000180510542219568606309848535
0.000235256876855117824176924501
0.000292895878470456419179895891
0.000349661312253935841268259743
0.000401375673085920263612191849
0.000443900180672203437115541647
0.000473615312180141368077201935
0.000487860782178240696277393695
0.000485267971080181057322300298
0.000465934231908860050502818595
0.000431413951925516071708027743
0.000384530500330984277655016479
0.000329040464445680489857098960
0.000269201890109136462558153680
0.000209308528115577076539680079
0.000153251675708287229396228901
0.000104161629863491517374030071
0.000064165054106820037312271243
0.000034276208293962293863644392
0.000014422090509268223714519491
0.000003586211735901419208949253
0.000000044021328360651679720824
0.000001655198194976771142519767
0.000006174066612907968823128774
0.000011539281588684279289467975
0.000016107807811745389656816682
0.000018806200410305246153780043
0.000019183971120341171211860429
0.000017368289145430709601285874
0.000013934418102736559273951804
0.000009719479220560657328547779
0.000005615660745989165588548664
0.000002380884033807529806119367
0.000000499576909549666719775158
0.000000114649709879378277581923
0.000001036549359487819567062937
0.000002819751068599653630054316
0.000004884561894687250180953526
0.000006655096175418280351999360
0.000007683751482202436634241956
0.000007737945931119282486293845
0.000006834542381440512039060715
0.000005218921724903459473030292
0.000003296708582302877940943715
0.000001534793752901328711145726
0.000000353322410978051418500943
0.000000031204018470814216169675
0.000000644518647927622645423462
0.000002050506433151412685034600
0.000003920650795011498390002513
0.000005816174816671855966442994
0.000007289922970591829086341607
0.000007992111091392518239977585
0.000007755540208126693115550480
0.000006639527858188000407064881
0.000004920700831241823995751590
0.000003031179180878463962783582
0.000001457666338401218231762726
0.000000625180199955307499027637
0.000000793729092197341513741354
0.000001993649055266656164043517
0.000004015995466736298244827316
0.000006460646507955947686436746
0.000008830241346215373819325545
0.000010646619142943124637461227
0.000011561072813299574059344062
0.000011431806971166277175780759
0.000010350776739918836428437469
0.000008615092438745946125215613
0.000006651894612042668586903392
0.000004916502185374170078306817
0.000003789098586109362562252684
0.000003494176704754222409141356
0.000004060064836191339892690431
0.000005325191808341913526198518
0.000006986219346892425233663728
0.000008673692256742965135218708
0.000010035628564867747096662522
0.000010809451787173125203163175
0.000010867410254261310989694345
0.000010228491428621279415935204
0.000009038502155418728440305562
0.000007527131498314048494390188
0.000005954771551839930542114436
0.000004562040620178147200811710
0.000003531868926662657752729279
0.000002969061805501322294807481
0.000002897167832050750579925670
0.000003268712138784867424348224
0.000003983182382456997225870544
0.000004907518571181031003143602
0.000005895535757000741719805956
0.000006804695617384855270892360
0.000007510079442100046516190941
0.000007915889625578957866864141
0.000007964434242709692322653367
0.000007641823922828194510636218
0.000006979125635166850821213772
0.000006047886617832038972579316
0.000004949828812541065520920133
0.000003801838331100623691939959
0.000002718651244966140253302459
0.000001796389031369991177430412
0.000001100038845082585118071794
0.000000657104007703245667920699
0.000000458230272163699944929904
0.000000464058373350952023113185
0.000000616285177517480746234920
0.000000850236035506882500613509
0.000001106269331764206387269667
0.000001337964215341924372067693
0.000001516053162688145139041238
0.000001628158736147935743368174
0.000001675306242520900338864608
0.000001666723716057487403150892
0.000001614537853934937759240701
0.000001529675331910225761486216
0.000001419716854814077733920228
0.000001288802562783679782156313
0.000001139122790514440068697973
0.000000973173107123556080095932
0.000000795863722640742291049320
0.000000615734985962660831996054
0.000000444868950786206441278653
0.000000297496057290636592673446
0.000000187667966280310485093830
0.000000126617930316824719901500
0.000000120513123912110499898784
