0.000001705529609629504044529362
0.000000922140337984973138456084
0.000000406979931559237644624885
0.000000153918906753982453715899
0.000000147249539601413106223782
0.000000362879230460201090356756
0.000000769582538318144815472118
0.000001330290406793811034614670
0.000002003440644170684979224984
0.000002744438021637914592118111
0.000003507272777998405464603120
0.000004246324036749849315409023
0.000004918334491520858196302295
0.000005484492738272498424151498
0.000005912510123357189682487094
0.000006178540971804797215280024
0.000006268778318461557075660408
0.000006180568030295173222968697
0.000005922923251317608802095274
0.000005516382638193412503934375
0.000004992227896007063202884601
0.000004391142539495546908269539
0.000003761437945044035549818206
0.000003156981963092068580812102
0.000002634935255355206285487416
0.000002253337811315068443167395
0.000002068510757328701860037132
0.000002132172899220509934878993
0.000002488146296407824936436923
0.000003168564568948860540452839
0.000004189613515056818637523686
0.000005547020652484623500530318
0.000007211744373285959008586070
0.000009126554176683675657748285
0.000011204390550717638984205317
0.000013329494451315280394501639
0.000015362256824074359691208527
0.000017148527185837894359953307
0.000018533724935779225873652004
0.000019381527631819186552677992
0.000019596200057280271542795719
0.000019146833961065799274052848
0.000018090973609755934945917885
0.000016594414617083048056871836
0.000014943512461704850358937442
0.000013546264096320645591345865
0.000012918865824496541513726963
0.000013655503357936927874408985
0.000016380826898050624502913702
0.000021686833052625632589681740
0.000030058515954280882402204628
0.000041795328729994270786692739
0.000056937771756480432200700492
0.000075209803373519758620292797
0.000095987795076275407427958408
0.000118305108255995001967190994
0.000140897971803242928658800315
0.000162293414688632160400305615
0.000180934106080910195790342754
0.000195328907648647577023626187
0.000204212743384050472586835334
0.000206696034691061087101154881
0.000202383232828895151013404163
0.000191442337311253609659703057
0.000174612653810009754631188406
0.000153145821718784472167257382
0.000128684261431986468170868276
0.000103090272095724793917706497
0.000078246583714762773251530370
0.000055853936667282028051464277
0.000037252341095606785197243138
0.000023289755941024312737306148
0.000014255376079639853843707836
0.000009885491858136874121693906
0.000009439412944074417922968312
0.000011832874903461277992346504
0.000015808264594459015635243698
0.000020116177795240327614732442
0.000023681990748307066714213945
0.000025734359893092169607568820
0.000025879268851001425879969353
0.000024112267045173919725615380
0.000020771379287838022864500637
0.000016442199498760565678449203
0.000011833476885558083093537458
0.000007645034475834193920477239
0.000004449679959136483029327486
0.000002607068199730003423805801
0.000002221032321820142435922236
0.000003143930155483654008386450
0.000005023479102544433874026966
0.000007380752338697264211010967
0.000009703572564197466825022635
0.000011538088081080501986564260
0.000012562914573654575898912535
0.000012634398679819200796235062
0.000011797404721062951896983460
0.000010262404689635451482659229
0.000008355408940477659142940028
0.000006451451777745246549480591
0.000004904339123337605663415645
0.000003985009310726756027825051
0.000003838417611120427755128787
0.000004464937469952417915667383
0.000005727682071475951302707164
0.000007382726893491304195871715
0.000009125675946212773325294694
0.000010645850088613621373893198
0.000011678791304583279278030139
0.000012048701813974631741896784
0.000011694577839408642989721052
0.000010676718287498730185019168
0.000009163495379675926240901906
0.000007401292582820378685337821
0.000005672943341115879107628729
0.000004251547146698154625151997
0.000003357026778972149186412418
0.000003122183841737540471928574
0.000003573405693480316134869349
0.000004628803174856538691197064
0.000006113758286514909955783065
0.000007791058863970596627939597
0.000009400444290830879359071107
0.000010700886442411010091328369
0.000011508561711205964465704228
0.000011724319820654859836887678
0.000011346384704796301501599637
0.000010466681443685993995926752
0.000009252070934927089971384559
0.000007914341924575495160762775
0.000006674577636356682387849468
0.000005728172720167566615953776
0.000005216252671557376776830840
0.000005207713589581929614102419
0.000005693922124513181710588668
0.000006595764771661118345126400
0.000007780677677674584786344202
0.000009085882814283952792623437
0.000010343492008611705981909433
0.000011403413318742108628145795
0.000012150934757822077423835075
0.000012517191632109878296442648
0.000012482136446359394133681121
0.000012070852274345469381210127
0.000011344896400138672072199081
0.000010390754400916634781534137
0.000009307452272863607598170355
0.000008195018800301415726541898
0.000007144954272519659289506725
0.000006233288190887193146736203
0.000005516312384529495594861787
0.000005028725664665942967094994
0.000004783741164076644908115417
0.000004774666044260883039109227
0.000004977517929637830543200192
0.000005354338211193610915969963
0.000005856952284494093078086492
0.000006430982180827894315695500
0.000007019930845314077582828248
0.000007569140867671310240474229
0.000008029405906907526111870171
0.000008360003956043596739459295
0.000008530944865859294956155628
0.000008524285501523584613952841
0.000008334457497553206402861325
0.000007967658345903173394393984
0.000007440455911096823494945036
0.000006777830500130903679050463
0.000006010914729418207143633261
0.000005174685776278254399629386
0.000004305822001291498770541612
0.000003440867769870310927929260
0.000002614771316291805037395918
0.000001859785416361822405921294
0.000001204661567271092373872048
0.000000674033251546403638251284
0.000000287876039167079140386078
0.000000060950928010170858481378
0.000000002178234036188936595141
0.000000113945801675488102016424
