0.000016505799251588620495936541
0.000016146553017950610519823385
0.000015971771566765648008153974
0.000016017684188847751018463725
0.000016362354020838194899965107
0.000017113928651554906123577818
0.000018394316920043034968177895
0.000020319893137801414326974042
0.000022981175797566098865628084
0.000026423626368967335009078218
0.000030631722029064045341104072
0.000035518247317572340464829350
0.000040920325429275081587695423
0.000046603106490253377056174472
0.000052271314810228058293610498
0.000057588113062983378406291257
0.000062200046539358827177822187
0.000065766236711576209900131929
0.000067989515238686313268468009
0.000068646812837174148776847593
0.000067615825315692627589699015
0.000064894790558761540014837133
0.000060612212961094419166017955
0.000055023727948517679308283040
0.000048494207983474437199597484
0.000041464825671149596478595734
0.000034407105441456555178832838
0.000027768755038879406287074744
0.000021918725950661328805927491
0.000017100744979181001009446716
0.000013404694499282146901287908
0.000010763143577175510645551476
0.000008976006354400621259489665
0.000007760372899729770030849939
0.000006816325287379638685745543
0.000005894715424978212638552205
0.000004851063954311849075757418
0.000003671944158719983337669764
0.000002466381501819696578939540
0.000001423644469032238781992382
0.000000748044421695387543418663
0.000000588319165445867242974468
0.000000981577131044642872364342
0.000001828543685414722273972180
0.000002908545967933696027823802
0.000003931476149640620497633173
0.000004613097052213127712146871
0.000004752784060968262668108678
0.000004291449767647082255770784
0.000003332544856417250912588007
0.000002119263551072300829584277
0.000000973422479406798991395980
0.000000212291258995955117975672
0.000000065774253586712321511833
0.000000616069196194164600252684
0.000001775492908844100187705961
0.000003307600307240478424179383
0.000004885166165921356085403635
0.000006169290245534611234789254
0.000006889212423552743103202962
0.000006903301905255254295487415
0.000006227442408594333766872278
0.000005025775770102514918794695
0.000003568029698611447168550646
0.000002165141697519173795833921
0.000001099021429833272578652052
0.000000562481203539523791145672
0.000000621986814073360209860790
0.000001210035440254021240315198
0.000002147122648606017923498699
0.000003186915630955858557842074
0.000004073656751535752557839398
0.000004598795288024142741448944
0.000004644657033626768029700542
0.000004206313621841502705181459
0.000003387903438558501523387989
0.000002375334862418078505659881
0.000001392317293584903292494553
0.000000649941726878728783938248
0.000000300927738105568239734963
0.000000408102778689656634704300
0.000000933185379049769564584649
0.000001747411047609492656501303
0.000002661010842315438629988823
0.000003464936858288762148094190
0.000003976113126182469853194586
0.000004077082453371046258112486
0.000003742113038447248852679146
0.000003044327974754900597702820
0.000002141849695749101470019192
0.000001244887891846092474291779
0.000000569638176315560018501049
0.000000288157355703926249157378
0.000000485272435211041007337921
0.000001133313640727753500247023
0.000002092568491363435402927021
0.000003139954813840415811447386
0.000004021417853213016518204581
0.000004516632246553683798732243
0.000004499788749857927746286877
0.000003979401259404896974995660
0.000003104102095755730986403843
0.000002129802752134832984461576
0.000001354375672495877180179355
0.000001036089066925041990416593
0.000001318163410990299227429400
0.000002181691596217500077027835
0.000003442256884246962554208329
0.000004793535675137055710500877
0.000005887420789917087313647057
0.000006428955588181392979756860
0.000006259258550585205885805670
0.000005402455030511702848501545
0.000004062744642745165403062337
0.000002572111714469722377302777
0.000001303435879591724627600264
0.000000573520265894610389072954
0.000000562918668506595794153596
0.000001273875650568843999693399
0.000002536145272802205062379110
0.000004056648968487845251674334
0.000005497100143098829738675607
0.000006557227543809410438596826
0.000007041568838081377302781649
0.000006894285186853953679530886
0.000006196590022706941859392208
0.000005131877240014803137624355
0.000003931439663981206936171908
0.000002816926886922741591544285
0.000001954127791172493359115898
0.000001427445020033320080327013
0.000001237592514960463331710272
0.000001318746616779259809391499
0.000001567229799764093384456098
0.000001872507172705315694650357
0.000002142601187207951035233787
0.000002319082560272688076243421
0.000002380411873059052897108265
0.000002335541571941542814502173
0.000002211669233467070935566720
0.000002040640604156244023104560
0.000001847903503143787891030295
0.000001646518565972175221330206
0.000001437023987982025484587347
0.000001212362547710036392114067
0.000000965921213420966390795466
0.000000700171338220961764599662
0.000000433457478750883989156596
0.000000203076948733065388024728
0.000000063746725228246107036566
0.000000081644706333861113050553
0.000000325203021227832037435196
0.000000854519022879006644986832
0.000001711504171273745413906029
0.000002912680857200174205690101
0.000004445934770150213451124152
0.000006271691535665600947366434
0.000008328109551936047175472663
0.000010539157592360026420206208
0.000012824015084594006031511876
0.000015106154178520040859737793
0.000017320709776207897378792061
0.000019419222369609984499413610
0.000021371417923800861140507662
0.000023164237511851837618328392
0.000024798744719756045894448054
0.000026285765826609376133666043
0.000027641151309876488544482048
0.000028881422793556116236819709
0.000030020346300694243646400849
0.000031066714965856799426750789
0.000032023386656207433048626498
0.000032887439759873182036978290
0.000033651198010958256821422568
0.000034303828821636268646931567
0.000034833223635041444415406942
0.000035227903226782212827480206
0.000035478737278245895769932666
0.000035580313312224188962516053
0.000035531830044313415925202881
