0.000022379093576967450698574427
0.000019171522670343186861216522
0.000016295717631566031252795743
0.000013821032968910413512089730
0.000011786396125712928737187465
0.000010203667732812004401740484
0.000009061914502267785117271305
0.000008332071197866464562671596
0.000007971553967961155846193647
0.000007928495072622533112473818
0.000008145386210281473844435803
0.000008562035264856851279934372
0.000009117854017498737171179037
0.000009753599538085140264087776
0.000010412787728176627565467027
0.000011043080408521782740001449
0.000011598010214915086704234697
0.000012039437964765258216219904
0.000012341117585414864072420466
0.000012493653825531366658775113
0.000012510959244194342512390521
0.000012438039256169817675982091
0.000012359563316758465193216307
0.000012408245870080131652247665
0.000012771619024602742944020720
0.000013695412822524977803978138
0.000015481569101190580475292669
0.000018479003855296270659785626
0.000023065682745364042544435404
0.000029621421320091336512689978
0.000038492033819871203088706924
0.000049946918817246441126955075
0.000064133693368511088912439777
0.000081034817151470658587800178
0.000100432010143864850317332871
0.000121884417055458555171829071
0.000144725747813384655925464384
0.000168083993871966384846608489
0.000190924907489724158182395342
0.000212117509668487022557112343
0.000230516854887755475236876812
0.000245056578886000881768725268
0.000254841825752344060870141496
0.000259232337486983157540804124
0.000257905984801880890262826274
0.000250894824366369696092698982
0.000238588692278498035832454138
0.000221705025165766462852054430
0.000201227561534274729812890592
0.000178320291364475149624782557
0.000154225992000829972058267847
0.000130160508714649493944987002
0.000107214355529418968308343063
0.000086272159721825585586285623
0.000067958084889274052056533371
0.000052611961011538239171153597
0.000040296889636648096724453466
0.000030835126022681628088148442
0.000023865621962516844767072249
0.000018914221193556301814408041
0.000015466460769328240886649750
0.000013033368014978390634663052
0.000011202446357553863000560551
0.000009668892252895228416227635
0.000008245493552872174141689897
0.000006853057562838065072327587
0.000005496049079280445228258643
0.000004229939714064713957844197
0.000003127323885870731061777713
0.000002249122879613293649649899
0.000001625392596649750468889304
0.000001247783933712042782180783
0.000001073100953672853866369152
0.000001035191742390849972997114
0.000001061017617824007990028805
0.000001086412418016270902494571
0.000001067756318167531375535446
0.000000987301141165234809514103
0.000000851772022507838589530692
0.000000685636660953106087090770
0.000000521634171482667096286963
0.000000391513927491227011224990
0.000000319413705755321109277893
0.000000319117698579701119186556
0.000000394978871810901209640299
0.000000545039800092490734939902
0.000000764246483434173079411051
0.000001045831865233527490564825
0.000001379894754331606348101151
0.000001749600423153252502295792
0.000002126793637064171863865951
0.000002469630702923030673756654
0.000002724733009223195435158848
0.000002835244893559668215657094
0.000002754282061178740974370475
0.000002461113705685884597867312
0.000001975716175814472055216739
0.000001366706304543137404837677
0.000000748493747291217961678479
0.000000265767325253503634713563
0.000000066689625751335548540380
0.000000269599269130139969087015
0.000000930639532045872204562209
0.000002020688018131286223342136
0.000003418772587880053224178170
0.000004925893111963062724449353
0.000006298481233324053552751279
0.000007295730574007644082270251
0.000007731012706416030716449241
0.000007515698549928201173538859
0.000006684590739696210146382829
0.000005395810113550085874241282
0.000003903615052324761916611052
0.000002508950689350662946198447
0.000001497972081868664412723714
0.000001081969775481411729067252
0.000001352189560155506757851214
0.000002259893474719436748756642
0.000003626376419742570734159898
0.000005180881009884558897524674
0.000006618074031969926131245899
0.000007662455643990381457236055
0.000008125746807927944966466055
0.000007945171123569227459291532
0.000007195062360305150170282015
0.000006070227707268876792847095
0.000004845530379115703646056724
0.000003820862490390069057550476
0.000003263111870991424333008323
0.000003356542844778162767858031
0.000004170497035001476027920361
0.000005649252335796756306304268
0.000007624280404954816685054314
0.000009845017003170118655868727
0.000012021360412938404693423272
0.000013869822347578173281769202
0.000015155565146928813753408188
0.000015724149504260975026160435
0.000015519190422732640920102515
0.000014584738936929995682298920
0.000013053610023579596997812986
0.000011124737518654351922718464
0.000009033783978147591172454950
0.000007021633843973161957416861
0.000005305122026245569566492259
0.000004053535146542339566194842
0.000003373246251624009502839176
0.000003301499826658972648054605
0.000003809044951857773728977601
0.000004810193017534945028297957
0.000006178085814134833011449129
0.000007762576690398698356517480
0.000009408161339193194265453218
0.000010969788747374572721818980
0.000012325027187197923851853278
0.000013381816184890649832511279
0.000014081764377550678416124719
0.000014399542567005813067091725
0.000014339302896228514665405776
0.000013929211094119679176868594
0.000013215136006623375873668229
0.000012254356283769700386183238
0.000011109887373848414423129285
0.000009845767335949624326748089
0.000008523415098131145183654560
0.000007199015254053148440288330
0.000005921793810539859823647083
0.000004733018351866023862729166
0.000003665564570983197850706503
0.000002743918638195352643010345
0.000001984515076207619915609186
0.000001396332872601155269807376
0.000000981685284391736475795385
0.000000737142960578838690927951
0.000000654530031331600407338352
0.000000721933431726024085076999
0.000000924670399079751009717150
0.000001246169195381403463845178
0.000001668732985606969744312670
0.000002174174243110473562720381
