0.000000721829413985105763551975
0.000000415058944271417513358644
0.000000363272103729567372810754
0.000000558685177472754032106041
0.000000963800295974684940948814
0.000001517305030541232132706162
0.000002142680505468900656562648
0.000002758289178703193459128761
0.000003287645178487039563524925
0.000003668649087943731276030080
0.000003860764603385583775083806
0.000003849395384328955545131037
0.000003647058472241257334831716
0.000003291319330663173612060981
0.000002839823822161969344021141
0.000002363098959380231409258292
0.000001936055061253057780476039
0.000001629263551436098336817784
0.000001501072882377620846503256
0.000001591448874771752012281215
0.000001918109151626408133764490
0.000002475127722908869956375830
0.000003233809426923641948268184
0.000004145377019846933750900006
0.000005144952315630669183632757
0.000006156461527136237771480609
0.000007098383902113988537865841
0.000007890540684635258483975787
0.000008462194117033099293617195
0.000008761426745671716201520861
0.000008765045669071443317529706
0.000008487234109905115466386538
0.000007984188098665307491640618
0.000007351512633363840698412246
0.000006711704196584268101218734
0.000006190926088177331502386113
0.000005887421853686079877595715
0.000005837742902421123618783485
0.000005990446707830689005943627
0.000006198739003285802225216156
0.000006242469187141784933107059
0.000005885260014212338676616032
0.000004964595393362716015106788
0.000003502735213479878982156639
0.000001816670030865185105469145
0.000000598765156007023291410561
0.000000938843528515825536264838
0.000004264771303449555114059664
0.000012192036088921511655363411
0.000026291328910626497126481679
0.000047803077800461381936195787
0.000077344641523782958845295576
0.000114665044131295122383298879
0.000158500640674271640840828357
0.000206572123489682862255284457
0.000255740614598491255039097725
0.000302312421390018258582355060
0.000342454028955329627635639778
0.000372656937253153415501305545
0.000390180736674948047768701764
0.000393404801660980196070793724
0.000382033802657210600633996833
0.000357126831576692145477774920
0.000320949302295881638315278028
0.000276675154585265422029632942
0.000227989008928873321951913411
0.000178650154313065993080117400
0.000132081216215503357983354626
0.000091034988781976417925728695
0.000057376035302720044487673201
0.000031993126534740798339821050
0.000014838363567517521640843139
0.000005072165135484901543659955
0.000001282187267974878443443877
0.000001739298883589607658641581
0.000004654397647962200101608241
0.000008404814137168179573236099
0.000011706772552433893308737947
0.000013719458020478030954732683
0.000014075639847943098960977165
0.000012842810909587408629687656
0.000010426896881304910768141318
0.000007437219022087917249077323
0.000004535885184268608223538168
0.000002296377790434656919054150
0.000001094173684034495078971146
0.000001046566056738749916855871
0.000002009959448318612385502415
0.000003632084259469308444920463
0.000005445818298710761978906510
0.000006982898687537449699072080
0.000007881789444867488692698064
0.000007965535288470059567447062
0.000007272522187501764901807789
0.000006034248281428498599063704
0.000004606933834130073355313684
0.000003374982736860575239146078
0.000002651115692645780541294347
0.000002598605231887963285311843
0.000003195180952618293672206967
0.000004247251037385109592172620
0.000005449883119987939815616340
0.000006475948522045836078264193
0.000007070156649738632485379785
0.000007122470495751007582151300
0.000006700973770793659938806684
0.000006035193490460858066731353
0.000005454245962533337560725587
0.000005296369668235949813785320
0.000005814141021577406683116390
0.000007100853625051895036683798
0.000009057876619540076803291200
0.000011411853725732126697747087
0.000013777348135766991736052799
0.000015748563692544216427926171
0.000016996276188445080904685161
0.000017345032528454692576785900
0.000016811199835477459355427901
0.000015592972139175293767865416
0.000014016060770974779215716430
0.000012450105374537491360041087
0.000011217884657190975780790762
0.000010520448232182069462042721
0.000010396265974128889104564043
0.000010722965186425500435990141
0.000011258919200562819598176317
0.000011711954928335982216458001
0.000011816357679183278834092463
0.000011398569523620180686095810
0.000010416366540120566757461791
0.000008964299611173553926856371
0.000007247328674735338617019821
0.000005532269169110123418033661
0.000004090932945360821266415994
0.000003148888102954658090596113
0.000002850106607895140576664937
0.000003241982171652206327330716
0.000004279304477391561187878295
0.000005841552135026223097188838
0.000007756304530821158511010027
0.000009822628217349609416626094
0.000011831029749410250368054850
0.000013579594695863456382377982
0.000014887971580214500339498299
0.000015611206051188671251788234
0.000015654167122598809875136383
0.000014985195951599162664138847
0.000013645732551507496914172321
0.000011751989298483546782713924
0.000009485690780704306721352048
0.000007073277283167677341978175
0.000004756007557270660128219495
0.000002756075126667928196070624
0.000001245272234470042336189994
0.000000322425745660792457639193
0.000000003882770291383869517831
0.000000228331253808754707315833
0.000000874067223050197213183134
0.000001784316014313134183055863
0.000002794963799049077087216075
0.000003759237728337637922106053
0.000004565264853630476718851505
0.000005144535024614235718936478
0.000005471482782386544811681871
0.000005556156792518950213665644
0.000005432934144136999409023352
0.000005148381322045342863968215
0.000004750803839245080043322215
0.000004283041241455341517966032
0.000003778972225712942643069230
0.000003263267851917164850733457
0.000002753339405991053187366599
0.000002262223143491653401700170
0.000001801276729767505222059914
0.000001381916824272306794685913
0.000001016067900569340737049499
0.000000715399382583565197144123
0.000000489721977349035852816446
0.000000345062882265513402399600
0.000000281952830549989400510098
