0.000018434366979386701692429293
0.000015941138158984997111279266
0.000013721552191757935192789608
0.000011811723508218782750876091
0.000010225150569577838780672106
0.000008956328988357108909995966
0.000007984692294784192601129341
0.000007278523581527750392107523
0.000006798579994519942352885003
0.000006501274214311840017968026
0.000006341353296190175791954315
0.000006274098959183922115151640
0.000006257140688756798513250196
0.000006252021805037886756990957
0.000006225687895799944888617066
0.000006152075781185072527498369
0.000006013968046460607051436134
0.000005805241146236715099322560
0.000005533572068072003467256378
0.000005223578528214539350648608
0.000004920252348061457822140253
0.000004692411265434199946179009
0.000004635753304175405022525408
0.000004874969025345772077710549
0.000005564275411892182433197616
0.000006885708643488833833224035
0.000009044577485003882949435132
0.000012261651970054593711271368
0.000016761946007054309319217814
0.000022760329710548453830288446
0.000030444637795998051143630397
0.000039957365345401552525136935
0.000051377392198487614283046454
0.000064703385264187394487582494
0.000079840545041158793347982336
0.000096592170710683354596312600
0.000114657138472566146828596212
0.000133633879267694893932041933
0.000153030889959593721129371691
0.000172283308189646400601646725
0.000190774699970945897306573436
0.000207862986899463853245756395
0.000222909363244943811450254900
0.000235309062119698985358906551
0.000244522836271037716932008621
0.000250107936802312653262747588
0.000251747152433183507807407109
0.000249274126336691500584186176
0.000242692784896929189498646084
0.000232188442874326736757237266
0.000218128169860660689211712127
0.000201048467828126122599469161
0.000181629296363428988049168455
0.000160654949567876190099496858
0.000138964061073716714858616861
0.000117392799934791194254105062
0.000096716765737311233015055523
0.000077597854814505173122116122
0.000060542206252816858805081146
0.000045874167853456274276079119
0.000033729172213387019127733141
0.000024065799007676171516415670
0.000016694576668266540797830669
0.000011318746044810886974504339
0.000007580708939686903519356888
0.000005107492949247002808686562
0.000003549331839471709293312024
0.000002607198529049543655908240
0.000002047448274883117893402362
0.000001704136363403244434615454
0.000001471576721747217277353630
0.000001290932651978651875837806
0.000001134905484953512313408132
0.000000993969053354593831412899
0.000000866348173419017579244261
0.000000752443628479445064788345
0.000000653068909276999067272643
0.000000570002134591108461085410
0.000000507122617350639209255684
0.000000470755832515460030201327
0.000000468589178289042924371491
0.000000507349036816166428664641
0.000000590057306848327953911011
0.000000713917067442366905085716
0.000000869666637952343820399336
0.000001042699465399529616725736
0.000001215596121245085029673855
0.000001371207955697307857595869
0.000001495265456598447361346530
0.000001577726396594388412966009
0.000001612643823849829708577154
0.000001597008849064141290460144
0.000001529539635360504233087264
0.000001410517302797643899333994
0.000001243409515082435287059641
0.000001038246769116106196055040
0.000000815765733411878014096313
0.000000610549980846727120115634
0.000000471115682089902441835388
0.000000455318997325584527404102
0.000000620601609989324792997028
0.000001010198917180385269978544
0.000001638074889759266255194730
0.000002476500089435332297978318
0.000003450406453580335348131939
0.000004441702931863826977045093
0.000005304702549206435524163043
0.000005891103811579558336970590
0.000006080242692744002506695985
0.000005808325246482004348134217
0.000005089689563892765201860539
0.000004024155007158769864158455
0.000002787109039505134697791442
0.000001602648755689121499312536
0.000000704011172318255509252304
0.000000288750665381763802697432
0.000000477830139021266203930435
0.000001287496198661817050644981
0.000002620489720391396691503549
0.000004279270901272215268658188
0.000005999361206547809865954456
0.000007496648708426391743129581
0.000008519522086827240528049583
0.000008895648232144427221138386
0.000008564298366689060139052628
0.000007588083864545829034637357
0.000006142108122408978479900982
0.000004482965363406557955606915
0.000002903794773274481489907031
0.000001683990789557273176909138
0.000001042775350991435062250243
0.000001104649633560693380629264
0.000001882120475642880004830157
0.000003277657523832475571569671
0.000005103305435738323295549214
0.000007113425704210815077386653
0.000009044170195802431726087370
0.000010652731582230666647088252
0.000011750138116375530514538979
0.000012223089406637246414569914
0.000012042637898152744340861051
0.000011259924186922808339605430
0.000009991232794977325569821258
0.000008396029459566266921178267
0.000006652217882797097694156166
0.000004932632162833286865741625
0.000003385924185790069996073240
0.000002123768506891113175358982
0.000001214974828816592671080739
0.000000685923320837405851948295
0.000000525898887852874301611795
0.000000695478544663481480386541
0.000001136107880168902829293122
0.000001779301069153088729187461
0.000002554385526920828431498038
0.000003394251848910180606672463
0.000004239048861183980309143629
0.000005038108995883364527414768
0.000005750572599189512471875001
0.000006345212771200583852450501
0.000006799883772784601435198136
0.000007100876841746602173501175
0.000007242316616236632440721868
0.000007225606850987444727926930
0.000007058856942545981514051858
0.000006756195739479620233415048
0.000006336897971585508769357467
0.000005824295348951669402991563
0.000005244500549182517512027644
0.000004625021647233289858261191
0.000003993375788219233735296034
0.000003375818971537820428968982
0.000002796294422632297503096034
0.000002275670288259916593628018
0.000001831295892926390902639695
0.000001476862689018236478159275
0.000001222518475295518298849454
0.000001075156609371953271602537
0.000001038788566279465748438482
0.000001114908763829077365924841
