0.000000725843735878200519805040
0.000000616674813304217565425942
0.000000581999999730624143851271
0.000000614089900881738292186859
0.000000703893001273143421503875
0.000000841505992242655499508026
0.000001016533995580936802901814
0.000001218350343333890039099004
0.000001436280950885446155328639
0.000001659747022238334179791903
0.000001878401824214685090629496
0.000002082293026575119553782736
0.000002262072554187994389169334
0.000002409262440571622804013317
0.000002516569705409601710949588
0.000002578228122783398633567761
0.000002590332447925924395628000
0.000002551123650695637291207140
0.000002461183802260897312191639
0.000002323507252690806524047639
0.000002143429962120875139768321
0.000001928419083652713333378557
0.000001687746559620484635333339
0.000001432089201164235791859450
0.000001173109126850583398387609
0.000000923069177440551469662180
0.000000694526469706818146062363
0.000000500124430979313642847087
0.000000352472723761745686306564
0.000000264070686460299628952513
0.000000247199729661424059775672
0.000000313690155940888781977945
0.000000474463910059581485811756
0.000000738770986920417361035977
0.000001113075622802522701826193
0.000001599608414997710082025226
0.000002194678690305881300589598
0.000002886930929664658824915441
0.000003655819071754736048905816
0.000004470647955611211794824632
0.000005290572891925678081421515
0.000006065934854920160088250208
0.000006741219633160546943664426
0.000007259750556986768117479110
0.000007569955487582873379019503
0.000007632708855695133928851576
0.000007428882177765169935617674
0.000006965909119457348053238745
0.000006281968380822944411417605
0.000005446396964206575729331404
0.000004555238068428339953761658
0.000003721432225976109720445417
0.000003060047418270951214374189
0.000002670012028920726787959263
0.000002614892664510257107567679
0.000002906126741310542951847364
0.000003492544127801692650510217
0.000004259795375242677605595425
0.000005042335193201374525040839
0.000005648907240399929396198336
0.000005900210488058118948266183
0.000005674914981501261923492897
0.000004957860463200289243880254
0.000003882581007365338150423908
0.000002759674501033668034326264
0.000002083267035783930247173868
0.000002509992656940902135489797
0.000004808353985523854133338120
0.000009780637277779732387250622
0.000018164115204341987821080179
0.000030522360252034661865557646
0.000047140395891065446610460749
0.000067938547459586506394382810
0.000092418877386413693765868094
0.000119654973199178108443641033
0.000148330915202921352928286391
0.000176829104581922641123425954
0.000203360124063291952158094578
0.000226121869350865139104006518
0.000243470716791168085473343052
0.000254085176005074370002290163
0.000257102706188395567672710929
0.000252213173037465153945857477
0.000239697435860122766339980194
0.000220406105029184083915830272
0.000195680703246869344734751306
0.000167226322356070196493288416
0.000136950477071462678804736335
0.000106786501567847493887955523
0.000078521093459016014356674495
0.000053644406447492853158738602
0.000033237691886352315579714750
0.000017908438774435796517463942
0.000007776998607597551210974043
0.000002512616221462193439554079
0.000001411385275873875633304835
0.000003504525583256783351920622
0.000007682939474568581451918194
0.000012823395417073290067496924
0.000017902813757417738614249880
0.000022089690536940702933043496
0.000024805246241472234033096159
0.000025750912844102274800285948
0.000024902763428698526616475450
0.000022476997988085851038235138
0.000018873290197730195882084084
0.000014604470246385953480445022
0.000010221603153491089796631869
0.000006243080681416475199920369
0.000003095038966893882882730092
0.000001068473873093062032771177
0.000000296118774947122311182309
0.000000749747442409246018621047
0.000002256319370982947498070759
0.000004529506589534884868769593
0.000007211784765064305717909357
0.000009921529442006971581799121
0.000012299457246306913770503635
0.000014049255680046193424988926
0.000014968261427540214167602843
0.000014965438188642580304588831
0.000014065502116317118864031836
0.000012399663111917141614863429
0.000010184915491679839724637954
0.000007694967569018617366185392
0.000005226632767740790480603692
0.000003065754421408970042121000
0.000001456501338040710873957765
0.000000577208724274507544590670
0.000000524955784695910586135905
0.000001309907750000549405650454
0.000002859260710858150548785211
0.000005029559531205188582542610
0.000007625332547198413316090568
0.000010421480588274548338364490
0.000013186701959565976725570827
0.000015705410549037426631239361
0.000017796051169488900602815365
0.000019324346574469714884298918
0.000020210724178499506903123467
0.000020431870994966785210714827
0.000020016973049270335557794226
0.000019039655916058736409221530
0.000017606929303617267670422492
0.000015846549713751891712634756
0.000013894170119052081112430777
0.000011881476013356138176431560
0.000009926250429344422876194037
0.000008125004018088204181102102
0.000006548484205376678356203511
0.000005240069155710957152964971
0.000004216782050354391718450728
0.000003472448130294827487233016
0.000002982374649982176914873909
0.000002708869519962650918086348
0.000002606927739042617524933181
0.000002629497453732888434670915
0.000002731873790613816455080274
0.000002874936911986675598044538
0.000003027126826307523678601889
0.000003165208231188896493483835
0.000003274005666071984169839980
0.000003345371380899663473124962
0.000003376682771640942709340683
0.000003369157792880068144451833
0.000003326235740892843099826993
0.000003252210143398071199265361
0.000003151232852966255962041259
0.000003026743939467788772933795
0.000002881326980289278569908815
0.000002716946385528545384918826
0.000002535491991623976109086671
0.000002339534169015056402316259
0.000002133177717609368761379849
0.000001922893305436310489313530
0.000001718200979428753437876871
0.000001532082571092462223066909
0.000001381010768902978715229855
0.000001284504512249975519572751
0.000001264154771614521181817602
