0.000008238329307251502796240888
0.000006483151784765087209238404
0.000004735109981939526706110934
0.000003122798713987276908053605
0.000001766346874885625806991070
0.000000770206040995233796615099
0.000000217688107090836264450242
0.000000167131250137860167299608
0.000000649265868786751871747981
0.000001665203254046351873180940
0.000003184528765545912114401155
0.000005143261147588943004913247
0.000007441914803939246325105699
0.000009944508418910025173038936
0.000012480002315047402481501017
0.000014848193516541271177078438
0.000016832416500549690619153304
0.000018221362804128587970604533
0.000018841842419099377709630280
0.000018603292364985206126110073
0.000017553243621696525860517019
0.000015940750902355177751968177
0.000014281960316426549117757236
0.000013418612582165417756638846
0.000014556631765783453410795928
0.000019268662960487220288992999
0.000029442591981574122735445045
0.000047159224126638228679654630
0.000074488063785870217399856519
0.000113201716397766876482863796
0.000164426803038189562038845493
0.000228270483393707340541087247
0.000303482548508328484754281718
0.000387227603043364889019717356
0.000475043647670529646433873472
0.000561047421835204960897935944
0.000638411818615886635791545345
0.000700090326276607186582745523
0.000739706927071456842373575746
0.000752480176286810594106502226
0.000736021051853073490257861611
0.000690846268502439417660832000
0.000620486125783798261879020686
0.000531134008362805294829744884
0.000430870456346356183949253271
0.000328579752185351561030030032
0.000232741607610700184305060900
0.000150309096429712441304535342
0.000085868887980660314317854498
0.000041223730372344196261173710
0.000015452341891114530579966549
0.000005407397576951279610292002
0.000006529145144447338590864768
0.000013798246123085903543743422
0.000022637307574534431869796997
0.000029597273047846856447234618
0.000032724005989367741073677032
0.000031576709053796529573770319
0.000026945038956253879289422237
0.000020369231677751907939443593
0.000013595982298135574279415033
0.000008098623496399649153453838
0.000004757615660504525474953832
0.000003747019374927411348454552
0.000004618163497330439551955342
0.000006526460103292916606126592
0.000008521003588862648126227989
0.000009813369040258244528152423
0.000009959919608563253304832352
0.000008923898644848685476503244
0.000007019751587897364427856822
0.000004772610213397844960200173
0.000002743380349389453507857970
0.000001371410100715533744104358
0.000000873993484420538403582585
0.000001220453381439250092977485
0.000002175514367007278014007647
0.000003388865432463122712126394
0.000004499499320173621364480666
0.000005225405484874932485271203
0.000005419026964149952040451872
0.000005082078521260748423709133
0.000004345120783838417585017051
0.000003424349004625956786998552
0.000002569400657512899697928728
0.000002012959067260565860883748
0.000001928278991781608067945493
0.000002397234343460540135839010
0.000003390563834556037404457333
0.000004763257146601760125921229
0.000006269499088133545694121167
0.000007600822048810069774058950
0.000008446603548026182956562705
0.000008568291760077823219078456
0.000007870432592518080634259349
0.000006446657572141957934989780
0.000004580786446184130143949396
0.000002693383416021247290313319
0.000001240460610967568138624960
0.000000588471511167977700997988
0.000000901781875553145116560525
0.000002079998271655115363949675
0.000003770827396640501143307463
0.000005462109974418522946831671
0.000006631012074439319656238290
0.000006907702864848534910033762
0.000006202726804516988421778299
0.000004755301511118189153955356
0.000003082174364801227601097077
0.000001836753893084494997087262
0.000001616560379706398865452929
0.000002774575060956546082439108
0.000005291125445652831922908541
0.000008746982010061421776935496
0.000012410032397043436986705869
0.000015415579797599810851077562
0.000016993382760751931412172844
0.000016680687102832641251128759
0.000014463485584608865811440809
0.000010807031646363484555682308
0.000006565799507699022306427168
0.000002794468942317570739417975
0.000000506602475293167871953982
0.000000439987594573705545010126
0.000002884413653424347566758823
0.000007610576193094306067922581
0.000013913139388746927185879290
0.000020753943173892159743121333
0.000026969838023595516754860740
0.000031498383377836776213232195
0.000033575102687487110757549869
0.000032866388244697601335279902
0.000029518546780473265496360508
0.000024121246307401837433333214
0.000017598857328228222410542586
0.000011053527241124202299955674
0.000005588620955878389307642726
0.000002140985860471666352524735
0.000001346516108563587486309605
0.000003456882772064268696663629
0.000008317025973128314730886158
0.000015403887695567949949132860
0.000023917790538365660019549247
0.000032909966411795091431255478
0.000041424318025539349510076581
0.000048629742240716817246182213
0.000053921894698977971096317402
0.000056979852204293079736760474
0.000057772432747652174356896987
0.000056518881179099512653864201
0.000053616905420230065665646024
0.000049555779518595610244439953
0.000044832546169818986701340047
0.000039885627096768212090666800
0.000035053828356241786053798526
0.000030561800408718444853773538
0.000026527352164663087907706465
0.000022982816067222303313367579
0.000019902164994621874302520304
0.000017227191215780069907283212
0.000014888698211241126385419309
0.000012821246187690465786102219
0.000010971811661756196689602831
0.000009303561004992215828978894
0.000007796015507010522701831362
0.000006442619427060927299625789
0.000005246486018617199423275631
0.000004215064050005256183226241
0.000003354594670885899448194069
0.000002665342259851577072255358
0.000002138511591561840081255437
0.000001755438842317016092365819
0.000001489130708791443731607400
0.000001307682650514794807055491
0.000001178707061711905494045594
0.000001073758440899263758412869
0.000000971870877976666772097647
0.000000861648463439809760593048
0.000000741747309031123392368936
0.000000619936981061383615763775
