0.000007198992727028271845909554
0.000005176067298020910747372979
0.000003421366037703958402991372
0.000002008048318245195098597552
0.000000976145942538168589602257
0.000000333836894751027995782017
0.000000060669130912751037983212
0.000000112153539366074360149846
0.000000425206737181071241598565
0.000000924032587631907235544110
0.000001526156885998285587683959
0.000002148444419727416994971838
0.000002713007634124350431187702
0.000003152944043893368736470890
0.000003417806483284705591909692
0.000003478617947434419926017223
0.000003332105229928028409901305
0.000003003670628134671783976851
0.000002548489813458763667290610
0.000002050067417511200411448131
0.000001615652537697016777952811
0.000001368155807684211165857805
0.000001434632718021736018954048
0.000001931977302523808906259059
0.000002951127711092779162886353
0.000004541693682750800497216134
0.000006699318934317096771598708
0.000009358137426655070134347107
0.000012390269430304870924147709
0.000015613421687087925286609863
0.000018806414216162731922873594
0.000021731076239673068550232321
0.000024157729089058413006908116
0.000025890698226207596187222609
0.000026790177768153929170179967
0.000026787361351732108836554494
0.000025890920184741302164602855
0.000024184364452557933263671108
0.000021815208783402422111239935
0.000018977862164096525747535374
0.000015892615284995285798805981
0.000012783048468837012866684139
0.000009853858565596954247989107
0.000007270811051387410294064712
0.000005144504202878426779230181
0.000003519923479557379128760883
0.000002374140818295388663723179
0.000001624540163997453898141296
0.000001149147958981502439361759
0.000000818721775462008610500038
0.000000537302122279604724047514
0.000000284551683519270432255776
0.000000150391963006717830628729
0.000000351345635832803615398231
0.000001219517044959620276847073
0.000003159594564433751990580957
0.000006576085733335947075941033
0.000011780800367197109745020199
0.000018897418079135248024629651
0.000027783802609958574799569123
0.000037992084595526301525440782
0.000048780990501238602745793377
0.000059185278622145947571755314
0.000068135427315822792541932795
0.000074609562933673515493747386
0.000077791678519677985277971932
0.000077207449275852667140707108
0.000072812153399362555296348010
0.000065013706843629738649920080
0.000054625744053455607077834921
0.000042758423049117370482417877
0.000030665533692222067020660692
0.000019573438942275227784466443
0.000010519282223192111112202232
0.000004222807027616677904430231
0.000001009123990213066896802822
0.000000790534322357686429619044
0.000003105965758024778337106214
0.000007208343641209629958945242
0.000012184420388599996235403158
0.000017088698494997562780332162
0.000021073004831750000170756745
0.000023495500167272380436173443
0.000023996735759323467433203059
0.000022535089299061601176860786
0.000019378931249897440126711209
0.000015057755450861978874081172
0.000010278958950277479236757282
0.000005820756286651483809007485
0.000002414649228223885622589924
0.000000632684493227855427313004
0.000000795103081971830730601111
0.000002912587061513984928898084
0.000006673899295294897322447514
0.000011484263647227319340093053
0.000016552677548022305990208652
0.000021018262087517362862601825
0.000024097956775522195744382303
0.000025231883833034086191040440
0.000024200099794802598093335436
0.000021186435700890842803809783
0.000016772176242267292377340418
0.000011853873429538104981883530
0.000007493918785182535817566279
0.000004726937513506947980226371
0.000004356464300866405664979485
0.000006781772782794284570959554
0.000011892194410179177205765487
0.000019055418617842497723373352
0.000027208668944260086606633936
0.000035040620539928784811858908
0.000041231933812925462422456502
0.000044707963063859065800352555
0.000044852232692149718361416394
0.000041635383173527030023237244
0.000035630679457302639339972422
0.000027910557756069854519996587
0.000019843950617736942366444927
0.000012835514246961962167722059
0.000008060380704578446671199239
0.000006248688892435716219116160
0.000007562743437521905646785895
0.000011588935380605546533782160
0.000017441483180353401812165068
0.000023951537146791653930689298
0.000029898619918652463511117220
0.000034235253774289349916557651
0.000036260755617421567035488922
0.000035714587087342652429143575
0.000032779239373635434711719283
0.000028002392623137730733040573
0.000022163432025340650260037539
0.000016117306773323542598130159
0.000010648341794025794655601316
0.000006359251671625700654607184
0.000003609082389006537247094991
0.000002501514084400459339341044
0.000002914890490657331714551134
0.000004559373525650061700562055
0.000007045221490050018708342552
0.000009948567228421698789846313
0.000012865659014509034713453529
0.000015451574292966197698854028
0.000017443525743350556274618296
0.000018671309924819147208754563
0.000019058164423509231261578273
0.000018614791144455511569776041
0.000017428294875456453144179497
0.000015646937003058092628205236
0.000013461304133476133140616404
0.000011082790659797275799043452
0.000008720961836115204173685081
0.000006562027327080454308302904
0.000004750961986377064211954473
0.000003379554478135220387934479
0.000002481843330467530797309172
0.000002037199938133030062544990
0.000001980038579618577117941961
0.000002214088121874950420696782
0.000002628583582058403418310350
0.000003113725690189912998108576
0.000003573260781970369504175183
0.000003932880212941460045450101
0.000004144096360625693267591436
0.000004184096531146733748574452
0.000004052644595321047559660383
0.000003767323834565063063402378
0.000003358318370632050514141458
0.000002863610473765908551440490
0.000002325055907578909979735535
0.000001785412328186363261232146
0.000001286124086003324158014398
0.000000865548146420992172636198
0.000000557329616081634929519555
0.000000388756599947276695405598
0.000000379083309340866297136249
0.000000537952395007680446789447
0.000000864135072080773033611860
0.000001344826669831676550369466
0.000001955692934454126298809539
