0.000081991919557336859734897327
0.000090577250802052232457432790
0.000099318998250185800921209511
0.000108202114269564166624051915
0.000117210825907612372015834112
0.000126325075100593652542568801
0.000135517250764906056585690219
0.000144749226327176109272235061
0.000153969730307909364198232227
0.000163112088550331272001486793
0.000172092380642860836919769141
0.000180808050518393742967654392
0.000189137007379750783772273670
0.000196937257253630183806425435
0.000204047128868748171631394839
0.000210286210270767200429184451
0.000215457199598194208429308150
0.000219348990548227549494259003
0.000221741443536569278688688756
0.000222412406418342594718526306
0.000221147599419009154454035526
0.000217753913785579891618585102
0.000212076437537790456720754317
0.000204019070702444007322368114
0.000193567910044242503901645858
0.000180815698383179516506649720
0.000165984636203908635055867538
0.000149443903028511449826779001
0.000131717555917935491126974368
0.000113478322436738523343313645
0.000095523433484869419178228678
0.000078730216369076789530156990
0.000063991706303155316800171382
0.000052135837683838928767032089
0.000043835409271006600825069943
0.000039519336704660435540155394
0.000039297956432331818392867523
0.000042915611353215357671141150
0.000049741934183558889027640393
0.000058809039155964866636954608
0.000068895614744273034248805976
0.000078651548886641138276856755
0.000086749455657983924996082270
0.000092043699114249848602584136
0.000093714478725792180083091487
0.000091375082195735039336872974
0.000085124722735918292989762413
0.000075536938359288278359120195
0.000063583169967358862972352240
0.000050501241432313252028261930
0.000037627289780781656737540519
0.000026215683515327493446987056
0.000017273554581571714605994772
0.000011434365067218103117910669
0.000008888783351022940811903342
0.000009382072884271247718390545
0.000012276699330258616550009577
0.000016668662725454392898195161
0.000021537825179204071231056986
0.000025907567841287985752800685
0.000028988267615385236383469120
0.000030282454943464061288297892
0.000029636516573803591809198668
0.000027233237477878536529456166
0.000023529695252432324278045461
0.000019154227182040025755267731
0.000014782739788041642528754541
0.000011017346438318151988417816
0.000008288734578805943177949415
0.000006798141729915560709028403
0.000006506499572938777644932201
0.000007168892857050552528330126
0.000008403893549909523984697488
0.000009781293440745121944455628
0.000010909418121600400759904810
0.000011504880684985970467964708
0.000011432751431993117902574317
0.000010712364328439248742407333
0.000009491619909485915704814608
0.000007998953249824121674704108
0.000006485808438548235429913294
0.000005172903234955105600126682
0.000004210997691540990827459984
0.000003662219164944204902498821
0.000003502581286681585622108052
0.000003641547369608843873623871
0.000003951396770154217503914079
0.000004298265696859940953971062
0.000004567932515815414291925935
0.000004682060018753136007552650
0.000004603768507009249680024098
0.000004334176932831691179839970
0.000003903259374508632887409293
0.000003358773359206097470407376
0.000002756293225192170671765520
0.000002151993128098877921063926
0.000001598346667531838006712751
0.000001141833137624876797316096
0.000000821328513304083837839897
0.000000666106110916927033370266
0.000000693049734999094277220638
0.000000903456719985935260939527
0.000001280370595450030309593787
0.000001787551165712533041924422
0.000002370949225821370581599899
0.000002963031487991618319392763
0.000003489695563653354541959646
0.000003879006429986103866359472
0.000004070677520160186241575308
0.000004025116604481710492189662
0.000003730893251437821919784749
0.000003209579460199343034482568
0.000002517026693407830642681749
0.000001740299288589277483627494
0.000000989772807952735637538233
0.000000386422936135282806525645
0.000000045116640761683939453634
0.000000055702211213471945785744
0.000000464679977830237791226888
0.000001260927848029156440244581
0.000002369047454319282376342375
0.000003653169167445077363800751
0.000004932473186433971962477994
0.000006007451795510742467514541
0.000006693481059418662508140284
0.000006856156614656215115774247
0.000006441651493744375727205052
0.000005495498272391778811236246
0.000004164825427315280419876542
0.000002681978639218125407906249
0.000001331087238027778368946443
0.000000402723021020517833737308
0.000000144522799126589009715408
0.000000716840336122085988646740
0.000002161820424869059794974711
0.000004391839339893124783266269
0.000007199544712135611502991546
0.000010287570333159583801062309
0.000013312317791368563789822406
0.000015933782655491791663444900
0.000017862733113501464083175407
0.000018897669049044595637439417
0.000018946522467087762846846624
0.000018031324682885439976941233
0.000016277269104071295335693648
0.000013890046905807758778335186
0.000011126598859350052145582473
0.000008264429277177433311109452
0.000005573611243605830687622600
0.000003294034864399283686603849
0.000001618829894248909826706337
0.000000683654736258777285382222
0.000000560910961921410437169757
0.000001257911473788284504338208
0.000002718407542762375529574919
0.000004827374685423891823672291
0.000007419290702624490072654082
0.000010290133092995506952139519
0.000013212946150077700094467581
0.000015956190018551272556983009
0.000018303386875640004428011584
0.000020072046529348052578073727
0.000021129660165729794829136273
0.000021404775832405339172723885
0.000020891780389126076127991744
0.000019648883781984517792138650
0.000017789752165417297059433685
0.000015470080930593667161137422
0.000012870989779561483289105350
0.000010181378662497887172097739
0.000007581299227351151484252147
0.000005228029342526401004810806
0.000003245988015781203839732255
0.000001721009075531818221713436
0.000000698908710089385833791017
0.000000187811534205902372021989
0.000000163384448406873983155338
0.000000575975471407403612874502
0.000001358647802510246692338008
0.000002435203481953185468070070
