0.000001711380231243065428204417
0.000002266923458634193495951463
0.000002883281246574400081509205
0.000003506581025429639790247415
0.000004087294571380631749756094
0.000004583042570070340204649393
0.000004960603605820458814859748
0.000005197099443831191275080302
0.000005280388626892025129397519
0.000005208751025468402136894396
0.000004989984581666685603952398
0.000004640060495446115526379724
0.000004181493936190418652114505
0.000003641584475351408673398463
0.000003050665264819959721597203
0.000002440474836953262692350710
0.000001842733256707530104645922
0.000001287968619310635335571116
0.000000804604104776593637393363
0.000000418283379148209628800082
0.000000151386090576528408222336
0.000000022667990497024528937260
0.000000046953557966175469214403
0.000000234813864898518717142111
0.000000592178840949529889814299
0.000001119860081834556575150486
0.000001812995643719005630530830
0.000002660468166463926844558709
0.000003644386906579898592850554
0.000004739756227712947265172383
0.000005914470502662949621497206
0.000007129771457003286509789084
0.000008341274124314241412503704
0.000009500611119937671752338007
0.000010557666557636786100319616
0.000011463281139351294511392713
0.000012172224141930423674164835
0.000012646163999014987927961909
0.000012856343347975632726803812
0.000012785687559761472152902034
0.000012430149395353075876080422
0.000011799206905858599601357936
0.000010915567014227081199095187
0.000009814256571610628068682430
0.000008541378152437076223379292
0.000007152846916557700765655105
0.000005713395959098469763833960
0.000004296043127081137591536525
0.000002982068370487520861302627
0.000001861383296952414487544563
0.000001033013686222278161615652
0.000000605288885716118785046381
0.000000695259517179134062939204
0.000001426857487840279232075365
0.000002927371843640900441125326
0.000005321936577908748448428444
0.000008725905682350283522146460
0.000013235219621810603602297257
0.000018915138154272907749673879
0.000025788014872164488714431987
0.000033821097891186449450363904
0.000042915624673501095802906347
0.000052898689276109612210363675
0.000063519440325065173276117281
0.000074451061379663283578377031
0.000085299650470458255983874363
0.000095620540685453355388666308
0.000104941818711889973481446448
0.000112793879783661913241560315
0.000118742923706006685302151438
0.000122425491922021110286974976
0.000123580616791740409464786521
0.000122076022778107865429317314
0.000117925154733959728628120422
0.000111292610001466471189579543
0.000102486740216486298723358450
0.000091939617458739155884082928
0.000080176031342922397544131785
0.000067774485934548627159325351
0.000055324104845640938762484778
0.000043381789873985686584526023
0.000032433851707311542810711208
0.000022865668196992730793002530
0.000014941837927017737579086024
0.000008797958946535980667637451
0.000004443780948105976152777159
0.000001776255312928741490421545
0.000000600103447544095945309314
0.000000653036801620627412182974
0.000001632711580104191750236202
0.000003222832593589434395879969
0.000005116421304502007665504938
0.000007034989143199465763786789
0.000008743064183354165200918670
0.000010058090262972475066767519
0.000010856082921074414708714415
0.000011073572061202974008923411
0.000010706324617217546996887460
0.000009805196241261508686829808
0.000008469299561458759772092537
0.000006836581490691119052495808
0.000005071931067881931367354736
0.000003353112055281030632670515
0.000001855109652413674693258844
0.000000733841552842430094555999
0.000000110530644106036432855244
0.000000058283768889294411892122
0.000000592492000830422878502181
0.000001666511116937889019936465
0.000003173679161284206554213480
0.000004956103394097933207535465
0.000006819862592538651501112863
0.000008555416881169454026740025
0.000009961213060754381057185572
0.000010867844109156803766099049
0.000011159783212167068727651946
0.000010791753076873198844906621
0.000009797251664039589670921436
0.000008287616709529427368066505
0.000006441187673301515688971397
0.000004483467072227137309220393
0.000002660500168681855548175226
0.000001208772205075706582445448
0.000000325574044127870610026185
0.000000143874427542052589199027
0.000000715211120215228791834939
0.000002003028620776842907264502
0.000003887402800187402897357045
0.000006180436886303222885545670
0.000008650060498277557503952334
0.000011048773285139151806169902
0.000013143244266609427567740753
0.000014740703844898906229102242
0.000015708725504659965958908011
0.000015986153431674245519247823
0.000015584371592865580108486917
0.000014579571245710286160808013
0.000013097911738333033456285238
0.000011296296589972909632819051
0.000009341805619565421829890613
0.000007392637020758268332615553
0.000005582813120053344748262673
0.000004012044400218548050886767
0.000002741207384499458701333785
0.000001793039757586076640472105
0.000001157014992258142461084873
0.000000796994184731792449204592
0.000000660169264139009480461644
0.000000685963442250745179602138
0.000000813864481538531013365100
0.000000989546849871028141496475
0.000001169011739910168737224382
0.000001320782558109428358848617
0.000001426408052139866315584935
0.000001479641258371905635101394
0.000001484694253990323139900552
0.000001453940855429977891766311
0.000001405378462487678724521776
0.000001360088626603208521517741
0.000001339868721147428214291895
0.000001365151661533616100991577
0.000001453288134789058908422836
0.000001617233769087716770154165
0.000001864658482983591673539173
0.000002197473983474861802995832
0.000002611756696328576958949239
0.000003098027539699837124627813
0.000003641838053392312928035774
0.000004224605693859367833490042
0.000004824640115406809042278551
0.000005418306348288736608450299
0.000005981278142877680642334765
0.000006489842728365705720684677
0.000006922223942872843954754458
0.000007259891672598778612746605
0.000007488820379197280436948947
0.000007600648250387714112202495
0.000007593672853292849275470659
0.000007473602265958381321651460
0.000007253966760519504832112336
