0.000002470281126926531036115545
0.000002040525279270437392846287
0.000001675769354072459343271370
0.000001369412436804528808011552
0.000001114244801718467588704160
0.000000903206748775280159196601
0.000000729902708928512190536206
0.000000588870173254470399728903
0.000000475626249081626424473250
0.000000386533946907703298225445
0.000000318544741316503004174523
0.000000268882762577798995245126
0.000000234738566418085227982662
0.000000213036447005050628664710
0.000000200328725347597097576478
0.000000192853904293129578668921
0.000000186774213291109560981665
0.000000178583735604990156942921
0.000000165653494557395377584366
0.000000146857457114864013284874
0.000000123206351105423442115694
0.000000098407101500046652920231
0.000000079266399869310636392650
0.000000075868079258025833476799
0.000000101474779057815523662170
0.000000172132530709921645498147
0.000000305988677638236752385695
0.000000522364279155606077933061
0.000000840646799616566805520663
0.000001279082884870582496915966
0.000001853551239221553926925972
0.000002576381281412136778325534
0.000003455256775972625684641799
0.000004492210907545248472594150
0.000005682689357044018677186069
0.000007014641847207750508462996
0.000008467611082127115298924178
0.000010011828499310356841811402
0.000011607399777442248994027002
0.000013203761369725238559330073
0.000014739693785950871876382073
0.000016144259989521556487163112
0.000017339065037773761896681274
0.000018242174690039796892959689
0.000018773865346189938898332356
0.000018864103733295574936209421
0.000018461296069909042318621731
0.000017541453928685147428939012
0.000016116571006700469199804729
0.000014240775911323326512929535
0.000012012799827370559870715061
0.000009573529212561168212636264
0.000007097915887623065553748737
0.000004781251472546190992853835
0.000002820688525459850518333112
0.000001393772885301583859860670
0.000000636485031154368768253394
0.000000623723925876346348587767
0.000001355192753339151179504561
0.000002749212363733609234617890
0.000004646122599506048611475544
0.000006821739541502892375190135
0.000009009987097642489968247342
0.000010932518966703491693757445
0.000012332096539359966444406209
0.000013005857728263768850925086
0.000012834502035136191434405543
0.000011803844603956789441941838
0.000010016086367466887850608513
0.000007689366527564371104849252
0.000005145520937059898085460218
0.000002787269048977878293409712
0.000001067121217177973173037553
0.000000451017682003998452391387
0.000001380028486657163858765179
0.000004233376206169411958089160
0.000009295662967569288958908508
0.000016730595719928441909071098
0.000026562822590441177977166332
0.000038668815728401055825235594
0.000052777127018437597003042150
0.000068477828747380280085925441
0.000085240524514871779458539958
0.000102439948816690715453943394
0.000119387835989527292231485167
0.000135369412463296981017843446
0.000149682555365759857634103125
0.000161677395182945060365248269
0.000170793968234164071596722922
0.000176595498824354881503909120
0.000178795052616447154060497216
0.000177273668434878799550838413
0.000172088628628508171717476083
0.000163471218648022831093288842
0.000151814080668435832629017956
0.000137649000285817643945279753
0.000121616603082422714693366927
0.000104429924442108650398108871
0.000086834126824789022213238465
0.000069564779618002073216347092
0.000053307116237115035814464470
0.000038658579383230135223352419
0.000026096791050603211224896694
0.000015954854682748436674579254
0.000008405606248214520670068370
0.000003456053490579376770961990
0.000000952745172130296710246919
0.000000598170583781776853387474
0.000001977505584567768354180761
0.000004594135032744780619442908
0.000007911475094198403966872651
0.000011397810297975560810731371
0.000014570284733076246160704548
0.000017033972130434159655831827
0.000018512187818525578902450340
0.000018864928722397940531090368
0.000018093492566756921342699740
0.000016330814188216915606478852
0.000013818681498209212847681077
0.000010874534958376156948650464
0.000007851789305103827181506540
0.000005098357642245843315874712
0.000002918188374018480391177636
0.000001540119090674892648933710
0.000001097281334186489666781173
0.000001618817050262778504192657
0.000003034014146954595490205536
0.000005187382122225468981675366
0.000007861899394703557617880910
0.000010806846839393747283287507
0.000013766389260182609747314858
0.000016505375019219473533074738
0.000018829600458346902201647172
0.000020598867620713319590702861
0.000021732352158744136191078494
0.000022206895312227574755320134
0.000022049677624986489430595343
0.000021327222585017645175957390
0.000020132789267663720508133585
0.000018573988342728743757524545
0.000016761993057873245544777893
0.000014803141527486496085747221
0.000012793163877865770068284479
0.000010813817324587531138141254
0.000008931432400400957818237778
0.000007196776009616839853979490
0.000005645692594711111295959459
0.000004300137359080111759831143
0.000003169399918996522839151429
0.000002251475421888452912240648
0.000001534635461923427995347639
0.000000999270644689601849215135
0.000000620031381929719252222048
0.000000368210507425508508974046
0.000000214223728797152916432936
0.000000129981177160267485655088
0.000000090923970287831772398420
0.000000077528426040328986874391
0.000000076149076167433916109101
0.000000079162804662493130774028
0.000000084469856093452637280246
0.000000094484819854222080396099
0.000000114799685832498501581132
0.000000152717098280232686403150
0.000000215837714194669768943087
0.000000310849066799452837738481
0.000000442614963527937234215212
0.000000613614343711793845257058
0.000000823734487565913408397764
0.000001070389952566940462407312
0.000001348916689740965990765330
0.000001653178907862928304469069
0.000001976321376607288814419546
0.000002311598665628355881687846
0.000002653212635349281290860803
0.000002997088875340879993256372
0.000003341521654635372216455777
0.000003687616440207612419866987
0.000004039461115551644298442106
0.000004403964002630888947560205
