0.000004579158464244597939447716
0.000003155129161708353626656894
0.000001942132756027675775028574
0.000001003625144435883533529700
0.000000373403367013774588513289
0.000000055015579220792487638600
0.000000024258723421774193114366
0.000000234363354757150131379767
0.000000623191052160223549602665
0.000001121563237011711430124320
0.000001661732811041421205487082
0.000002185021597085194292693286
0.000002647780510911088232598679
0.000003025070609385205657457848
0.000003311778844535764977299744
0.000003521226013333995337120522
0.000003681643015464278990506392
0.000003831135101800951605114341
0.000004011885564420562250002346
0.000004264355482677983242764935
0.000004622126381687964452875568
0.000005107844471195544857613450
0.000005730511218631711512026122
0.000006484180062459838508556222
0.000007348003335549932456304597
0.000008287539016397088971433924
0.000009257251729992626044780761
0.000010204175698717598056147055
0.000011072686458274075819345830
0.000011810203270073398181764374
0.000012373403294911384018130510
0.000012734213910538105463056587
0.000012884556945610246841841043
0.000012838676730586058363238998
0.000012632015380867417456969490
0.000012316073116224304499657753
0.000011949484021890949126515867
0.000011586510435819331367186119
0.000011265074947767084691447638
0.000010997022440731471393140888
0.000010763281480143587843026354
0.000010515840310789955713930560
0.000010187024890232687909037874
0.000009704741151394148470396388
0.000009010581700618285633393699
0.000008076542283248520155865269
0.000006916022106181236121509419
0.000005586039490370268872682265
0.000004180064233773351423291160
0.000002814026688883094854813941
0.000001611049053006544675459050
0.000000692247195053436566409904
0.000000180692931389151053200433
0.000000222859441500094375431085
0.000001026813496194472938340667
0.000002910030914204523515791513
0.000006343581343800823386979218
0.000011975427882027054091824622
0.000020615394684976133261433001
0.000033168942199257882199464609
0.000050516116868703661265446042
0.000073344507837473876896844383
0.000101958249637368152107352870
0.000136095952844309344732798284
0.000174795925840421793786422233
0.000216345045496666306102453992
0.000258337516386952271985055773
0.000297852704873269433141075302
0.000331740114189220977429506387
0.000356978407338009171619747084
0.000371058537089587387770850402
0.000372332228981831717812278626
0.000360268534755596968321977869
0.000335573173370380152535918938
0.000300146037201196383414902868
0.000256877936194980507293023075
0.000209313723856720907898210093
0.000161230640136552841453973506
0.000116194106436423604845897817
0.000077156000745589440096249001
0.000046152315945503315415283235
0.000024139759135399192427210227
0.000010987600585410410707911354
0.000005616177457150117506513767
0.000006251251931540100380995436
0.000010747562363827399753977467
0.000016927700780257664474413165
0.000022884536234107515545498426
0.000027205738471153803126941634
0.000029095130915024770552716749
0.000028384385771387993425583438
0.000025446569828606148476295157
0.000021037320873769434524192326
0.000016097986853857389118746882
0.000011557094845282009983478827
0.000008162436508713132984264675
0.000006367244889268912941097944
0.000006282391963609658683471201
0.000007694444091769916878624166
0.000010138758156944510833920477
0.000013009076934242961304656443
0.000015681132123727094186856068
0.000017627759912439254638086977
0.000018506558617129477558541778
0.000018207306417720607377361275
0.000016854067723233113671160027
0.000014764896634630384942448757
0.000012379082676785485027967475
0.000010166939777533273090966495
0.000008539472588862439866776860
0.000007774523116183105922536584
0.000007972338374429547734265067
0.000009047535880233486234119032
0.000010757247443893305874915503
0.000012758151256923311108620357
0.000014679566154772522704511327
0.000016196946889738732196272267
0.000017090628151152113193677468
0.000017278441898163656689942080
0.000016817043610765984281221752
0.000015873990240167095181703788
0.000014679102299201319154235354
0.000013467856075657621403780274
0.000012430502829337830437072751
0.000011678164220708967072645881
0.000011232069063829354212060048
0.000011035823971003601686249884
0.000010984868226246308073800959
0.000010963543939630435164467315
0.000010879359819481055008240193
0.000010686019339673463832574712
0.000010390792197022743754801499
0.000010046498614061080947227993
0.000009732355833137055399701190
0.000009530181334097960298276306
0.000009502578991470930837065674
0.000009678058610057058814245268
0.000010045359026042185432220019
0.000010556530786256410568962200
0.000011136383090795141245711759
0.000011695101906664055177237013
0.000012141131654089798566414568
0.000012392367804484830462268506
0.000012384795785845221832623814
0.000012078499810180519244895078
0.000011461267764861435280998592
0.000010549915539409716750199331
0.000009389200220463346700469111
0.000008048065781204090401610915
0.000006613136961031396100427204
0.000005179840064115230792570962
0.000003842118502503309956756794
0.000002682187954388450634279472
0.000001761936707405326949711665
0.000001117333407894389114402918
0.000000756614366091784072152545
0.000000662258096319673441283791
0.000000796033955221007110498663
0.000001105921098224155786773166
0.000001533532352901665146379696
0.000002020837601024390011036046
0.000002515368150345181559623172
0.000002973558590395547154448461
0.000003362311571148966543760850
0.000003659161457109716067285024
0.000003851530963857493034755829
0.000003935540745190033268502243
0.000003914700467313559819465801
0.000003798646826772015228058325
0.000003601954553965012972534861
0.000003342963248198401898542576
0.000003042543067945273245207116
0.000002722752778660652682050838
0.000002405400475043061469420432
0.000002110575324528459218993530
0.000001855259009136484228192536
0.000001652139117360952233742183
0.000001508734329759834681840671
0.000001426910709783984302568747
0.000001402830633917824138407740
