0.000433062464894969371877880837
0.000415700264027312024923965783
0.000398633021524813578161799965
0.000381878527873468235839804485
0.000365420010622355840440578234
0.000349212855945353118670981818
0.000333191320262506065087021456
0.000317275261103319521603649545
0.000301376946559678250085051454
0.000285408005490169315934712024
0.000269286555730285665638534809
0.000252944494688392472556831558
0.000236334856328984546473825912
0.000219439032895975884860165217
0.000202273534232504039083455627
0.000184895822350574163053793519
0.000167408630079177899374273664
0.000149962072605385528679261542
0.000132752817301704401651077370
0.000116019620669274698657354172
0.000100034699328396459367708504
0.000085090693364497341395769059
0.000071483406722535120154417287
0.000059491048492288747025907858
0.000049351300085278656712937939
0.000041238117368406721765464878
0.000035240642928391834954107709
0.000031346842867711926161264357
0.000029434397744443229529833980
0.000029270906289208077698076049
0.000030524597974426201992415725
0.000032785562603318511441970184
0.000035596132066910802312000722
0.000038487691871151684787442232
0.000041020088863154157050611853
0.000042819155493864079643079323
0.000043607849446268151462260260
0.000043227169985659037319998543
0.000041644294607257680116037257
0.000038947094834104102763737421
0.000035326058854347170508011788
0.000031046351673360680282869051
0.000026413986713803988684102012
0.000021740660539107506442693674
0.000017311640894159192102103040
0.000013360269725031971243763874
0.000010051344991462888317393203
0.000007474151959476958595354583
0.000005644511513297918070986448
0.000004514132731935862083243443
0.000003984934375661451023595792
0.000003925854845257105381122961
0.000004189921119371869866828025
0.000004629848746027654487718902
0.000005111035740469798682446105
0.000005521359138772698169398377
0.000005777604260140700809873955
0.000005828633616305785196192672
0.000005655561381466871955035064
0.000005269288890538955874446106
0.000004705822592219993633728611
0.000004019865101366659995468962
0.000003277246249596298588360049
0.000002546831441631089026244499
0.000001892590926861753962230964
0.000001366521671624395111666809
0.000001003076712467982940853064
0.000000815672776658920491176831
0.000000795711292092317218710104
0.000000914351051921151591821515
0.000001127001412031914302452440
0.000001380161322814793837401664
0.000001619834802490566935426566
0.000001800366498267181901424337
0.000001892255310971013542299494
0.000001887430007140502469817431
0.000001800702204881539930054275
0.000001666686760958246153247657
0.000001532346161292233755759316
0.000001446322633114900726303146
0.000001447137607627445612969966
0.000001552902011542763444152987
0.000001755174910574155972467340
0.000002018931314439106262828387
0.000002289320130728784404770771
0.000002504256567118015399834663
0.000002610283068627918027598779
0.000002577981598097173823329374
0.000002412894697122525797965999
0.000002158603842494410729241014
0.000001890260602172564487273207
0.000001699144534920550473242290
0.000001671202421021178977070709
0.000001864393878443418485022095
0.000002290489369099836178944986
0.000002906422390265025110629932
0.000003618399827181106082789937
0.000004299086348600698909855084
0.000004814948755207716396976175
0.000005058061291363693277921363
0.000004975065971059389221381984
0.000004586040863255655200005599
0.000003987857830034590382985507
0.000003339880436678955948071046
0.000002833859620938398728954167
0.000002653707921244158874610371
0.000002933550193407947391738624
0.000003723362034855731475931290
0.000004970321505206346603166281
0.000006520907196561042393819635
0.000008144422994809271036209357
0.000009573974947490760737376682
0.000010557016679070716175335015
0.000010905309754837524185153499
0.000010534041951147060685984279
0.000009481948020838382125202379
0.000007908125689726900857802298
0.000006065987919554754844082313
0.000004259405485708439433685437
0.000002789586321372875525891099
0.000001902896381933063887372491
0.000001749361303352530934619334
0.000002359181488382500574928474
0.000003640837968250260142996774
0.000005400111366541726821586741
0.000007375483299830525573683674
0.000009282690628042317306347145
0.000010860106601837914762982880
0.000011907201721533226614654737
0.000012310307303310425320469479
0.000012052725072741009965625325
0.000011209244548655147372595228
0.000009927738732353417870244924
0.000008402269494219576868106365
0.000006842848204314853048516390
0.000005446709964368966726266930
0.000004374909196487914839668234
0.000003736573858006326673899004
0.000003581619064144104291392591
0.000003901403862233012267198701
0.000004635888301837238460875127
0.000005685359852594536100227167
0.000006924696923761585868369994
0.000008218312777126848925638922
0.000009434251825535289756683582
0.000010456289499541529628302144
0.000011193252664688155262589370
0.000011585105260796183302188754
0.000011605635606023183387341784
0.000011261849442300169734081788
0.000010590422574245457660625791
0.000009651791670042048543100982
0.000008522641286811347014146581
0.000007287653534446759819411584
0.000006031402449160494386257853
0.000004831189856080903562791842
0.000003751442960326778718038992
0.000002840052938430307441660099
0.000002126766687687585431537542
0.000001623491935686128099334690
0.000001326174801293130860302253
0.000001217782099325741958795459
0.000001271876260814475452515107
0.000001456301867508061618336945
0.000001736591241278396346807682
0.000002078817870250539777778921
0.000002451755597311136107552525
0.000002828317257715445438826483
0.000003186334492512907315555455
0.000003508794349306857922993728
0.000003783668876224542979377517
0.000004003467611798633707398138
0.000004164619254269811835975600
0.000004266758266737909244573860
0.000004311963990860228444616277
0.000004303980712835378745863887
0.000004247440499343282798458497
0.000004147116560318337430694931
0.000004007250434271829951497247
0.000003831016140049216779574388
