0.000002667835506518414599578300
0.000002024460187009115292981493
0.000001579337128601001497896824
0.000001354134433935466948968379
0.000001352800766809850758224049
0.000001561488769438374089624046
0.000001949542016807196226450003
0.000002471576774591287446736221
0.000003070659152402361127300046
0.000003682511547348618390957829
0.000004240585956592605410496975
0.000004681729473307796608174888
0.000004952057498521479404838663
0.000005012562807021490448255129
0.000004843941408162780861226555
0.000004450121597584901089066957
0.000003860045485732468384626297
0.000003127368857753052856221151
0.000002327904018051029655931358
0.000001554814588898286385596935
0.000000911762559527277928464657
0.000000504389553228287236347693
0.000000430674254357072513212090
0.000000770839873058580165034420
0.000001577587699349220353049945
0.000002867505054548636776907966
0.000004614535533429560552247471
0.000006746397088382223542640283
0.000009144771419334378823170692
0.000011649941076563389961593883
0.000014070291113916188997182838
0.000016196698917722151134929165
0.000017821305231570071779013953
0.000018759515780573864595325018
0.000018873386258866099154593576
0.000018093890525852533506748904
0.000016439088725948822108371625
0.000014025037309977710753934252
0.000011066542850024782548910667
0.000007865640314723940467703418
0.000004786986824663999006400101
0.000002221121909215911625770992
0.000000538567658873848540332092
0.000000039741268717533101843998
0.000000907272349051827876354208
0.000003168181469974159906489997
0.000006673155553588955490255507
0.000011098646478390935524085265
0.000015974719021208292165552381
0.000020737735359781939029413800
0.000024802606117581971331351176
0.000027645205860212588016167762
0.000028882500630225137102638153
0.000028336769143646902655324024
0.000026071569872176793085903623
0.000022390934009838432401477692
0.000017799225236551730413864930
0.000012926234336443910533879370
0.000008429000964535509265659896
0.000004887072821669791893896273
0.000002710131125566304880901598
0.000002075386892918355192155571
0.000002906931723522430070495671
0.000004901211446730161872269334
0.000007593591550150487759973314
0.000010452579183375300888475014
0.000012982549440224715710180854
0.000014814136693093532957574664
0.000015764245225557240771569606
0.000015854331450287386767435474
0.000015284729107616558017260916
0.000014372281974835476517490460
0.000013466289156416095807973846
0.000012862051157931596290749654
0.000012731240985391129415661531
0.000013084029068571672270449024
0.000013770431208163829757016791
0.000014519468813648496804827662
0.000015006429776736946222039440
0.000014932591652141777831134042
0.000014099418552156878564813637
0.000012460844537800938548396945
0.000010142320348437877899796904
0.000007422626135427600366461891
0.000004682420687646018079728846
0.000002330428648773063581077329
0.000000722669899127912936330476
0.000000091369833168226705601340
0.000000498005870684180325792638
0.000001819880602895744622175540
0.000003772754247896142492963312
0.000005964828545407362436249227
0.000007971200067820433088870702
0.000009414000533465681898413063
0.000010032550258323188032208440
0.000009730092967005020179716533
0.000008588549887622076489581552
0.000006849196994974687061074909
0.000004863887712288048407983324
0.000003027039519200440905225512
0.000001701962703454800033677570
0.000001155617840101217598912787
0.000001513557479038524139410568
0.000002742260836241845490266270
0.000004660385711381482287955953
0.000006974907103764461587002473
0.000009333841174552472968605106
0.000011385041504201028070091505
0.000012830639996290989966959764
0.000013468775900127732505812302
0.000013217584263707590644474493
0.000012120085195549322874450891
0.000010331788563261101328272749
0.000008094953741827639505791551
0.000005704360828102402643778081
0.000003469362716285762702312593
0.000001676326677244527869436834
0.000000554800661943022248434186
0.000000250165338848458449743376
0.000000805217451367595065323793
0.000002152887404367000115677560
0.000004121801558531072727281554
0.000006455366017929371251168370
0.000008843374116873964807701569
0.000010963008560247203634517230
0.000012523974457582796632366950
0.000013310962007151219146060261
0.000013216255514776648088319869
0.000012256399243292430488016381
0.000010569349360687184361689596
0.000008392038083835977947981186
0.000006022005013149843918331648
0.000003769858117232888858208571
0.000001911080993712524736836489
0.000000645691810044760246515714
0.000000072499252106401122789675
0.000000181626687176361092471776
0.000000865317632505082048938107
0.000001943622470423405402563648
0.000003199114900536836191843144
0.000004413734359251806378535762
0.000005401274734523896970024310
0.000006030675766455071092118998
0.000006237618771126565159884907
0.000006024391989341222912110463
0.000005450046144116430618090010
0.000004614158357591455408158471
0.000003637941916569220479350235
0.000002646074915758330086849393
0.000001751717904488547466489482
0.000001046057345569052392781728
0.000000592633646071457417696187
0.000000425892328979558330804086
0.000000552927686528323869272000
0.000000957260253727296635950636
0.000001603620015927628407337454
0.000002442980589734755707379031
0.000003417393620493378301642513
0.000004464424632339724133799075
0.000005521149317772325939039299
0.000006527728936447480861590947
0.000007430568840684863511755667
0.000008185012071485248913806955
0.000008757467190333329698113604
0.000009126843078531944527002559
0.000009285176251721069816446111
0.000009237387170983131346835120
0.000009000179298389159867569559
0.000008600180819454408009971415
0.000008071506101605188665537582
0.000007452967746752716823811693
0.000006785192290556816212916333
0.000006107881774537696256872649
0.000005457424156170824101549921
0.000004864996614497985711299266
0.000004355238014968147087948962
0.000003945500743862981314982481
0.000003645636698284480898207089
0.000003458233629315742224604206
0.000003379199475378122368714835
