0.000006337362636249103149536140
0.000006339172366109241136405972
0.000006773526088121760359728879
0.000007590187274049632721001184
0.000008745948280024567550927292
0.000010206201366554764953025955
0.000011945755123275906571848025
0.000013948847114272428437606322
0.000016208192128434755244995730
0.000018722837724745107528456431
0.000021494606755491571379234825
0.000024523008895033447912103347
0.000027798702583390223069814695
0.000031295872510756804550473287
0.000034964229782208783032636940
0.000038721704277266663694976462
0.000042449231237638052765832192
0.000045989272486654343761840191
0.000049149777715235879707762756
0.000051715092864381984874219689
0.000053464772768157469795633624
0.000054200292545751508450305872
0.000053778277232119218358510904
0.000052147183182701281026379114
0.000049382600229481456426822161
0.000045714867615323209932860077
0.000041541972235501173175975520
0.000037421191772983696118785174
0.000034034992748198364723687115
0.000032130343407392981881949556
0.000032435494604973470452249917
0.000035563615495114054979638313
0.000041917293875934450190709479
0.000051610560227880323863787482
0.000064424729544974878615859470
0.000079810501726325697559663586
0.000096941746177127660383417151
0.000114817372625917882636437106
0.000132398414959319389843511727
0.000148759865370491563447974404
0.000163232515532383979034794508
0.000175509999569585864453991064
0.000185700416735941017422339971
0.000194309585801234762942463208
0.000202152917263006420573595578
0.000210203725341323171020221916
0.000219396285830009141193386313
0.000230410958602626433910920412
0.000243475117069588394089901806
0.000258216208216202440517417216
0.000273600665708847729917091440
0.000287983532652533148147450115
0.000299278289811424577128440294
0.000305235771825450340807156513
0.000303798230740222807363948299
0.000293474175583653684729057431
0.000273666841454022770861731484
0.000244888552340893255257481265
0.000208807150523943876527233066
0.000168098081784695676599641900
0.000126112099257029192274359719
0.000086406518426852281901731634
0.000052218978288899765968431033
0.000025979108764718331406849694
0.000008950650404186692623686311
0.000001073951564922106814543531
0.000001040489352546447371353406
0.000006585005788173080895197414
0.000014936935724094099086538615
0.000023340716181263270682499228
0.000029541521039645518478117259
0.000032141990346910560664983603
0.000030764700784166013232401315
0.000025997952362581776676684481
0.000019149284240303419258157416
0.000011871401489641885128615770
0.000005749852852070406505934682
0.000001945496911483861392244167
0.000000967173656562393214690290
0.000002615790706941372902044488
0.000006098882839508136194188979
0.000010274992682384860657454281
0.000013959441507406363661212938
0.000016213420689952704161884006
0.000016548252907838011176123658
0.000015002557197336216808286266
0.000012084436656220265689600825
0.000008604486362858205128652245
0.000005449969190557193265001933
0.000003360469381698740823485655
0.000002759450901626978117911135
0.000003677362989568085977512514
0.000005776235790566047006674207
0.000008460236199189420742343241
0.000011037692305792299945436247
0.000012891524009669561229903673
0.000013617618902822573205622751
0.000013102392394793504966669581
0.000011527610451797992569531771
0.000009307990419827893120783939
0.000006981209259910983922934810
0.000005078229049258853860647923
0.000004003452238643498173635213
0.000003949757983508372672374134
0.000004864547994250435457839511
0.000006471621343950635272482957
0.000008342145758873304841663800
0.000009998156359991182737636042
0.000011025516742633624371096313
0.000011171284300397387514178563
0.000010403464118277411834230864
0.000008918922634603967532457118
0.000007096516075418935425413516
0.000005405107678746365025904130
0.000004287330694595491452142041
0.000004046889374489313941627745
0.000004767752720584323905604444
0.000006287036296431697605902825
0.000008230732462853645781163461
0.000010105546523544189392715062
0.000011424932564000344367791812
0.000011837204530920973052964332
0.000011221534146294481204000036
0.000009724899790469711250069131
0.000007728182044833630824957026
0.000005748757832727898873408697
0.000004304807949970785086227752
0.000003777848750641827869033423
0.000004311133561632606753819073
0.000005771862872815711103581006
0.000007787212766234755706071767
0.000009843284203605938393428706
0.000011418484918194094797751562
0.000012113914641251403010680995
0.000011745647764015956277970296
0.000010376406131724103676242446
0.000008282730308053949810171909
0.000005872326060582434853083941
0.000003578993293040988006245302
0.000001765866102510260446983230
0.000000661361802792608075622042
0.000000339224652956160043359589
0.000000739292044710977010486407
0.000001714134240637041553946378
0.000003081875984298963457925407
0.000004667965399119007687586246
0.000006326451617484952247121022
0.000007940892917246257992147998
0.000009412646202981663734704436
0.000010647529455671008417763992
0.000011550212831546372282140803
0.000012030564613149311495158590
0.000012020031007607057119070289
0.000011491458179747538788243247
0.000010474160440226352704676249
0.000009057735222978682812955582
0.000007382121488794596560569818
0.000005616004515614753288201173
0.000003929218971919670153102391
0.000002466229362312503267337140
0.000001326880496726522532283891
0.000000558009304873931611735201
0.000000156245120772922374294557
0.000000079477909287038865208929
0.000000262798435935914481620179
0.000000634469011533677398500836
0.000001128450992106633581646695
0.000001691671337307709003505425
0.000002285949427413053331446021
0.000002885837775052706506869176
0.000003474298495553314183122064
0.000004038132163696412092984515
0.000004564575270074326045037505
0.000005039752840828507952247207
0.000005448969166960047478241464
0.000005778318591324136222311166
0.000006016871604277800396245578
0.000006158716996127620160804243
0.000006204336803515700583160422
0.000006161056411439070259875896
