0.000001911381389326629631796647
0.000002935111370755348005783577
0.000004175980431799040243356913
0.000005622003040678985567196214
0.000007260871542945385028551466
0.000009079837695646531697292458
0.000011065731186479617199187007
0.000013205066397205945019481012
0.000015484020935508551516240905
0.000017887920367607874205925431
0.000020399788179108245214253212
0.000022997576081323083563735105
0.000025649918553256661687966833
0.000028310657942861422296408277
0.000030912904398791349173426790
0.000033363907953389927761676109
0.000035542367040563015460549745
0.000037299823970521610739387031
0.000038467417877359955850988943
0.000038868518301903465673313720
0.000038336830665070311394745234
0.000036738735760722617776797422
0.000033998189037380071263454856
0.000030122615508813094188558107
0.000025228787616674089717928517
0.000019568263269831682137338963
0.000013551983759702053168030508
0.000007772512740129803313548704
0.000003019912585061209036978169
0.000000283804423153434820982380
0.000000730870540521414668257876
0.000005645600879727670872560395
0.000016324183005593648540911336
0.000033918192512509856117574464
0.000059235999537449273409390332
0.000092523786664763706870211191
0.000133261508846223698625255150
0.000180017954388222593603216537
0.000230409532026711473106511674
0.000281197281161299982802509456
0.000328536118852373187904092333
0.000368362544819440329915694043
0.000396877339771899758508189038
0.000411054840474722044119104680
0.000409096404457221581203729688
0.000390746948010888407558371949
0.000357411037550521635663275388
0.000312036403448102744526138075
0.000258772207485841111880564558
0.000202449229105419639240109886
0.000147961345350587647213408404
0.000099645734158538824777259779
0.000060759486696657034930993402
0.000033132774557375805376917277
0.000017046973339458107145555701
0.000011346540254447169264765891
0.000013753681433829230022552678
0.000021322358208631353156201765
0.000030948648703755028850897330
0.000039850783725337611074299865
0.000045943998750035322097429874
0.000048059449206289090806079600
0.000045987507552301591185004576
0.000040357594852159039782151656
0.000032393476228702075656214199
0.000023600311854160297623909937
0.000015445500024177105115839870
0.000009089624585319958969902542
0.000005208840849829763061163736
0.000003929432271980116945131641
0.000004873249969655858125909976
0.000007293260761592861628828562
0.000010264523591811785646057617
0.000012889350704902692863859821
0.000014476570652862632193526998
0.000014662833692310520863183974
0.000013456961128668128252982260
0.000011203990291342730961903634
0.000008481085942801956428695881
0.000005950233385582406820041908
0.000004200380944280226410455625
0.000003613014748630674152925744
0.000004279657913295124895274209
0.000005988383632927724738973137
0.000008281255144163837070975243
0.000010568743203616303970326408
0.000012274094544373647031791988
0.000012973429367922605724814007
0.000012497976616110011271868797
0.000010973515035807254226502688
0.000008787027477556299412072595
0.000006488376729345178812546988
0.000004651135916093642541722496
0.000003727363543356212169306877
0.000003933170097874537101572453
0.000005194561433168083906537337
0.000007167896476590003278120226
0.000009330129710714290419172612
0.000011115795975364401045569485
0.000012065303019013703684364502
0.000011945938353061048151017472
0.000010814036810834953882074633
0.000009002180687639752871718676
0.000007034979306345393444579832
0.000005495576856225145020518399
0.000004877556969730328508363416
0.000005460073992133385802376019
0.000007237215228588292020655247
0.000009917930477752293861519288
0.000012994581147254926815166540
0.000015861281893728499515052247
0.000017952078006404812799074247
0.000018866097840171859053139472
0.000018452188172382361677466636
0.000016837004245165439035320648
0.000014394533160281518179251896
0.000011667818271588425543512993
0.000009262335955969736164209577
0.000007733705861530875509332605
0.000007490475158613511464018343
0.000008727107146131668025199751
0.000011395045423845703402420532
0.000015212666593971491200542462
0.000019709302386648263423398614
0.000024294785075395197682882747
0.000028344039109990689208687376
0.000031285703539614881092505161
0.000032684197286008046900822321
0.000032305735899220287452547618
0.000030160433160100828375166371
0.000026514740514662756497819840
0.000021871107270583398199696387
0.000016914906769882241487469934
0.000012432353866738046817438067
0.000009207208405560316120887394
0.000007908160664485540012561687
0.000008982245571050581823711531
0.000012571444890320467745918956
0.000018468731206932018941695856
0.000026125416639786891589113116
0.000034713801952334649041954917
0.000043238878469984196430478396
0.000050682365309126034829019514
0.000056154380735831660844195601
0.000059025002619381611345186767
0.000059011184443314592773348337
0.000056203553812742800259872472
0.000051030380347178514041043412
0.000044169164089934209781272006
0.000036426445480038383017713094
0.000028611107401123768900676886
0.000021424849602092692070183858
0.000015386710296827436493700969
0.000010798879252839897304795148
0.000007751451149610659888751669
0.000006156609510869008833160165
0.000005799304249026603780021311
0.000006391789022649369903243850
0.000007622387665293854050766950
0.000009193045440494977668991448
0.000010844168009240402107836408
0.000012368037740968608538365270
0.000013613440723138878240324606
0.000014484281182388893254877303
0.000014934415499416988501652816
0.000014960221242587024443595686
0.000014591867659926352181545828
0.000013883983739243254266798773
0.000012906361097541677165683946
0.000011735337710145394795571878
0.000010446459512771876074112981
0.000009108856904625695289409032
0.000007781525054456056505005658
0.000006511429382944416426764501
0.000005333143993709349060198394
0.000004269617429816902473484631
0.000003333653908037526138522216
0.000002529772842378130608603564
0.000001856221942769041208842252
0.000001307027203690454502963358
