0.000019335966490631325230813847
0.000019134596693327879157525348
0.000018988170355346543926623737
0.000018875364271381547088624400
0.000018774084864889773913935317
0.000018661625085872921258863325
0.000018514994368649895852300610
0.000018311347638832666136470689
0.000018028450067049473160485026
0.000017645143778778543593730235
0.000017141823675787637670754268
0.000016500972735894594645503219
0.000015707843327162243998208757
0.000014751392256453968777093859
0.000013625578034855670330870864
0.000012331106943325849200189873
0.000010877671074493915022224008
0.000009286660883694462028260103
0.000007594263593003162649247139
0.000005854785097860492175674170
0.000004143964906041187837174109
0.000002561997807052673568759460
0.000001235936518956294066348060
0.000000321127149998152358776688
0.000000001321133423985183208284
0.000000487108065712519980167941
0.000002012318012824734273072185
0.000004828046602328118163359461
0.000009193965303610221600507345
0.000015366606019854698906039123
0.000023584377805407150677707503
0.000034049217959550532946414597
0.000046905037566484827210849112
0.000062213524367103824092191389
0.000079928425988218438930782428
0.000099870132655463617434889179
0.000121703143541613935190402740
0.000144919716913162352446217684
0.000168833508069186915721490716
0.000192587101671766388081771804
0.000215176864634769978356851339
0.000235497351095803456912103346
0.000252405548047673466277585064
0.000264802661123637135195951764
0.000271728163735603252780526073
0.000272457876627423250387449727
0.000266595421915264015576274570
0.000254145048113550145116312784
0.000235554021307614216799997120
0.000211714813529352823689988483
0.000183921209647958474632523096
0.000153777885296207071901680719
0.000123069336279122857951903725
0.000093600355503789287405815023
0.000067025512306573590496500126
0.000044688287282602840745898004
0.000027490883114853200222017782
0.000015812905011155494399517282
0.000009491242085442921951597174
0.000007865292276430886758416088
0.000009882341317666056815152004
0.000014248913105830687394147936
0.000019606786566187428717811247
0.000024708423804495808188833386
0.000028566587199343274554958969
0.000030557077314296009771035778
0.000030461199078316848856988128
0.000028444497011180757257932036
0.000024978773136622157123327287
0.000020723550329080200270133807
0.000016389314131251987699923814
0.000012606938181455811152594827
0.000009825321530939399073431399
0.000008252943900977851053113801
0.000007850049432962525860005276
0.000008368294875414865866989841
0.000009425899699242148619370008
0.000010600327576825769080410763
0.000011518426449090623451794804
0.000011926040656952909446882061
0.000011724777540235157744473449
0.000010971507466090850728065997
0.000009844502265863282002532342
0.000008587037062326488941676680
0.000007443334868573439840370391
0.000006602162712234320995094514
0.000006160291642073697883428933
0.000006112323409983974048108497
0.000006366551787909456602376594
0.000006780257449726118389220567
0.000007203612344085755986365736
0.000007520108648175251364923714
0.000007673275414038894739641658
0.000007673771544902032723045951
0.000007586523748465062888686732
0.000007502927489143636315593790
0.000007506885589779936286843314
0.000007644724561521726020722756
0.000007907578580680547049373656
0.000008231145734834928787398284
0.000008512836032729266031826403
0.000008641550829639690103596908
0.000008531892183367200343212244
0.000008153351396072151983994251
0.000007546242315420102223443802
0.000006819475582770685034589980
0.000006129849811623522668109238
0.000005647217176720912659476821
0.000005513522424908724738101037
0.000005805452009577360973342861
0.000006509870056514881613029568
0.000007518509124422327823437321
0.000008644162470414436903330853
0.000009655851914386492674266874
0.000010326181621272358839621480
0.000010481257000543991455502463
0.000010042743270385239953202718
0.000009053010502812330596812337
0.000007677553780913791455615090
0.000006183304538057008596999009
0.000004896156311728515503638084
0.000004145079210717668248943960
0.000004202815074044273632638408
0.000005233857846920489085044362
0.000007259143305101864554777433
0.000010143893227433347644728459
0.000013610981261457175337512872
0.000017277785342868652156697942
0.000020710557909263611117006709
0.000023487545216366785300488723
0.000025260846132137054683439517
0.000025807447352518017667094563
0.000025061839729501875418575876
0.000023125702192338278538347868
0.000020253777438364167898026888
0.000016818653098440488810865617
0.000013260153789350586603671897
0.000010027028113878257658099849
0.000007519349722367598640735201
0.000006039514781410515033657251
0.000005758070824479483349714500
0.000006698166895735076754804689
0.000008739581455520205603877681
0.000011640503656725892310769103
0.000015072922016778837858881623
0.000018665925846501459843367055
0.000022050625947869936343799860
0.000024900770228065245774336581
0.000026964330322824761908056743
0.000028083105456057994643885231
0.000028199394282525779568049015
0.000027350678740053447029860478
0.000025654753080569677560008116
0.000023288625979625713827278130
0.000020464762822277555916758787
0.000017407885286905094520716608
0.000014334771974801024382395812
0.000011438525880554746135485920
0.000008877811199599976743645526
0.000006770786882169237282623475
0.000005192975897767458651394824
0.000004178122825754305674056908
0.000003721153335220776033916536
0.000003782559472397041136569173
0.000004293786090792683522504233
0.000005163396471675029344322073
0.000006283896745428006210378372
0.000007539089565112018945605178
0.000008811734316956737502715864
0.000009991162302437641586755866
0.000010980383349880087128576552
0.000011702166972006207480727115
0.000012103608180799035892597285
0.000012158794747686260226036091
0.000011869359860683631713003730
0.000011262901720095884635069322
0.000010389447475153146474981074
0.000009316306211627658866170076
0.000008121777469569825541736638
0.000006888251939084570325908669
