0.000026249628564542096069694271
0.000037267501687032947971754682
0.000049520691622129616739876601
0.000062979592764322335496363081
0.000077737344050838767329017487
0.000093985479695817399168472628
0.000111981699245663470984601950
0.000132008387000382912271692626
0.000154321298099038606071661817
0.000179089313295990989940292826
0.000206328214762205395388372509
0.000235833804987838231963931390
0.000267121988145885367466059179
0.000299385137794399907792963766
0.000331474633170261560356772979
0.000361918436645629836533044621
0.000388979892960122745904083530
0.000410759846500999411741950063
0.000425339324148532507002817837
0.000430955139415638982525180722
0.000426196321874280860311084984
0.000410205278544491691757045704
0.000382863670876117838989122211
0.000344938833219833932124814835
0.000298162640892699081808514538
0.000245212885304965210863520353
0.000189570543473707893433743976
0.000135238216731948640006097384
0.000086327251807852254414203663
0.000046551873933412422023291055
0.000018701659540756681004286532
0.000004188649146033174245772231
0.000002771289375443273243798019
0.000012536621319949611499293754
0.000030174664707067728010910640
0.000051514128541988151582797784
0.000072223470585044093257055808
0.000088535633227058440383565319
0.000097844000814767599183245650
0.000099046560797447393128742354
0.000092577420546201613779299655
0.000080141522035578668784784606
0.000064236835343766976957023684
0.000047589116449968796101425289
0.000032628127413668869328308014
0.000021104410488472846659261870
0.000013896151505080207020411537
0.000011004603600841165539575908
0.000011699249230966726970440406
0.000014757284893646032325259174
0.000018743480837066889380408338
0.000022287011179660938352395036
0.000024321947322723564706816249
0.000024263038079045614627254207
0.000022090325947461323221124307
0.000018321912835673443651360662
0.000013870111780422650322531011
0.000009802890766326899184670077
0.000007062658044123100998233113
0.000006215395704310199886455986
0.000007302952081294190982412463
0.000009845305215484618426100699
0.000012994100456318044553636996
0.000015789433694337601509502869
0.000017437500693684327438210194
0.000017521111275390323982212651
0.000016080677834842141226247628
0.000013550123970792958788371407
0.000010581959081670570338657225
0.000007829782480672850739880815
0.000005763200999617825898992639
0.000004569545360275471468304749
0.000004159466762773870551588018
0.000004255482805534770383837622
0.000004518166437455483825150725
0.000004660995375232069860534437
0.000004519730298103687535671725
0.000004066336751006609763416273
0.000003379509781772025437995887
0.000002595398645867132001634550
0.000001860890639611228157546119
0.000001301637140997670983037955
0.000001005061163146384827741121
0.000001011440816522907324619216
0.000001306642373787254005336965
0.000001816308983651605459149186
0.000002408202407431556537709214
0.000002911624545037229418978537
0.000003157831131023154096502730
0.000003034739048605779451143333
0.000002538223428863474671722403
0.000001797161644120438041418537
0.000001054285231191358624170426
0.000000599618237045560342876518
0.000000672779309411703382849906
0.000001366670954691553764410940
0.000002570352804283078296303461
0.000003979260707237031200811991
0.000005178371314898714837028117
0.000005776106720326132544507391
0.000005544459947782852941204970
0.000004513610097005415892380820
0.000002981594725581722527929084
0.000001428347285299576336405894
0.000000358658352733441184498326
0.000000127074477485710926632744
0.000000807853375037029089058931
0.000002159808358259942646852503
0.000003703069597654374349427440
0.000004884152629901355470963542
0.000005272449278592119170563229
0.000004718163379873458918739061
0.000003414166560071900491748521
0.000001837955333335094796519881
0.000000592507191202448793149453
0.000000200722441251825992797645
0.000000924337150342178085399075
0.000002669213246849870275600319
0.000005008546451338024203564937
0.000007315098817618920099209792
0.000008957451007745983659596306
0.000009495627679326361277869703
0.000008814027722757741481343988
0.000007152180005349823015039622
0.000005027661792130376633143223
0.000003078788991121793221700026
0.000001876950395710776407299028
0.000001763948574427510635766712
0.000002758713403508576760366682
0.000004555638258432070370862032
0.000006611371384937631047484276
0.000008295393801247298977636149
0.000009066563836993449623270769
0.000008634085683695057344033859
0.000007065731841109505851163987
0.000004816491559246475519240338
0.000002665424135245547564496268
0.000001566183368171634022304002
0.000002435863050209578240261257
0.000005924399987179447778218571
0.000012217943687503593405132771
0.000020929117588662665987078032
0.000031111777755277899540527209
0.000041409077359639930222302839
0.000050308195197951112095924309
0.000056443741331234776985315005
0.000058875546588720012583170749
0.000057271907505671556593614818
0.000051955589061832013622957427
0.000043808557414696700730433188
0.000034069533981077185029982812
0.000024083532878409210872296120
0.000015067390586704509794838125
0.000007940552657548204321526046
0.000003243628446346626014915558
0.000001139349281019248169192310
0.000001471129931790131847732734
0.000003848139400536178036655970
0.000007731436342001280829475292
0.000012507789416104912291380878
0.000017549545845954069570775749
0.000022265448383274758170852561
0.000026147284406118456620256654
0.000028812686070093160013542988
0.000030039027336055265448395632
0.000029780598654283659833773290
0.000028162671319983681792039829
0.000025451050455169472335782699
0.000022002041839213805774887883
0.000018202838742062165181250649
0.000014414350378206538605754816
0.000010926989719508375015254512
0.000007935768974322876894941271
0.000005535830649323780155524142
0.000003734936373226880458695443
0.000002476594576133795577070965
0.000001666812585293727614821542
0.000001198586582669160769971245
0.000000970443387024302226383492
0.000000897773430660494983803475
