0.000007204372273310417786171180
0.000006474556990315223167927437
0.000005945056394113921749986287
0.000005591133954125939249299709
0.000005386124718168510501145607
0.000005302676515329070292318302
0.000005313661665403854093652197
0.000005392810784143162549492644
0.000005515138424434909468832555
0.000005657233716391669445992894
0.000005797481160558530378207852
0.000005916261241712095424823050
0.000005996161687132984925382474
0.000006022211882645313985691279
0.000005982138448629171413486842
0.000005866631490333434058943776
0.000005669609355117299716764374
0.000005388473944808008957228600
0.000005024356193282662869071219
0.000004582358496314754646829351
0.000004071803629360915716963679
0.000003506494771559387331146852
0.000002904977312410525529468366
0.000002290771355933343602501173
0.000001692518038142401585221847
0.000001143958558116840351414961
0.000000683648326487925785048907
0.000000354305008661563699246363
0.000000201701481920541416305184
0.000000273043262644527687783391
0.000000614813106722498591633281
0.000001270120526588006297651783
0.000002275658277067662083948448
0.000003658439378263799837188476
0.000005432564814187378863250336
0.000007596349657437747941149311
0.000010130205894829029690247350
0.000012995729787762895144059144
0.000016136450743628493516984568
0.000019480645156952048301351316
0.000022946482789985060094396091
0.000026449544640534231222531517
0.000029912435354068378669375669
0.000033275835433071310068622872
0.000036509944079990031971967579
0.000039624913200362082337045028
0.000042678634601344110101588808
0.000045780179814284954460754801
0.000049087354917415579086577282
0.000052797247443740630561299920
0.000057129305310364244846650650
0.000062301361740579275726691078
0.000068500034100396156675621961
0.000075847974288458633903946271
0.000084371401197322294304714596
0.000093972049583026297800772419
0.000104407967600367049764396865
0.000115287347998580224891010393
0.000126078692191513127207266876
0.000136139065593778041136224788
0.000144760093766954178826772415
0.000151228876856947046887144626
0.000154898480876959854192140287
0.000155260494630166172259563839
0.000152010738850106181261137572
0.000145098944146373006911995840
0.000134754305884185091686175428
0.000121481301162447625531515261
0.000106023793967855665260069387
0.000089299795983547398860874500
0.000072313641629255433901368733
0.000056056039359531767418687309
0.000041404785219634714218614469
0.000029039361788561949650859517
0.000019380989850196160811240942
0.000012566113889829561771176170
0.000008456315011315921440783992
0.000006682075031348454635128902
0.000006712629693733053587163633
0.000007940278667417019554703068
0.000009765675805439960510310159
0.000011671144511614128688693423
0.000013271838651004784308522905
0.000014339048739502437222054221
0.000014795251033545269168977335
0.000014685572133574284183149886
0.000014134211188163372808481930
0.000013296307567678371846435319
0.000012315460311791706234075226
0.000011294767650322283346472560
0.000010285461411912938804497260
0.000009292853549664257164900950
0.000008295369052466068220683462
0.000007269757518483804571718127
0.000006214683067317933461452470
0.000005165890893687179890887001
0.000004198706178976415000680868
0.000003417063587679457658423995
0.000002931747492380259915940649
0.000002833229791099667404608107
0.000003165827595024150263440001
0.000003909617072199798030367537
0.000004974767910734608017061815
0.000006210173090641167373824379
0.000007425112712926988428521063
0.000008419916489711147311375203
0.000009019757514775400493488647
0.000009105152408842704425174543
0.000008633492360178971110080265
0.000007647741492023580353685347
0.000006270875731159589179617309
0.000004687183021194970805719995
0.000003113731318752181178536459
0.000001766791124950850977725096
0.000000828604909105066298992881
0.000000419628415446367702509081
0.000000580363715863153327433087
0.000001265375859955033015555705
0.000002350277800140324678903649
0.000003650619373303593665261967
0.000004949940248624802126211231
0.000006032932294530384841383351
0.000006718864111959398746122280
0.000006890272316634009105008971
0.000006512484827338853016329059
0.000005640789027037156329953856
0.000004413861225764369786812250
0.000003034189084404718588568618
0.000001738312438582897113633664
0.000000761412695630293119973433
0.000000301769233087886238051697
0.000000490662287271696841239150
0.000001372398441422581709771885
0.000002897422230142623781544127
0.000004929276405503167461912700
0.000007263902670395006799461141
0.000009657858504180083153759472
0.000011860801576283620310217799
0.000013647242398927830812861359
0.000014843083655220153102625817
0.000015343675860885322480373777
0.000015121731198723120794891531
0.000014225115402024177859298219
0.000012765979316820622645818790
0.000010903686135318351927260896
0.000008824446143371048652953581
0.000006720514366784915878400963
0.000004771352940715081873701304
0.000003128471079309908184227151
0.000001904895744632491132671578
0.000001169528798504330032660323
0.000000946095119582449828923290
0.000001216012526063728852062078
0.000001924308561812539620161037
0.000002987637027716114422181293
0.000004303467123973895428249402
0.000005759594424825841857569757
0.000007243231779471686109450005
0.000008649067698996754753062131
0.000009885825643722698065156938
0.000010881017707861642202426741
0.000011583755722699894065343823
0.000011965652184514391072832871
0.000012019998922772857650521396
0.000011759537925770259633902193
0.000011213223327190429182663445
0.000010422408712392234480560715
0.000009436879256952715073493952
0.000008311090491947025456014563
0.000007100886883851100421320961
0.000005860868923861346217361271
0.000004642472021037304242662824
0.000003492726792480921403882517
0.000002453597157265589573919449
0.000001561744617958570430997067
0.000000848545221068240931558727
0.000000340188188131646359257595
0.000000057708721262533757066744
0.000000016847799816961489431872
0.000000227684258035939103712519
