0.000026466707362340170578071663
0.000029249676022162583027830252
0.000031612602911190788683437614
0.000033461397081246854441974325
0.000034727078510371396115590653
0.000035367962644566316521635430
0.000035370381048653413980087379
0.000034748009883434213210945396
0.000033539949003659590154053510
0.000031807749516319230658704248
0.000029631623434980792434340069
0.000027106084490157743619419273
0.000024335265277126562712996238
0.000021428135807198934006164576
0.000018493816791489486254639746
0.000015637143167012468493318536
0.000012954595222965615286818582
0.000010530681448160231813548221
0.000008434833011900595613891118
0.000006718857089785875303517004
0.000005414995566069588036641185
0.000004534645379484648677870760
0.000004067813239473091297890295
0.000003983395083582053835884965
0.000004230382538981061672051735
0.000004740097172236847411562304
0.000005429531145311929271580435
0.000006205824276745979712103466
0.000006971829640338939226482367
0.000007632614299234411156546733
0.000008102615623185212821201484
0.000008313039827174796702496419
0.000008218966172441207710275962
0.000007805529424860184050261741
0.000007092516754278793128106646
0.000006136751627998014263195084
0.000005031756624134645239788521
0.000003904387807053888841146184
0.000002908399735776190885277320
0.000002215203166596585031581854
0.000002002377836649166632456863
0.000002440757287035378188917115
0.000003681072563921900389161210
0.000005841200228380629137954483
0.000008994999579082283870244859
0.000013163558107284812525228021
0.000018309426382392348807339605
0.000024334160097838138548265868
0.000031079246551318090181076359
0.000038330314499211145607207585
0.000045824429253947545790867646
0.000053260252232464368182807135
0.000060310863483349096462148020
0.000066639056464241848204074770
0.000071914861137020865636954037
0.000075834890453195316086486277
0.000078142819700213858764847874
0.000078649918775121127200063154
0.000077254125114480234415639814
0.000073955763412081630204034099
0.000068867797509636701999181929
0.000062218543796358250787779942
0.000054345157069422324064983387
0.000045676939848680720812450218
0.000036708579973356857974707557
0.000027964677376437932325436986
0.000019958212225069902625261553
0.000013146734034792784993959762
0.000007890815481223378309713276
0.000004419550562194283126139695
0.000002807486042339014975407737
0.000002966348640320097270839470
0.000004653357846332766178845241
0.000007495977331646255571479410
0.000011030907973048946369028743
0.000014753248078887885944834521
0.000018170318131757513563807188
0.000020853892271977026199539923
0.000022484630931880942553320601
0.000022883388373491458901102386
0.000022025674210266127719948237
0.000020037669358413549901363343
0.000017174545351046461801915177
0.000013784086443970202480110987
0.000010260453983271096176457284
0.000006994109287643828049246646
0.000004324269200573090969814440
0.000002499771124893140812763632
0.000001652957997177897339928163
0.000001789351634431387384961036
0.000002793734356102641482554310
0.000004451107138448383553769316
0.000006479130385766260669284933
0.000008567321112395757132262387
0.000010417634441808281932839372
0.000011781152579035399194547218
0.000012486391381186855861437114
0.000012456072220406039298174102
0.000011710886671605197001714248
0.000010360560380053968935966553
0.000008584157130146318203127095
0.000006602844648999806227707143
0.000004649119822732082316660372
0.000002936689463492704856099327
0.000001634832941277266451135563
0.000000850221255739784651970451
0.000000617980721058203234082528
0.000000902452619704838041133266
0.000001606806082258496934085743
0.000002589583905974144755228125
0.000003685530498008588491941654
0.000004727738318602821431684870
0.000005568258696875089008740227
0.000006094797594790525714061793
0.000006241852028172980594838276
0.000005995506759918191423957157
0.000005391968561779601490032993
0.000004510650343729539142091384
0.000003463148201480952689487215
0.000002379742460345097451827065
0.000001395103091953772103168572
0.000000634728614403810749918801
0.000000203354850565172035609102
0.000000176201071492832220540090
0.000000593535024982118299382628
0.000001458679400816325809412928
0.000002739277173813768551308753
0.000004371393289753069772102332
0.000006265856259783343959024037
0.000008316131846940239176219772
0.000010406968584609529163880273
0.000012423059594646271183672123
0.000014257026171958288396986354
0.000015816143036433804442125045
0.000017027385146128417740601577
0.000017840566775775081086521934
0.000018229544074343484688464911
0.000018191637986129467258926765
0.000017745581948090401424840759
0.000016928391060901940760961143
0.000015791579328302627195472485
0.000014397123269309071522809029
0.000012813497882695779072660669
0.000011112014938205841982441641
0.000009363595441610424771183147
0.000007636025774655223112650365
0.000005991691249479525334083532
0.000004485754067387660542326998
0.000003164739965572125419881327
0.000002065509499110498631193472
0.000001214605010435997026912482
0.000000627973876529635999553048
0.000000311067602043321899206029
0.000000259304389010967632733220
0.000000458863476016964988347962
0.000000887758481365116568215299
0.000001517120039072320312860138
0.000002312609461136215613808603
0.000003235886724602279734266334
0.000004246066815813030818601084
0.000005301115338333680477526239
0.000006359153247815783733761820
0.000007379657663981000624466976
0.000008324557991783041794491352
0.000009159232645983493402300560
0.000009853411672671379023286282
0.000010381985904876466902122326
0.000010725716095801427114615062
0.000010871827986580895528925979
0.000010814473366427024584798811
0.000010555034080410026324503558
0.000010102246068507759254196526
0.000009472123615037270424757768
0.000008687669285614717351704135
0.000007778361518644382317745276
0.000006779418516380167534737290
0.000005730843161318213776513324
0.000004676258744798644359974473
0.000003661549347816539736095737
0.000002733322201556179736989683
