0.000360575781188710422012211332
0.000354872493114794873916850726
0.000343909016835760856893589033
0.000328037803752165020142878005
0.000307760341037413445806208978
0.000283714173136126218861818860
0.000256655779247507993389570968
0.000227439060214957791553405664
0.000196989276385006902275048857
0.000166272472524910038546921975
0.000136260729188157229735053888
0.000107893979189014395814877334
0.000082039595668616094987189713
0.000059451455001256558281427789
0.000040730655053923265750820404
0.000026290472959430389253941696
0.000016328419087613079601142840
0.000010808325820847778747603105
0.000009455241172506095804952547
0.000011765421493875526264319929
0.000017032888585352714259403550
0.000024392812610765619792162553
0.000032880424002759237067129716
0.000041502329050237927337597965
0.000049315169608594514581191570
0.000055504778079829613572464264
0.000059457657155275681765127516
0.000060816114530629326341820001
0.000059509026639859713414537623
0.000055752194530947642549592591
0.000050015585716069139521691711
0.000042959152390455838141196387
0.000035343810541184060591314575
0.000027928742063077592193594267
0.000021369505323491158892308672
0.000016132634298392399058641108
0.000012440880859016535664712116
0.000010258901154341512563985400
0.000009322504364553453286962835
0.000009206670164268530685705919
0.000009419938407787574935264505
0.000009507152737573562619973790
0.000009140313686778516727286271
0.000008179240649679644773774323
0.000006689721581427350060916528
0.000004915739676995255811686823
0.000003212319904789081418425116
0.000001954277840847979241919920
0.000001441597614559630769127301
0.000001822947153074772889578496
0.000003054681395489434389274152
0.000004904509649237135310078858
0.000006998724405806907219724892
0.000008901937593281464549278131
0.000010210987382395348725878416
0.000010641731439843839969873300
0.000010089425257165030762676605
0.000008649704360990965123189012
0.000006596256744851508306451242
0.000004320926039336766440982114
0.000002250035215950309983544680
0.000000755451378512156487158647
0.000000079444954249830488015127
0.000000288820595088827130097391
0.000001267077133061702820177106
0.000002745057778506618589370791
0.000004362479342867556529389148
0.000005746532175476341143115656
0.000006590608628513600556863682
0.000006716670920045391615248089
0.000006108604616985116326360883
0.000004910258291279905238616195
0.000003389404014942932805002675
0.000001876014475020224190845476
0.000000688573098942631937015497
0.000000064517715027528512118494
0.000000109864525779704609973703
0.000000778775490482849531235902
0.000001887212541577922085122426
0.000003157279167950679877642246
0.000004282028723741927112782062
0.000004995943850565619303932211
0.000005135022296883446420601854
0.000004672779269894697654530360
0.000003724008237044508156597103
0.000002515602402099651869300193
0.000001331420298629958535665966
0.000000444281726885796264780700
0.000000051238958662695952500245
0.000000227512176007339364322901
0.000000910037626088861464646604
0.000001914475155066696885101333
0.000002981447209091728155444349
0.000003840688824127056250523800
0.000004277421760181500593519383
0.000004184722564935984155318205
0.000003589098136242531035381732
0.000002643087881405725104110548
0.000001586855780062760589880578
0.000000688395674177162473944308
0.000000177232729126904096640695
0.000000188040911698936652151595
0.000000728024083452103482969465
0.000001675882220185581744203432
0.000002812239802689684835821163
0.000003873575222116192346842774
0.000004615950503099063953233068
0.000004872643161619567245702173
0.000004591645175195293906967274
0.000003844378052965074180492410
0.000002804426466279122626221870
0.000001702643283945853530959576
0.000000770662791382812523549573
0.000000187248604581550458805412
0.000000040483480613720031502740
0.000000314100647064494999026961
0.000000899650192640418841590782
0.000001629540401016138245098627
0.000002321074314792706262374281
0.000002819631008881147100420591
0.000003030447660771853601440482
0.000002932435539618724040507140
0.000002572795839423029432815795
0.000002046294739343425988283703
0.000001466523166053254472482401
0.000000937518406810723273460070
0.000000532757712160479205595041
0.000000285452219601777476677511
0.000000190395847089749421288308
0.000000214507109702335104313829
0.000000311457482806099374395795
0.000000435679620730953532785649
0.000000552313667731803340882292
0.000000641626410714431642652263
0.000000698372485751312811894846
0.000000727871344668450949953742
0.000000740990656233250603190542
0.000000749849712095226112712584
0.000000765222505281129917792306
0.000000795736972776642634628934
0.000000848349125520137520628842
0.000000929347663459903989851445
0.000001045259780125132786156609
0.000001203313399585714377318423
0.000001411385183111017733762166
0.000001677517225901879119258461
0.000002009108080479860303652886
0.000002411841336199886598674110
0.000002888393937372335016733164
0.000003437019133543326458230709
0.000004050215956009350881086763
0.000004713815939638806823516921
0.000005406859427261149736822828
0.000006102545742497590068164487
0.000006770326332597732957925985
0.000007378926774426163151055294
0.000007899824031489924470875522
0.000008310556870713377216079373
0.000008597259418639314850125489
0.000008755975669339164106814988
0.000008792582376050024831732298
0.000008721438336082066680753945
0.000008563111014911499511937862
0.000008341654814362055650467376
0.000008081915740728207349363732
0.000007807237525301758071798360
0.000007537789736996395451159789
0.000007289579173499865689142378
0.000007074081082684623214540658
0.000006898356254336056737463262
0.000006765503125288529139794852
0.000006675315384874349937339901
0.000006625053582582378209719746
0.000006610274354449572036928479
0.000006625680952245461129038011
0.000006665960816228025879310020
0.000006726564739103637228048206
0.000006804366819291810940684845
0.000006898134485687723539346083
0.000007008740402487985144677415
