0.000011871184829357668842663223
0.000010633454535637952030938634
0.000009465686186316441696640342
0.000008398667664562817143951087
0.000007445501554354356695539837
0.000006604687443606607653520408
0.000005863379821635964212324463
0.000005200524228764296272536742
0.000004589922501385698227864551
0.000004003522274201344802852486
0.000003415317768555967242976971
0.000002806178256396409115150728
0.000002169709456386911683179733
0.000001518940926943224965274277
0.000000893258969386788924926508
0.000000364599142446636588857107
0.000000041499697864340881407782
0.000000069240011709012770076874
0.000000624040652493368796828465
0.000001899350986911309249188383
0.000004082819776898649290946056
0.000007323844321303228714582431
0.000011693704004952695300304129
0.000017143027287244365201596824
0.000023464208609001845632279978
0.000030268582339425794747785753
0.000036988760586279767982563482
0.000042914812832708065630255706
0.000047268655321952602352351264
0.000049314562782709617434241667
0.000048496231892003244159233821
0.000044583861655276599115799857
0.000037809814675001833040104970
0.000028969665350770748839422108
0.000019467136804007638146291059
0.000011286105917933525602048564
0.000006879568239765274618936937
0.000008973286537765003625000300
0.000020290384679872293757123616
0.000043212636792532786158757552
0.000079405203734244064251758533
0.000129444158525353017084522089
0.000192498932969042502259121585
0.000266131360365306460398493460
0.000346274095537665328996962399
0.000427438465829790739235888308
0.000503172114056449045274566068
0.000566741811901358264781658480
0.000611964387378451579388438653
0.000634061917252156607288648971
0.000630391088896784142214801960
0.000600902539909938969084346461
0.000548227450566567001480344778
0.000477358400260287309060242000
0.000394972791952130826160366484
0.000308518858528860880421906820
0.000225227767085777645997279883
0.000151220688213745600670875890
0.000090848536824456775987113311
0.000046346179870658752168906258
0.000017819109268948564613315594
0.000003524595376500348559904805
0.000000370873565691459729175262
0.000004539109179638140889948006
0.000012130130366368419050069651
0.000019745671762926811121678303
0.000024928224457031275556771407
0.000026403776099218749810661894
0.000024099023762382484089954182
0.000018939510579191426946745261
0.000012474436210791909956582812
0.000006409949264588625441208675
0.000002155102538450479666184544
0.000000484045986061670557362030
0.000001390712493447930485384505
0.000004162861806282858322830233
0.000007643631514602648418100876
0.000010597920426619958638326385
0.000012073921109922805075553333
0.000011655800768128837623365673
0.000009540281725537289560169947
0.000006425852049746744014142169
0.000003260464961731327622023987
0.000000933776179443767705211192
0.000000011269451884619876820387
0.000000588023892321215411443784
0.000002297499926629119714588910
0.000004460490231670302630970215
0.000006317628270448371527445979
0.000007267872807848245522699664
0.000007039884306947079146130931
0.000005749534879458596943154532
0.000003834989519492448345689209
0.000001898330963102635913534945
0.000000508502500345743122784996
0.000000027864274983945703671692
0.000000513235765145725717384807
0.000001716714913083010716777490
0.000003180215398771194501277657
0.000004389960323823931464214381
0.000004940915097951376835515216
0.000004660479560050920304044644
0.000003655183306135164401803840
0.000002268781064995369710465996
0.000000967343775990385558392871
0.000000188518244183333114139190
0.000000201889859357420515444879
0.000001022903392771206984948086
0.000002405970678899156881404113
0.000003918603885739000314714781
0.000005074686898582602388469570
0.000005487868935763336854596634
0.000004999877090387782576014816
0.000003744634920625885503699202
0.000002125836680180262702868693
0.000000709126032079186678484285
0.000000054790717847343976949117
0.000000536722692035678750565285
0.000002202398328703614332232767
0.000004722554219152675522249742
0.000007457176637809685781444011
0.000009630308803392888396905855
0.000010569016190137519626917294
0.000009933966562730895972360701
0.000007862256397638448754969578
0.000004963655317451482138217840
0.000002156252786203921960870612
0.000000383326242966606528933944
0.000000300271959964540650661369
0.000002039418739880873407855234
0.000005141018057951935601676031
0.000008684519945781718513371297
0.000011583564034833954036938196
0.000012947194173576379063448673
0.000012382689725671475140583375
0.000010133819866725839609761239
0.000007006256767188236691471914
0.000004107528513845658683424113
0.000002493384481754758507439807
0.000002841660795147036894150311
0.000005259042139215895606766532
0.000009273828401713903981967886
0.000014000960320805330472414621
0.000018410122349215985565994147
0.000021602877544697614796680857
0.000023015761881566891241569783
0.000022503875295807257628970602
0.000020305646549556351790821393
0.000016925702393221098574892930
0.000012987940462046583647891598
0.000009104316968454778712452335
0.000005784626001088664275576190
0.000003390353335854433893285440
0.000002121031312150786452089832
0.000002018080827327438596635167
0.000002976503329327000361786103
0.000004763070734507098412282948
0.000007045067792485075179749997
0.000009433293208792941308103719
0.000011537767301196909496821194
0.000013027851487450683483229966
0.000013684115728513093036356266
0.000013429633540368259684324830
0.000012333378192622172835014524
0.000010585943553067954554531421
0.000008454990976014217264611350
0.000006232200099947725533658556
0.000004184011615946873122021989
0.000002515539870636980095277386
0.000001352193366810499801985036
0.000000738561985001280255301842
0.000000650431064045511692312072
0.000001014048227702472459722501
0.000001726930593308620742311961
0.000002675972696464803756528569
0.000003750626522897139179720536
0.000004850797099376326532193301
0.000005890408420474645091388655
0.000006798209035927031224045766
0.000007517391623711702508005544
