0.000001883180548026990898391464
0.000003472469469495600563206704
0.000005488911868760170076298952
0.000007870751925483958290515052
0.000010541633293255338470781161
0.000013415257921294657613201472
0.000016400991818112504544392369
0.000019410087624899000839466534
0.000022362211931114029414384425
0.000025191928132452000635693040
0.000027854705320952137157473893
0.000030331925904051520797525404
0.000032634285793580586733722559
0.000034802961182452711510083160
0.000036907988904887859167580633
0.000039043490394643105010144546
0.000041319656075847487107857714
0.000043851766990819540702542523
0.000046746914379101395979956846
0.000050089428920694379916266764
0.000053926297316703237952166539
0.000058253987298749156835755980
0.000063008105152890901560006065
0.000068057174284326502240738410
0.000073201568161263729428087088
0.000078178288886696827367228657
0.000082671896822861655365448363
0.000086331515072814407445178642
0.000088793496480986993583776890
0.000089709066245103564140282726
0.000088776010010625512440529672
0.000085773176648577933783509919
0.000080596071550524239074375643
0.000073290996900366684276874329
0.000064084002072737182857838090
0.000053399474822777174350292573
0.000041861920238318372307264464
0.000030273974943041418654392227
0.000019564750853296568875502176
0.000010705843448080962066848269
0.000004597990185377737873471775
0.000001938914008671400847154918
0.000003090947805010289761663746
0.000007973463027132374103165234
0.000016007455149836068408189180
0.000026135797358158879317860737
0.000036931792092853604108151910
0.000046791711460935148168653608
0.000054187070032385857066593859
0.000057934109446873592944027287
0.000057426669202712018569116637
0.000052778646825873273763958526
0.000044835592022356580413008920
0.000035040203077606431119554037
0.000025168640978492993597742666
0.000016986105769976202032895546
0.000011892756215278861849191268
0.000010638073324787277373817268
0.000013170051413569566290187596
0.000018656818520454793256533113
0.000025678798853162233562516872
0.000032548928194528644036037646
0.000037687102468665409208715966
0.000039961357382307184692507573
0.000038916251291304806514490672
0.000034836942923936030792452651
0.000028638543610812569633521443
0.000021613879038950765097432810
0.000015107389671899524311504334
0.000010199388060246898684213165
0.000007478983708636097678976000
0.000006957519224203859811207513
0.000008134872090672963450513726
0.000010189622920791478546151225
0.000012232471058433634311136962
0.000013549049512616824036915705
0.000013766610744261533757311008
0.000012905653565061686829820546
0.000011313788141433189660275092
0.000009513689859165233917012369
0.000008019495468469755276733416
0.000007180249192240946169078601
0.000007094859117537918719834274
0.000007616208763784722395051314
0.000008432091495139274535831203
0.000009187451578788448784446304
0.000009603068036710828459814014
0.000009552213138979096193636499
0.000009075390202476355444366138
0.000008336562007889503894534668
0.000007543873493380942246776082
0.000006867343462073381628622479
0.000006383086358832425640495462
0.000006060655693576394434569400
0.000005792742547459112930708161
0.000005451357742056868349480973
0.000004946890395803015197796586
0.000004267967087520642547650036
0.000003489191412751217174218398
0.000002746461147071476526892574
0.000002190790188686208322574843
0.000001937716165394638766043822
0.000002029081388863989290438725
0.000002418304191626266361106034
0.000002981917026598390152257586
0.000003552219165614879443535704
0.000003960682272641277742032499
0.000004080180157161886881126388
0.000003855787178669397716396835
0.000003317612846729416513537206
0.000002573599856856344933399468
0.000001784433895361420533592130
0.000001126164936351221767220289
0.000000748555675663133261980191
0.000000738304904523311660573704
0.000001095812138462458750501555
0.000001731783526231905807698142
0.000002485810953965429742293109
0.000003163769895275903885965667
0.000003585757414668438947059816
0.000003632876844957832741079369
0.000003280728680978753398909042
0.000002610417522474960022772642
0.000001793564485183924196335737
0.000001054611735590923151024458
0.000000619602021666782842344661
0.000000663892650328209201920665
0.000001271090091710810932688490
0.000002412162308549316989183262
0.000003948426711127130520116810
0.000005656566497055736560659912
0.000007269458556515502169821825
0.000008524238015263314586947123
0.000009208754835005636573048472
0.000009198891883115090198656458
0.000008481380538245942939373084
0.000007159157382971067989170695
0.000005438643625777187532105775
0.000003600557503530691119371984
0.000001958034350366705147843127
0.000000807851076868947711123823
0.000000382123602419480176235002
0.000000808489198217941006139144
0.000002086050854898141270203811
0.000004082066591894596275082261
0.000006550765628091406147983505
0.000009171457602118824668064288
0.000011599235329901904151457016
0.000013519012283935094996165614
0.000014693038364730193659599307
0.000014993555408753046943740386
0.000014415497106383087346837858
0.000013068294984435984275143727
0.000011149928493732146994425747
0.000008909449264639341070593989
0.000006605728089553366473335623
0.000004469959348798091280138400
0.000002677771219915233397005933
0.000001334190785489817553986585
0.000000471882701430611716186353
0.000000060641420940404917842514
0.000000024499062821938080583485
0.000000262185391477160715033399
0.000000666968314190162253035751
0.000001142859891480800020943523
0.000001615458872935047425069646
0.000002036992191719025395652345
0.000002386170248687630860616677
0.000002664151723880008939290918
0.000002888200108625249767164891
0.000003084565525644345015553096
0.000003281845490288198851670798
0.000003505679607982902947464635
0.000003775212162391894346900661
0.000004101381837440236370780338
0.000004486810228686417091137698
0.000004926879020161697658275295
0.000005411512800019614359656617
0.000005927211576704762157371924
0.000006458983552862037247517535
