0.000000846323044865914372037450
0.000000673694730841895426156620
0.000000499530822317654339830592
0.000000342223602466666919329761
0.000000218275041781607596893267
0.000000140588241879915337402481
0.000000117383684747405361453143
0.000000151678351283626328217043
0.000000241230144784465313166475
0.000000378850520493158637099374
0.000000553021559524327796058792
0.000000748807856936643789950796
0.000000949106657495121306856328
0.000001136303301601373315959302
0.000001294366456996106217472659
0.000001411314907792049406939873
0.000001481824566700531303244104
0.000001509559496133101007682127
0.000001508667230770566815932347
0.000001503848660141136884044384
0.000001528552789422313916634566
0.000001621171762457305772525576
0.000001819576121038374830516477
0.000002154826788355220076111611
0.000002645279656064042682280012
0.000003292411951972715976187005
0.000004079450433432481205734462
0.000004973273276052800998827362
0.000005929216248229049129685707
0.000006897571888186877830993846
0.000007830008438427814217728043
0.000008684091870261830532306928
0.000009424670983825592888039752
0.000010021980684551231842731485
0.000010447622282185377260983576
0.000010670645854390631748873260
0.000010656344457870051654901911
0.000010369798256074481976134714
0.000009784708581917887459358969
0.000008896019600869863012287432
0.000007732894221560947787576235
0.000006367523973933375307438561
0.000004915560006071961351872910
0.000003525788702125547724631907
0.000002359646287089033447111758
0.000001564416065021998870104738
0.000001246408549683104575799908
0.000001451158582095324317263975
0.000002156241316224931451597455
0.000003278962607136437798987334
0.000004696848985949884556188871
0.000006274901212400478450249321
0.000007891336982744917035283508
0.000009453929821095113214990575
0.000010902152620218205918319054
0.000012195353961057927227266268
0.000013292608040830680078453647
0.000014133859500218588230819813
0.000014632961708302305134008457
0.000014690393081726910742791301
0.000014227170910854822747943632
0.000013233280040192448018384827
0.000011816185610707144337957163
0.000010230378107019994863018282
0.000008869598231044304695487590
0.000008210383008270579139318592
0.000008708114773667663361745098
0.000010662278796526084668561465
0.000014082178156883897086632668
0.000018593428204930741788917722
0.000023425323633959299184786884
0.000027507650887336005589116350
0.000029683442906917799851938822
0.000029015273684741101827087167
0.000025133195882294503481968126
0.000018549817528951492327446426
0.000010859266709437044213268191
0.000004746495283869609062364203
0.000003762219231730524562928343
0.000011862881614210538474586676
0.000032766232799597922115478199
0.000069220594499372329168676576
0.000122318342741824644072032302
0.000190992596036706064992205523
0.000271816127017197027050665614
0.000359174782623652923303769757
0.000445822004840021953071815819
0.000523748978078278836986725331
0.000585241266291030909005299598
0.000623951257287681695755388045
0.000635805808497400025761092657
0.000619593202597005241263894426
0.000577128562162805341592686226
0.000512971444485736173014844841
0.000433748501550949828141356956
0.000347202052220484135881817256
0.000261128981400638067456032587
0.000182385767719677187488624970
0.000116113776284386060956739517
0.000065290186528646525698435510
0.000030645215732861969524548906
0.000010919333651947065838257525
0.000003378089355372608449041335
0.000004466862375587125919896344
0.000010478108142332664346873389
0.000018118675892430482533574515
0.000024898816743704350049667257
0.000029308641955689200108824827
0.000030792096663596410922696112
0.000029564204011034865608948188
0.000026338478040554086042658588
0.000022035817990418111805232121
0.000017535459910724003656156897
0.000013507234613458849733580794
0.000010338681590312608660230977
0.000008146827138206844229513515
0.000006847677755066655120176188
0.000006249434328710152264656393
0.000006138146814042329127772413
0.000006334655791743460225224141
0.000006715309867281644600541402
0.000007201830537823459535331366
0.000007734341485140975330672512
0.000008244175808439989678742983
0.000008639808003245689715346618
0.000008812036666325367690981440
0.000008656239989707651479207418
0.000008102985583913830042786935
0.000007145434619706161759767216
0.000005853351929443825090761122
0.000004368211227621765509025482
0.000002880001595986787371199466
0.000001591795759809414435086649
0.000000681306019798881839687687
0.000000268838740150294666684074
0.000000398591977061077530096532
0.000001036208370471598089372438
0.000002081270588539476888966786
0.000003390194446005863724181040
0.000004803408152184389295143337
0.000006170873670148068200784139
0.000007371491592699682730512913
0.000008324073009239931698519631
0.000008989704606965836586676688
0.000009367001931025558978207747
0.000009482714074077721927349266
0.000009380407030277736484154272
0.000009109653281056101148589234
0.000008717493752879475329628511
0.000008243116816215470698159425
0.000007715887486733455808427320
0.000007156186907305134542022634
0.000006578073597340770254249948
0.000005992596865727654641207555
0.000005410677111139530264742169
0.000004844770562422474111769714
0.000004308972794358339771360420
0.000003817679883376201076890157
0.000003383312858515475158362748
0.000003013838623121206895469088
0.000002710848863501006710051248
0.000002468796567207828763709787
0.000002275690436504788978391671
0.000002115191757697339935479679
0.000001969733826804925726911000
0.000001824063269172223069426253
0.000001668526485080881727367046
0.000001501495711207358057257075
0.000001330516011012567389147632
0.000001172002894205781442063031
0.000001049570580634657098202515
0.000000991273603964317578105588
0.000001026170513349721789895901
0.000001180662532685414837623763
0.000001475036377977319099958947
0.000001920573962358707094958072
0.000002517508127675973350330461
0.000003254021332922053363532165
0.000004106410886880041900728455
0.000005040476958656437740267584
