0.000116527162352019310938983088
0.000117609506311064056834764235
0.000119011347292611799342232359
0.000120629820036376598688630801
0.000122353298843850313284628561
0.000124062946196534324089580381
0.000125634556961988719464909381
0.000126940843310123475332767962
0.000127854282163766878833641161
0.000128250607741957074314081977
0.000128012976722661185342150292
0.000127036764171198671927870416
0.000125234867569262443539115925
0.000122543308622119256814236854
0.000118926834265206375781075143
0.000114384137127524797348902819
0.000108952250334902922719593210
0.000102709631016328743497584286
0.000095777439870728235411095897
0.000088318558089808555581871896
0.000080533963228411470911850822
0.000072656214976573262574743861
0.000064939979643546658885817913
0.000057649744141041582112632014
0.000051045127638748105333189875
0.000045364478174635380338872159
0.000040807722975236058570846359
0.000037519699472605749562478805
0.000035575397131000838354605853
0.000034968651243010840897525865
0.000035605809714360016923848790
0.000037305706572694805696257386
0.000039806896289662773184489519
0.000042782525639426290792449031
0.000045862468242404047286033680
0.000048661480020229112071917382
0.000050811246920004942198827863
0.000051993414946530398389364092
0.000051970157120682579333318524
0.000050608674519045531467291432
0.000047896344988013061377569307
0.000043944056190984778775820985
0.000038976539083071870604550735
0.000033310114369924024560389725
0.000027319961368874665487514047
0.000021400552357476494572466330
0.000015924000358956678132914958
0.000011201528255784813222438977
0.000007452962724246102388587273
0.000004788096807437902386987705
0.000003202095209201399127565447
0.000002585097816200654639748292
0.000002744141349318983373611761
0.000003433806819910995280164222
0.000004390895051185423676081213
0.000005368105475853365326827007
0.000006162172342902406767511242
0.000006633078737306723672453954
0.000006712585246035430498225127
0.000006402071821800211752907621
0.000005761288179233115120650346
0.000004890784169578173148592616
0.000003911390459652930004822661
0.000002944105164267034757273524
0.000002093192600343274474767371
0.000001434381973447442739616584
0.000001008977244357864678050204
0.000000823663694869852820131309
0.000000854989191417773840179844
0.000001057008485769888756701149
0.000001370430548180468309759630
0.000001731757502034332450412666
0.000002081257836120020996784410
0.000002369064846834553679397152
0.000002559128797121250169493284
0.000002631099965878669919781526
0.000002580439263441759568484639
0.000002417141655576246809470492
0.000002163444302168686919271828
0.000001850822552129612338320816
0.000001516501553324183890095016
0.000001199667078742864977615392
0.000000937564319354211903188216
0.000000761723323006009968115645
0.000000694620489698420999380326
0.000000747141620259405010317946
0.000000917217251334573551519098
0.000001189929298403115482939151
0.000001539231886651923419484598
0.000001931203928433103711616433
0.000002328493140654929179447254
0.000002695372047340197642860665
0.000003002661073276090597424784
0.000003231728049998316748461086
0.000003376872400404141924816926
0.000003445642089877738093014938
0.000003456977230820776077446473
0.000003437464866363646855080887
0.000003416348769695875679840505
0.000003420190447583907306609982
0.000003468164556244314223758295
0.000003568866642563861524116041
0.000003719226044767659112720744
0.000003905703772012356792887097
0.000004107496332505505758450094
0.000004301057682591393120197058
0.000004464981825662671202669448
0.000004584220201652201808742351
0.000004652760809462176940713533
0.000004674241431700404888495946
0.000004660434776727575291704452
0.000004628026933636943116077804
0.000004594503229587097568485318
0.000004574165904633903530739081
0.000004575283584530355924504738
0.000004599113270126438094049810
0.000004641095242322360218760989
0.000004693996554200443853551404
0.000004752287979477000596020830
0.000004816695728506662650388135
0.000004897755231017452957919568
0.000005017341927031106817787449
0.000005207537460931396211777193
0.000005506730672488365765839674
0.000005953438124977201002753155
0.000006578835727978192734739880
0.000007399315747232990901063529
0.000008410456352063221951444703
0.000009583600638876549516901107
0.000010865828898513214524710474
0.000012183554234075170274878910
0.000013449382946831972811957412
0.000014571363080530339034366835
0.000015463382302192769034935443
0.000016055320169473132318463046
0.000016301619653782605873703834
0.000016187191335629177145211816
0.000015729946761417685135780661
0.000014979707394991193138275229
0.000014013684719063936926744703
0.000012929118101391731486928330
0.000011833949365101796132797134
0.000010836584209423639647428168
0.000010035835047964904661352108
0.000009512065225393391229048723
0.000009320378575273015285258642
0.000009486445459618062338909977
0.000010005256096924972398511632
0.000010842776365151869937160367
0.000011940183423049128069661114
0.000013220109601376453899840811
0.000014594149004490938653557514
0.000015970799347310081722859515
0.000017263027469890823858110485
0.000018394753761734053073857026
0.000019305729593149037741795643
0.000019954505123877108724436344
0.000020319420556100344007208550
0.000020397770934256338840615333
0.000020203467571700520791179098
0.000019763631823768770383884311
0.000019114603547041676744142752
0.000018297831549743807954579167
0.000017356048824369109439061387
0.000016330038109981358392629180
0.000015256181224413250656921429
0.000014164874651039712456844326
0.000013079796221354764778287659
0.000012017930850602666961171247
0.000010990210085129610743741833
0.000010002590057436129208912057
0.000009057382406808438536876919
0.000008154658944421366888665945
0.000007293569522289766703917937
0.000006473440553630828393294819
0.000005694556551145753314953097
0.000004958567059165896792464513
0.000004268504703887114222200620
0.000003628444628615439697584153
0.000003042878427863297997071857
