0.000000407691484790318271106915
0.000000484472693926027158465848
0.000000589237467931321060965293
0.000000722659861825852742030565
0.000000883396476336327465606936
0.000001066939627531682124880557
0.000001265040617399100979377957
0.000001465800599949370580006862
0.000001654400242939032605811759
0.000001814346347983211943881822
0.000001929072691747349050143089
0.000001983741328848803405545537
0.000001967127413899671808608259
0.000001873501807287319959518927
0.000001704419553257162410416252
0.000001470262619876002912420445
0.000001191281839675094799210374
0.000000897773897062907416137729
0.000000628973000122857711935442
0.000000430294593364046351962416
0.000000348779769898706178491294
0.000000426949582765384226030634
0.000000695727544407979171102614
0.000001167514768054110835111240
0.000001830769436931856090916429
0.000002647432125321935004287274
0.000003554195264861133049896259
0.000004467977062658073713762204
0.000005295161593527627461345728
0.000005943404051803273643785758
0.000006334270943536376639838251
0.000006414820854679156548149282
0.000006166450940108229290630409
0.000005609838205330211187774059
0.000004805417761515658547715434
0.000003849384142450027135535021
0.000002865567951493258660322508
0.000001993730420875218697625373
0.000001374934233080112740190142
0.000001134832743403605695919293
0.000001366075910231559326725231
0.000002111560982181852843842526
0.000003350835758990484406947500
0.000004992374588001706330628402
0.000006874450735124310248611110
0.000008776739089884149922827540
0.000010443537069192858118740069
0.000011617675901057202141638917
0.000012082038177857440020457509
0.000011703436457130936095200925
0.000010471835266112997661711731
0.000008526914596506506699696154
0.000006164133372725578081431381
0.000003814024428216042447991078
0.000001991572225287199712626856
0.000001217140103888356781339708
0.000001916228574511410610132448
0.000004311748110989699526800732
0.000008328492315608816088583037
0.000013533731299952207172121975
0.000019138666188291894316563652
0.000024081254514645621328874925
0.000027200473306888836794517617
0.000027495358945902999633784450
0.000024440741962793128628020356
0.000018309043304896286980410630
0.000010429134804063529441816791
0.000003305273489493922494324813
0.000000527018293710499036898855
0.000006427822806609147591723561
0.000025494447444490730188965122
0.000061585112359512821436635654
0.000117070373232681904812103879
0.000192053213093331228344604056
0.000283840386470851191013514692
0.000386816406119283064113378856
0.000492813038090150648366793984
0.000591978420631881054395084796
0.000674047427872623934261286927
0.000729820920990956623769507772
0.000752599038345361888088791424
0.000739300457628325126575863369
0.000691043078175819242697786038
0.000613056101629229507031515478
0.000513920579019598719114347851
0.000404267824341518478004076087
0.000295172945018652807969844476
0.000196539369496293503045136752
0.000115766235187052141130704952
0.000056925217133632899900192587
0.000020562672997906437759307874
0.000004113048704168608589730634
0.000002790140523658438851349866
0.000010739976867591734385407043
0.000022208627622502161678974542
0.000032502671255935352352846313
0.000038588836963277191630886792
0.000039272613768452700831051994
0.000034989864972957788200394469
0.000027319644855433578272546624
0.000018366695274462545485081796
0.000010164391389590416307276734
0.000004218442680605062687203971
0.000001260400938162512639312144
0.000001222781373116600489938961
0.000003398040410679828813190085
0.000006711309239634888218766114
0.000010025583542102988197962724
0.000012406488856058040339859494
0.000013296205505591909823686486
0.000012575096161264386979356314
0.000010517584930845438057479650
0.000007670148608623487170975891
0.000004690734146700650222978901
0.000002190040584289937726199596
0.000000607644167792154352718715
0.000000143042677856384229445735
0.000000746970577157045625668922
0.000002165087767128244195869499
0.000004016771493442405365653126
0.000005887454193918293112136424
0.000007413751218424459996699655
0.000008345505314588712864596644
0.000008576179761283135059911180
0.000008140869453310852938711893
0.000007187861626849378129120241
0.000005933965582005188227018334
0.000004615235611712050610856272
0.000003443432170276206380721230
0.000002575364845882395937320952
0.000002098203593983730398485473
0.000002030002891615614279535165
0.000002331869078270841669317959
0.000002926808353615902850606515
0.000003720276764855108320205826
0.000004618436995512311103197472
0.000005541586857688102977885503
0.000006431685858534116026518409
0.000007254075021636598253672347
0.000007994282397574141213383164
0.000008651306926293515976071971
0.000009229090617346982414453266
0.000009728073782435130200177409
0.000010138726953129449353109386
0.000010438650100183305066692263
0.000010594142608788954763518464
0.000010566123861010954244053252
0.000010319139769260817290842842
0.000009831258664383011550841340
0.000009102269434856546771544193
0.000008157928702014374569800696
0.000007049005882199300637258425
0.000005845251507042959103412245
0.000004625734450092001177228581
0.000003467848245792886002281715
0.000002437436268840115237611530
0.000001581939987738737397998646
0.000000927472498408314973493524
0.000000479624121367230574562561
0.000000226964769637524565889275
0.000000145830983426943828891545
0.000000205097327190969290609693
0.000000370089661994581469420154
0.000000605372051974308543827077
0.000000876609631242180799027284
0.000001151941119982649817254797
0.000001403265925382695553455406
0.000001607638497423654184610166
0.000001748692709642323298794425
0.000001817811439404194251250046
0.000001814684411749428765946710
0.000001746971963121362886594027
0.000001628972649052827309244297
0.000001479410499261846730222774
0.000001318646252468887821905023
0.000001165730914115997592344753
0.000001035744269582258769162746
0.000000937806562995288939355650
0.000000874044528508795298370735
0.000000839661962847891057195324
