0.000025647360987433891259213922
0.000023647284089894884311165019
0.000021293958074598125457341929
0.000018791484018427900544532388
0.000016331442266693330176829252
0.000014079526560771941188642160
0.000012165784520800830917092866
0.000010678245691335838755400486
0.000009659444782057967791226265
0.000009105364945066930312963203
0.000008966644336388332147650022
0.000009152448026524621894038647
0.000009538078034061438624665284
0.000009977988614377735615817294
0.000010326159367115152442869255
0.000010465507873933533727070846
0.000010346984438117723051212341
0.000010037078305018679169201452
0.000009769758552858176972708178
0.000009995708312533785282042766
0.000011418697769758115977134505
0.000015006910462031996131792265
0.000021966896847950369070154308
0.000033670340797765341517115700
0.000051529343046471790847073979
0.000076824168303623718151440514
0.000110497331767992021823304727
0.000152937783924807354715702523
0.000203786633780026740694196752
0.000261799204151438760605763445
0.000324795686864541436385950268
0.000389723776479062710559331251
0.000452842273757741314594432724
0.000510016928774773199185832429
0.000557101785909884647182699347
0.000590364238188848433792899062
0.000606902561394964245450323048
0.000605002381406879487235617177
0.000584383464400507258475203631
0.000546299405980084709644195584
0.000493468633061038756786043091
0.000429833989976909926732095979
0.000360168674371834428120375815
0.000289567114004003409166720928
0.000222878777270475009718297965
0.000164158142921903935518984641
0.000116211298958336441979576070
0.000080314721191291436734084608
0.000056161683602758438488711940
0.000042056493004230150758136764
0.000035330802646979292316181676
0.000032908744079962897767770852
0.000031910603942803154940525967
0.000030170033936627065529380992
0.000026554726145297629085351848
0.000021024753225584369626700865
0.000014426947232399519303359947
0.000008091028448359310508083975
0.000003344247199011209107163837
0.000001080126964751543981274563
0.000001496753015437528658971135
0.000004066356835901421731393340
0.000007727145242652702091619085
0.000011222723955693521676003563
0.000013474743597256367644374869
0.000013872443972195589435261916
0.000012397601755895430093745192
0.000009561678799747968352808723
0.000006193085808220896263949062
0.000003156006675404953439685509
0.000001095162050624834916074312
0.000000281739735947254969341343
0.000000594179975878722838161772
0.000001620047799007447551512253
0.000002828580719284629700605548
0.000003748652250685339019052600
0.000004095816487035915057105060
0.000003818193605012727219851550
0.000003062580238554362108057425
0.000002087577774228589398247376
0.000001162143499248787542163139
0.000000484430089877505760885524
0.000000141365234863997797009079
0.000000111434397507050030359524
0.000000298609806381552062082757
0.000000578551695484911390480651
0.000000839549845293837678771877
0.000001007544583866016791505677
0.000001052987474685001053367707
0.000000983807583874254561398932
0.000000831593354364408543512018
0.000000637462937583749224870451
0.000000441449627434545791444923
0.000000276343567598307195316582
0.000000165040665284424271282170
0.000000119903592085455580920313
0.000000143054273767722065480970
0.000000227216463126337928587993
0.000000357177691776607783806367
0.000000511972032844493446938406
0.000000667651869730682360682046
0.000000800293057846449870827645
0.000000888850873646987017566120
0.000000917653851169664413288244
0.000000878537798480876310882660
0.000000772701204861026941274880
0.000000612214242345124563415457
0.000000420791744840512406283139
0.000000233122847977979095789451
0.000000091952628668610979289001
0.000000042391893110550203017237
0.000000123614667358071579923904
0.000000359050953131414718341269
0.000000747119295540943211483029
0.000001255130768383380740485446
0.000001818937931917341465981120
0.000002350056799892376152956918
0.000002750439768636252407579736
0.000002933134318806697768384313
0.000002845192503764508541388859
0.000002487895396985359950688252
0.000001929019687632443529935484
0.000001302704878112515990429016
0.000000794458941067061932535340
0.000000611727308222263630389153
0.000000943796626386074133828929
0.000001917970175968620305919157
0.000003561153303421161304617715
0.000005776438116410074977288228
0.000008342433367895675901722979
0.000010938939272200057898644897
0.000013196837708017168086299317
0.000014764140961137971137838790
0.000015375684501630951895667990
0.000014912317754521280341339397
0.000013437143600228522116279799
0.000011200823970189297359338967
0.000008613853353615730592835603
0.000006189477614214421407863934
0.000004465534397748686499423406
0.000003916590471728884306919748
0.000004869554353538289272402325
0.000007436629600808630053635634
0.000011478729800198576280244669
0.000016609490814866166460929062
0.000022244058188878051854440315
0.000027688087470699482923932461
0.000032252537526483029766376232
0.000035371794512102536179806722
0.000036699597119817277878980888
0.000036161084524906234060649679
0.000033949662597596896634801616
0.000030471388905507556599597252
0.000026252794775621816019241586
0.000021836255420560968861388301
0.000017687791822284601862651232
0.000014135853868942155163587401
0.000011348928156332473932772949
0.000009348651866608354783273228
0.000008047011806173347877452207
0.000007293060172632319883485354
0.000006916256429206032701052613
0.000006758339181005519994435791
0.000006691215028656045097797331
0.000006622758419229421813275577
0.000006494654177321270230056199
0.000006276540995870099046746293
0.000005959497344162517638887274
0.000005550316098297854675188128
0.000005066775893770871168721778
0.000004533543754653381722160947
0.000003978354472752985094218762
0.000003428418628997719145836071
0.000002907314777885102653645459
0.000002432743208507493492024579
0.000002015429714122875903381093
0.000001659244643130879488939779
0.000001362356296821788336401360
0.000001119056309999830088611141
0.000000921817682430339735029086
