0.000007848270636121991051669007
0.000007790502597037105326507021
0.000007538562399537362566578902
0.000007075803728942846827971482
0.000006409882065254520570603096
0.000005571334000174384613304681
0.000004610076836317131209158453
0.000003590364673952009162569360
0.000002584732515865651051114888
0.000001667395834123597608898530
0.000000907505956121176850428655
0.000000362638439101015321651102
0.000000072933356499310334678424
0.000000056398045683774219836015
0.000000305973102413572527547497
0.000000788976678191320583765982
0.000001449407773654004489638850
0.000002213267259145194128000826
0.000002996568053282884734600782
0.000003715146929832772401566766
0.000004294908048532371777140145
0.000004680881205863122180156448
0.000004843576331270448617066782
0.000004781571548412151632110115
0.000004519980681204296340885366
0.000004105216095177202401556721
0.000003597085425824799396874896
0.000003059591228102371816854367
0.000002551815437083117497636241
0.000002120059423234141629635878
0.000001792128539549689907623017
0.000001574419245410080360399749
0.000001452304027420355291629495
0.000001394114162230485332220442
0.000001358639461302123627799393
0.000001305403883368482658328428
0.000001206105298191405234570369
0.000001054788486718892530260693
0.000000873932281562569432586593
0.000000714011291091195640537252
0.000000645354358830355210602931
0.000000743047409099403602180550
0.000001067690800867124188884300
0.000001646354360327438435027776
0.000002458524855413812338408158
0.000003431003540030266162904433
0.000004443819089724726281438565
0.000005346852723507858219772950
0.000005984699128085011477482837
0.000006225784161989418550599805
0.000005991036071533640060108889
0.000005277252354165392525910724
0.000004170448711456611858765329
0.000002844894719196818347225738
0.000001544600392633225678030626
0.000000546312576160555677720068
0.000000106974959905302104131153
0.000000403718483433484166255240
0.000001479402341131768568846983
0.000003209421639122134492738648
0.000005303918696316910816985438
0.000007352769291720723207107530
0.000008909712457667175015702671
0.000009599612062221556170352015
0.000009223048934855982157574213
0.000007828933414941300933821006
0.000005730598844051596447795281
0.000003453358593203157761241480
0.000001618813892446076201539853
0.000000788818331858308093341189
0.000001305336251328695284596110
0.000003167982038468208741443296
0.000005987119437905683965719592
0.000009037284501648918993901155
0.000011415276549566671980637939
0.000012282760971656268779612919
0.000011148961513402362612777143
0.000008130171481315202864584984
0.000004114892099549931495712941
0.000000771105400497268602119985
0.000000357687022104439022491287
0.000005343171091534306895050582
0.000017884677440715246010249223
0.000039265918250554726458018823
0.000069421997520784911443227083
0.000106678575677729658944745128
0.000147798826158862333345067608
0.000188367894905271029276638828
0.000223465331404166888231224708
0.000248501622824154918926786717
0.000260046539095983941878437173
0.000256469499225683524902541510
0.000238249559507088014883441351
0.000207886136810007070545996966
0.000169432123792237569184435109
0.000127754929288325242949311833
0.000087686960612444082309967219
0.000053242449441093638246372266
0.000027051204168396140537031919
0.000010101676333064679228477580
0.000001812573684052165431067598
0.000000382721348074357205610002
0.000003318131203129410802213795
0.000008011789626455925175316231
0.000012256550930051199094390768
0.000014599600970946144135736988
0.000014489401217943750766587417
0.000012212868270853935296661741
0.000008662645563902881298530903
0.000005004543687586212741410466
0.000002329021983267849473030024
0.000001366348864858909577834939
0.000002324366440087640756404592
0.000004875307605019220123288883
0.000008281193725412884105974674
0.000011614601163679718343600157
0.000014010955074180449000660446
0.000014885034567095305953221031
0.000014058570647660001607824262
0.000011773274708771391792202880
0.000008596175591988801736615528
0.000005252300048089769243428969
0.000002435721889059979592935881
0.000000650162342146229880645496
0.000000116097421969227788780925
0.000000758496499170985804462344
0.000002265746350846263382092455
0.000004193149610979700221940602
0.000006077736257806439714877680
0.000007535083471438779944369304
0.000008320053831122273539817880
0.000008346789779021169627839898
0.000007674295525037822684631325
0.000006469820520551069664065644
0.000004962849283114882542621883
0.000003399553266063219693473912
0.000002003548870210421613486176
0.000000945705357986300047997959
0.000000324310650596789449887059
0.000000156669809999530755309822
0.000000383083810322025743598149
0.000000883180933661066804982902
0.000001502509337274526663114169
0.000002084741453948224210011722
0.000002502888247058198820988893
0.000002682602431753874970641466
0.000002612394373636873051285632
0.000002338986971855036805893746
0.000001950003357991978250075837
0.000001549381946983860835733099
0.000001232317241500330301805276
0.000001065798392607813179270258
0.000001078412780696097293466908
0.000001259999851687909756708700
0.000001569092866902192471230989
0.000001944656333783309900902717
0.000002318614715242534581941033
0.000002626707787322068356357894
0.000002816616635905125591175704
0.000002853422814968136669557192
0.000002722929454186695507071549
0.000002433216649047694724695501
0.000002014349795330393491849582
0.000001515818431258095600811572
0.000001001336075477702807111293
0.000000541114019082550904663365
0.000000202437636725238138379191
0.000000040010997813247895762637
0.000000087818379054343143413165
0.000000354052943361313608953159
0.000000820041425074844053505463
0.000001443249292685904075592574
0.000002163636516995908124611457
0.000002912063096386446922576386
0.000003619228449921465307667200
0.000004223766000203288355067423
0.000004678508101874823916295661
0.000004954445263339083302899478
0.000005042387020465297352593212
0.000004952685325301656440121455
