0.000015496018109515272902047822
0.000017573733071869716685677043
0.000019654379479145110313316122
0.000021666724652418219626342707
0.000023540564777287581238116032
0.000025211073693388434148725946
0.000026623087942445157943810105
0.000027735184025435580745192615
0.000028523406817569145151915200
0.000028984502308665855530673758
0.000029138496042252284981078150
0.000029030444632143347652658907
0.000028731175983383708575583798
0.000028336829047177270780866198
0.000027967010771053433658851067
0.000027761410735209259015039002
0.000027874756607705582841117559
0.000028470059003961181650103549
0.000029710184484554045728334562
0.000031747910669264830141496347
0.000034714756225187295068587701
0.000038709036687533854878377759
0.000043783767312732792752975192
0.000049935205039400784045831860
0.000057092977056523010821915964
0.000065112862376862909235750165
0.000073773349535151988586902105
0.000082777059372618621451746235
0.000091757968109319512617881587
0.000100295068531531077747100122
0.000107932653114790598502560626
0.000114206797420356848376393755
0.000118676895315763408387740863
0.000120960309401437989852701183
0.000120767440739019056334009605
0.000117933906749081307422169496
0.000112446172494575169715017027
0.000104457028866931326150507831
0.000094287840294561553466934356
0.000082415526435886029546148968
0.000069443750899537162691796399
0.000056059630647019957085629149
0.000042979233538934403114489813
0.000030886918167940544740091707
0.000020374887778723976713935936
0.000011889907299075378924830756
0.000005693783744369231743774097
0.000001842883137813053895845395
0.000000189760283260882303736582
0.000000407180571518660220930476
0.000002031813210817653640564723
0.000004522137796218109890829338
0.000007323082952519078116064566
0.000009928961677309251662683007
0.000011936569483330583126240269
0.000013081844453357575856354729
0.000013256015113832883989958278
0.000012500269421418006864413740
0.000010981150848175927470088721
0.000008951602319445843019174620
0.000006704400601204428527125478
0.000004525384561829843382255081
0.000002653324823219806337577277
0.000001251669884936482842721812
0.000000395072970061615165539211
0.000000070999877778908540058660
0.000000194305404076630119396458
0.000000630840817796298216695537
0.000001225177122036633704002095
0.000001827483401835771755438408
0.000002315395314638583263350041
0.000002608111099487327477931950
0.000002671641055298360078345578
0.000002515774630407713586242608
0.000002184630145518996348461167
0.000001743428187831648264064042
0.000001264317375919749390902674
0.000000813738076105885459508122
0.000000443087038556447317607539
0.000000183545335903237174284079
0.000000045056540192027831847190
0.000000018753779262438682459230
0.000000081726147350089414793365
0.000000202902299275696491060047
0.000000348960316840121903671039
0.000000489454384170845010136022
0.000000600676036164272216297646
0.000000668054795684073158396326
0.000000687101877867513023863399
0.000000663006849950904819735787
0.000000609041401381305175108611
0.000000543954051946495660023657
0.000000488596528830731665199439
0.000000462124432200034554498445
0.000000478246355391813880417499
0.000000542111782109771797969497
0.000000648468825837873247334943
0.000000781634802415588133344087
0.000000917580658031617668203409
0.000001028052496983713570786328
0.000001086203903676488735096403
0.000001072790340814691352201412
0.000000981692606596564803280456
0.000000823484274796695637284750
0.000000625988090646212991890963
0.000000431265734530865624192812
0.000000289175136364072003156551
0.000000248376929092210953148648
0.000000346317206310625215705441
0.000000600106360165650497299420
0.000001000245775195721044227375
0.000001508788256975371170237913
0.000002062799420531391184205003
0.000002583037552774685680447887
0.000002986764181059404026471115
0.000003202731166673390803163735
0.000003185836639905196247005105
0.000002928819715805368523783153
0.000002468710998512288122780454
0.000001886522967926552662334245
0.000001299723878316094517396248
0.000000848209737652127326241786
0.000000675571032749371840230219
0.000000908261448351148062942064
0.000001635681842352379739482658
0.000002894132200816340154549784
0.000004657073814245151600161796
0.000006833271885618849733905113
0.000009273296641945661251656488
0.000011783717014675979334261020
0.000014147291730015219826861218
0.000016146687868540875811272997
0.000017588830809599829247628217
0.000018326951281712507829928932
0.000018277729281674154533134102
0.000017431577883013315807044646
0.000015854965235148232481025149
0.000013684624718764801620091674
0.000011114432949813784186148501
0.000008376535987305222782429472
0.000005718890604903586590761037
0.000003381704103336837382795272
0.000001575280304941149635785161
0.000000461522134327765465210478
0.000000140844539389259744971422
0.000000645582799387033047400111
0.000001940225092012237125487601
0.000003928046275640711562464596
0.000006463059928791395920952192
0.000009365710699211062738008329
0.000012440448018915883861322882
0.000015493274660644545004817979
0.000018347537707915586473791242
0.000020856585504890500415344640
0.000022912391476192859446608246
0.000024449773126286639568938847
0.000025446341308131293626124125
0.000025918740994998594213017534
0.000025916048634868566803192425
0.000025511353235117608935327016
0.000024792571129718187590215694
0.000023853448701412448002944638
0.000022785526083688429054832300
0.000021671606019600844598733264
0.000020581032006657000498015681
0.000019566858394170978966905561
0.000018664812523166841146636530
0.000017893815504082411237162312
0.000017257745135893099569773107
0.000016748086643074472552612103
0.000016347115576230709233082269
0.000016031282573598203816927360
0.000015774512735357771095858273
0.000015551185974444280233231624
0.000015338623729414089825193526
0.000015118968278029313185564439
0.000014880400847548916392010590
0.000014617701210840507169844496
0.000014332201640302510821053418
0.000014031228784993074801528551
