0.000002344248562840724367485005
0.000002517617558872790157163679
0.000002600673967237272190178212
0.000002561401110033277121736089
0.000002391048263198120912419609
0.000002103016923504507331490207
0.000001728839087712957251613804
0.000001312086784140491874730032
0.000000901270359822879380951434
0.000000542809925730910468151470
0.000000275018785167282942315866
0.000000123768853682147976034758
0.000000100182156832808537796285
0.000000200375834269336519441129
0.000000407031535483448735299465
0.000000692388792073128093355981
0.000001022174180187155393382831
0.000001359953810357620329640239
0.000001671412203340133180551439
0.000001928102531317898436270548
0.000002110284283691304450764981
0.000002208577270103270512747323
0.000002224321856316736229099542
0.000002168727534805286736224522
0.000002061069041979532068969462
0.000001926288329430295701076526
0.000001792332537959772133375836
0.000001687402027189564467917903
0.000001637066209914810717150125
0.000001661052756517854139004051
0.000001769561668666444715906807
0.000001959276119600899052010552
0.000002209796555926657748520009
0.000002481836391757111590631495
0.000002718909275291454087164836
0.000002854118701801820329720400
0.000002822837669992889537718414
0.000002580540219846402753004410
0.000002123061992235389006827319
0.000001504594678437093065778013
0.000000847380290398425665065671
0.000000337009787662449267568439
0.000000198954132002026312950481
0.000000655654194603277291307768
0.000001868860788449872823796744
0.000003878004828573604055607683
0.000006550600882715388817109127
0.000009563018846362353634835141
0.000012427436145569837973767942
0.000014572270086979459267255768
0.000015469405597904716253036470
0.000014784806087824078400338838
0.000012514442328327961211184745
0.000009060744791626345161629323
0.000005210935582162272939005330
0.000001999424610855342750805096
0.000000468867647734051593306896
0.000001380234303794687962535373
0.000004949682942076111389804408
0.000010697747160406840145072463
0.000017477433754664634558018826
0.000023703535932284045342505890
0.000027746174560052073505183115
0.000028394651695235153301402273
0.000025262298107853940033014004
0.000019003583064980178923874046
0.000011255532761304249788746751
0.000004287946919543919354126087
0.000000431511456727135345825169
0.000001424812869905506479764612
0.000007857908753789248003265681
0.000018878431930365793670664049
0.000032266928232070402938775483
0.000044895798115217018867117993
0.000053485032895691142409283492
0.000055484824001530893547093348
0.000049872210542025565479119092
0.000037657734019038112394366785
0.000021956856251852303624910734
0.000007575690274171810711370187
0.000000169193512830551435880384
0.000005127636060226205002665709
0.000026412362729337106787052061
0.000065580814861507729599671146
0.000121209816094637476630371808
0.000188851908485296565275851632
0.000261557169923075979317550477
0.000330882788013996240097241985
0.000388216301234520547690232117
0.000426174682888562513481678362
0.000439822972764865760975788733
0.000427487015815315957254633128
0.000391009635262493863809563077
0.000335404174559914350361999880
0.000267973540815140138637157063
0.000197064082292151333299090599
0.000130691414686778269562197896
0.000075295723057032111730051127
0.000034852762879787334043997504
0.000010490229664764510748419662
0.000000653517780882467179469179
0.000001752675459132078893110217
0.000009127627371481316249099761
0.000018111686445694943540076285
0.000024965774103131763259240394
0.000027498162824286778493703895
0.000025266082600310761776618920
0.000019356407272199542318660143
0.000011838821793970210821743232
0.000005053859502455313944225494
0.000000924499554426594773427165
0.000000458967022055228755120866
0.000003551255861094334130459264
0.000009101945063407537763453849
0.000015397719479325416521743597
0.000020625562475109074839002207
0.000023372189187169723677489977
0.000022975612272221600262435415
0.000019646766182518432466031638
0.000014348510834035484802408827
0.000008486450368251140542459436
0.000003512124016120347382957341
0.000000552916213093982200957842
0.000000163499772053993077996960
0.000002249718565893418734672393
0.000006162898603476306972270490
0.000010917087387860027422083198
0.000015455920211272311195647641
0.000018894385423616334262857108
0.000020680296467614003185940194
0.000020651498722105729823929343
0.000018996493225967340878019771
0.000016148985111708520802506137
0.000012656203129359960065248442
0.000009057190424356424969629283
0.000005794980544091373827087377
0.000003171494689625936749333493
0.000001341193347235162471012986
0.000000331859343118079153060756
0.000000078798576915037980260631
0.000000460845407940057350409415
0.000001330740110307352090933701
0.000002536788342226002221575006
0.000003936008959342071801415855
0.000005400801830308951980688572
0.000006821670274434828392978898
0.000008108143021293765024984194
0.000009189232379330258858925878
0.000010013923145708173283196553
0.000010551555912628434987171958
0.000010791653920403812026772121
0.000010742733505493995928487851
0.000010429846314477426462690585
0.000009890907680985618912437862
0.000009172161429043495763568580
0.000008323343132751338311454102
0.000007393194668624108628108855
0.000006425941287633391879499222
0.000005459172170056795065056898
0.000004523286563007990935148406
0.000003642326111502271273831239
0.000002835686837677575341149254
0.000002119986995532419471428365
0.000001510342522756808321350228
0.000001020502190641889524223927
0.000000661677422429470160840750
0.000000440355715751690999206289
0.000000355767508679385673500217
0.000000397859635778004569536673
0.000000546555127049768211898841
0.000000772775202063174338840482
0.000001041263345795821340731679
0.000001314815641159783640606645
0.000001559205789407963222976787
0.000001747968204349447993010448
0.000001866275253656097048805601
0.000001913366876798469884944382
0.000001903283151978808220876533
0.000001863931467404495676901664
0.000001834729329718952426696104
