0.000004701171442743689361137057
0.000008017168254848904376027446
0.000016180732493524441255533866
0.000029078974640157841287380069
0.000046535167429014860261075187
0.000068299387707784284663563301
0.000094038093972510311763582380
0.000123323697028534552677658809
0.000155625404605788734664975625
0.000190302830933470137637214536
0.000226604008139240028791433490
0.000263669456609422268693332381
0.000300543806241625069495398970
0.000336196065506526829691491542
0.000369548996111682538472098525
0.000399517195202584080894470109
0.000425052488881083492637535937
0.000445194218139065994461339715
0.000459121098023213946442977473
0.000466200705383735744535833589
0.000466032428271766208365683992
0.000458479965685192048224089190
0.000443690198671951830603626954
0.000422096377043033952735501257
0.000394404919772528919381243684
0.000361566505419516257512080326
0.000324733323113969021226493661
0.000285205203118989039992592360
0.000244367776343004693747479328
0.000203625864334247569245942011
0.000164335120659125694022456576
0.000127734741773174710838603674
0.000094884047993361314435670217
0.000066606026350859989858081700
0.000043441496541499330093054343
0.000025618192754937659937237993
0.000013039372958901722891885896
0.000005296132415515811251208698
0.000001706047481267622628695740
0.000001377984780667479998208787
0.000003299116041507342615658402
0.000006436010516497771097603389
0.000009838068605273983207432607
0.000012729536110571983313697990
0.000014576722780854951613273805
0.000015120179703277074058061571
0.000014367133847161852444997490
0.000012546420557155670878627177
0.000010035001379353660481323976
0.000007270300063370903441829860
0.000004664759436200837045341516
0.000002537650996782146387557204
0.000001074593068730224881582552
0.000000318620418646373553084685
0.000000189682017127181890683499
0.000000523848455874254021449518
0.000001120565813755219538981221
0.000001786487797135686691479156
0.000002367353604614653087955933
0.000002763940315106763993423158
0.000002932854776753881949336294
0.000002876511300493081831801748
0.000002628245272210628289522678
0.000002238019855677284290947082
0.000001762135389816407390035729
0.000001257704065047414860841271
0.000000780417315612263998953293
0.000000383038018261340929269162
0.000000112326604200355628241230
0.000000003471161093414060107755
0.000000072879785658543422578624
0.000000311647737309779283006812
0.000000682543665572704310096400
0.000001122747301124315447270943
0.000001553016607623633082611251
0.000001891995571581074741932850
0.000002072655996578095023192981
0.000002056963041513235934448691
0.000001845054262391212353963611
0.000001476463227450635802020205
0.000001022830138309950139484904
0.000000573579728194260069014019
0.000000217671295194779939990022
0.000000025355841846469932868498
0.000000033774725301442123027440
0.000000239312599161930777392316
0.000000598159405787893387756201
0.000001034895488100884562414502
0.000001457414454460155448669678
0.000001775373654965046145361336
0.000001918741785559513335091822
0.000001852945124114118498771103
0.000001587595147206754310294685
0.000001176772228308357636704330
0.000000710258123306862701592732
0.000000296795144528451174771111
0.000000042147445518254170353807
0.000000026110148237094647688700
0.000000283290566659676015085520
0.000000792183989655361098895250
0.000001475684479320883223148610
0.000002213878241923540609952491
0.000002867210516854504071367548
0.000003305539384453145772523866
0.000003436869645305487064242426
0.000003229216464186301870743301
0.000002720275679773251294889984
0.000002012161842517142252678144
0.000001251830408669474728992769
0.000000601117105781867373097708
0.000000202788382886661236562085
0.000000149998938804132666171483
0.000000465863481031072283789255
0.000001097657824783616005345213
0.000001927008395566760752738071
0.000002794042879127035101488293
0.000003530594356473975057404344
0.000003995746338159594434008646
0.000004106576201565085490463852
0.000003857906249905667167760838
0.000003326963096847115574348532
0.000002661668044916452361922134
0.000002054342122674611429219852
0.000001705405348159212477139927
0.000001783715378814806363903410
0.000002391144819070382846419977
0.000003538593826693598579417009
0.000005138826926762629804538909
0.000007018513770035517352003165
0.000008948119180124222934763663
0.000010684533381082067125464330
0.000012018371451940223387008094
0.000012816437502360645983730779
0.000013050399689959825183429437
0.000012805274865664205771612419
0.000012265401910223345502458717
0.000011680306039542320671207817
0.000011317135613860453277005474
0.000011409179410164407001597800
0.000012110685845963754242037187
0.000013466673549085650952159866
0.000015403070119550538050407287
0.000017738199357363721825027805
0.000020212400961152306909590984
0.000022529358919681651858687652
0.000024401148578228441256808556
0.000025589238759026331957412148
0.000025935406645081588935825706
0.000025379128556846041565387209
0.000023960780058267570582402131
0.000021812291671422085311210851
0.000019138381628685953818932303
0.000016192037963656541064896149
0.000013247713731618813645662946
0.000010575040903558744658560092
0.000008415088073437658905970662
0.000006960526250189973218964780
0.000006340628712692894847669130
0.000006611784382305138798403485
0.000007754033881492940332986856
0.000009673911424269771282898230
0.000012213506345088296064301144
0.000015165136479291380767033329
0.000018290422246137058245613743
0.000021341987647010729099109755
0.000024085624731176127243581150
0.000026320642009272952411072510
0.000027896315810841089752455599
0.000028722849822328902242175169
0.000028775938054198108549414786
0.000028094803036118635785689870
0.000026774321990667057896261943
0.000024952457004937427301454606
0.000022794604897226630144677420
0.000020476654145806432930207105
0.000018168492688169856719235945
0.000016019490949926268422457906
0.000014147142042660140504343677
0.000012629630410832557311563186
0.000011502669604241894251600055
