0.000029251759560660270522792006
0.000029271014902712444330327990
0.000030017746966451610949894874
0.000031514630670505724692291583
0.000033787379571529311704167209
0.000036854859225937994888708249
0.000040715679348196585885487353
0.000045332699384293499429536556
0.000050617468028207301933805995
0.000056417102801726968673221019
0.000062506374943435946190707642
0.000068587664211992724816110978
0.000074300881445300609364629230
0.000079244382921342694232717807
0.000083006377673483820256797316
0.000085204530863512755118130415
0.000085529674113835079578629927
0.000083788095373705316734787296
0.000079936143521633246122361227
0.000074101109551899033817644324
0.000066583638718350124287986835
0.000057839179707450004343672473
0.000048438874090817480308826526
0.000039013367950832333408764385
0.000030185773243269371226508296
0.000022501968698791696747935412
0.000016367314263992793494772310
0.000011998558607667896567031129
0.000009398312918920981396471610
0.000008357107106129334458716369
0.000008484914123863290422947886
0.000009270286860981919742873136
0.000010161093128801755287957814
0.000010656596788386886066478561
0.000010396925970320947888846791
0.000009233712986055162691423348
0.000007265987581070512239280173
0.000004829209892994364330791063
0.000002432977703975343984052265
0.000000653703912302917285844699
0.000000000429653436912196068054
0.000000781857977246214909988384
0.000003007267565055071504242189
0.000006350548850206036929108393
0.000010194428980263289872924826
0.000013752877217139212312740221
0.000016248170956540327209685279
0.000017101250428191510998638877
0.000016085774613379660841596189
0.000013401534312607294130133620
0.000009641628544898974209620413
0.000005655799813459020896591785
0.000002341860127650491093089045
0.000000419295084441869358645187
0.000000246592293990840394033728
0.000001733455100710094585266148
0.000004373178353402036190448500
0.000007386453478792912135102600
0.000009935935615685321804346070
0.000011350825362771720827186409
0.000011298654316590451217837410
0.000009857932030370759478223736
0.000007475029251016761004872743
0.000004822336038970071307751576
0.000002602095986801118346473313
0.000001353477040424854127182732
0.000001316227125808000214394252
0.000002384973479078174015620114
0.000004160542229655999909665540
0.000006077279801140849853390621
0.000007566106098491939119504018
0.000008206657620249717730422437
0.000007828913665401381421723483
0.000006541779792723704266331573
0.000004687433702964702627181536
0.000002739569677546253671367475
0.000001176132544122254119101632
0.000000360360113020433258806285
0.000000458376385266888244545476
0.000001409822765707650001832849
0.000002953839000274093096399175
0.000004699823727152232652676863
0.000006223556845904435583954374
0.000007165742381858165669370527
0.000007311681661995786424984318
0.000006636408432475004842406117
0.000005307509493418718910092910
0.000003646336792229124724063361
0.000002056051099234663973806380
0.000000930995746140227243252277
0.000000565644435488276982062453
0.000001082285603195561666560400
0.000002394249272054656384070646
0.000004215619434229519575066825
0.000006119319979654995075542875
0.000007634420869451419766268940
0.000008362706666750453226200253
0.000008086923947300557114132614
0.000006841568683496620358280935
0.000004923364089097162108951689
0.000002832391134186616185380511
0.000001153306065241638291899947
0.000000404240025832335770917527
0.000000893078652911290594756857
0.000002622238395184774422693287
0.000005272096389426427961164608
0.000008272131029294908679920517
0.000010943452704364978748030265
0.000012674559259727811655273262
0.000013081046228186211905593003
0.000012103693049893711589136761
0.000010017146222350399261714904
0.000007347925729569362880016798
0.000004727290579297724732149143
0.000002723049955835638729923637
0.000001698914561474417792366360
0.000001739407300960903645099917
0.000002656662488719300160041996
0.000004070108139746155757388892
0.000005529323767765069032689186
0.000006640522462590560421474579
0.000007160316830903665714154905
0.000007034424663161691113446358
0.000006378176131002202394414645
0.000005413422358211565664010741
0.000004387299776668161128154264
0.000003499783198552041199331369
0.000002859942055194975670304571
0.000002478782322703490003566957
0.000002294057837565934930676350
0.000002213421573356855475588805
0.000002158942113173663747139859
0.000002098369054852604172553424
0.000002054882972350986388012728
0.000002094833345901917276746761
0.000002299667053176002013244661
0.000002732196329653604918805826
0.000003407957498360841549161051
0.000004280073876194594386269000
0.000005241812304400334132810629
0.000006146205296768703852847669
0.000006837885258470034561195054
0.000007189503573803906782046982
0.000007134226076362959929899350
0.000006686825136907620149601551
0.000005948476733459843254910818
0.000005093894331406139091688451
0.000004343120368153191156613407
0.000003923386054053585012847943
0.000004028334490903469484437884
0.000004782254087609187723781692
0.000006215801255814178080682814
0.000008257333668833571332511430
0.000010740980958159856200532893
0.000013429583404405002523569063
0.000016048201396200216056709895
0.000018322431917275858892111759
0.000020015421314812363741799175
0.000020958163845638247337489074
0.000021069172286040818795754825
0.000020361548963050734358665173
0.000018937501974917116576331566
0.000016972118250259854058776751
0.000014689489548024298323173481
0.000012334967278194301470019105
0.000010147384430977346518034862
0.000008334608219459179164552605
0.000007054921944284115156091446
0.000006405660571514584103263411
0.000006419425889768557992294887
0.000007067242874973035195228319
0.000008267302120529871294453764
0.000009897520507321123380646208
0.000011810044086224837745846897
0.000013845967308137256256573427
0.000015848874798355805772285404
0.000017676237666209827320519185
0.000019208133198829221001489170
0.000020353140305697954288814688
0.000021051553887959026243248059
