0.000002709768357250422928504154
0.000003408054052669080015945929
0.000004086490335787219666842385
0.000004706582746066070109384506
0.000005235051090644515309679638
0.000005645395694471781289185131
0.000005918898122264081955174863
0.000006045060334884751584018196
0.000006021523967700542073755443
0.000005853541916436930887313907
0.000005553096204616839490870658
0.000005137768303830676813086578
0.000004629470497917647031855051
0.000004053140072369590000750036
0.000003435483323999493093672906
0.000002803835490552899000025067
0.000002185178034744254815124496
0.000001605328915104521824905575
0.000001088297265295449065098071
0.000000655773900715304197345050
0.000000326715570298279661991329
0.000000116975628419298436742139
0.000000038937812339132544026785
0.000000101123085003568062368031
0.000000307760860845392185384151
0.000000658342863330941556503561
0.000001147206527755653830260370
0.000001763220319642520893263309
0.000002489660074264539689888011
0.000003304368248245535461308196
0.000004180272990190340251135618
0.000005086309982362829007658533
0.000005988739507514875960280786
0.000006852790678246004750929620
0.000007644504457978089064168828
0.000008332599509001133622596198
0.000008890162433116053272686395
0.000009295975990319211098742921
0.000009535348853193852884223974
0.000009600393956218797198039726
0.000009489806839800939215387975
0.000009208301237380807943537497
0.000008765944079965751943800747
0.000008177675364205667712588776
0.000007463285855209734054175382
0.000006648053706657070058717168
0.000005764118062948510973989708
0.000004852512508158236526057110
0.000003965619567695229529967395
0.000003169666352963163951901929
0.000002546783535010111459718487
0.000002196109307282322027155344
0.000002233440922236897409840608
0.000002789014026102325554594494
0.000004003114352061563434553425
0.000006019386415229995572929046
0.000008975891261603505326101618
0.000012994175293421432015438660
0.000018166841797159812422861325
0.000024544360658664436588291893
0.000032122096797534413015542953
0.000040828759284114934328263624
0.000050517633573208793953956963
0.000060962012694402207440332736
0.000071856143111361341622479737
0.000082822712076758656118448398
0.000093427413892008067297818841
0.000103200463818779527452353106
0.000111664138870256636742323009
0.000118364606362664405046422611
0.000122905568324814268993394606
0.000124980721811467922720273460
0.000124401814954691787313417750
0.000121119233227533860540632571
0.000115232595669791307974559602
0.000106989734392115372796534800
0.000096773575172702058734205965
0.000085077692982324192158202769
0.000072472523079361082331932564
0.000059565208668893196116474881
0.000046956730772392498069779665
0.000035200213411271790168912549
0.000024764105284839063104204010
0.000016003346439669052005952063
0.000009140725875098479807695159
0.000004259550153341478548264971
0.000001307614731151460029292947
0.000000111432069811866032200055
0.000000398830443053945725960258
0.000001827462982257498490409019
0.000004016483211784208280127617
0.000006578637093341436209849131
0.000009150248625234358521973038
0.000011416975738283387573459085
0.000013133721318720022652650620
0.000014137643210210154597929189
0.000014353772452055917012284959
0.000013793290360160358909045672
0.000012545013153225696928352861
0.000010761074529581347947811316
0.000008638169487700300268632689
0.000006396011459299456218628027
0.000004254840639587375040737809
0.000002413884243087879667358361
0.000001032592746989816251174023
0.000000216252352467641572534356
0.000000007208662205388365436148
0.000000382451448419746646086470
0.000001257742077966735962834188
0.000002497862292276468011118255
0.000003931980920189811649695030
0.000005372629695262735074730645
0.000006636401518648085556004255
0.000007564275258515090448745329
0.000008039458107232639750964510
0.000008000831288521510255024732
0.000007450481358950803375293219
0.000006454372100847360324603688
0.000005135915783944730154161450
0.000003662973003917265449379346
0.000002229567159627588935401918
0.000001034253416343439451577954
0.000000257544126947448068196042
0.000000040988412428499623182053
0.000000470385898154663466264985
0.000001565176035199227079470303
0.000003275324089657932245616377
0.000005486107695309326630307353
0.000008030215220456674791505748
0.000010705639484804844899050458
0.000013297124196382446623229852
0.000015598504881562639146509036
0.000017433242473621419398261204
0.000018670778141426083235809505
0.000019236984218397743732868743
0.000019117840457210771290194606
0.000018356389773687628314945836
0.000017043880930338485010051494
0.000015306665287791537352103666
0.000013290799008415703103013795
0.000011146380331884612866931092
0.000009013445023582121188774306
0.000007010815931938732890719729
0.000005228745770165960251142992
0.000003725604668214459796804017
0.000002528334688996011267024967
0.000001635987996680755254653799
0.000001025418985374758613945251
0.000000658118037597533879530932
0.000000487234847453470797137127
0.000000464004796059243607848200
0.000000543018045798283187018641
0.000000686014832067563468863359
0.000000864116832849086982876533
0.000001058589685188561472389303
0.000001260363629041364774468949
0.000001468615982128769509673194
0.000001688746188565395624025340
0.000001930061436781198827203603
0.000002203449933978295230348242
0.000002519261235310219729927050
0.000002885548478673460688143570
0.000003306763864501833602590163
0.000003782941981264441519959042
0.000004309359309016214193690728
0.000004876624314872850439136522
0.000005471131298486755787703097
0.000006075801559852860283389431
0.000006671035528742526315862729
0.000007235806486026419226604330
0.000007748837328710253349070385
0.000008189813388422290598854698
0.000008540593863856834274425438
0.000008786389884482827838962406
0.000008916877386840019558528724
0.000008927207682734280546894660
0.000008818868718556579198736972
0.000008600337449854186412244623
0.000008287451200137416554292180
0.000007903416630201645488407007
