0.000091215538638185364667468336
0.000086365633458763475154354450
0.000081738877900977210955169028
0.000077526096901562053923841200
0.000073934872246308777740848861
0.000071181684615877899302560650
0.000069482479700439943553873234
0.000069041913769682483983415600
0.000070041612433750444145948155
0.000072627869051005482996068163
0.000076899313389747363570690675
0.000082895189291175492337510056
0.000090584980344314122084441177
0.000099860199396160765727796516
0.000110529193196089848107502296
0.000122315789462690001181133237
0.000134862514314146254758991494
0.000147738922604573211325856841
0.000160455309424748431912713387
0.000172481715136040599650746330
0.000183271717469873132158250661
0.000192290052391809224326124639
0.000199042660154638117574882328
0.000203107360101406408470561815
0.000204163064790746244308791701
0.000202015294420067315333405800
0.000196615780176611113731072189
0.000188074169209268221916731001
0.000176660265238249284585128618
0.000162795838381594049765199728
0.000147035777408934106511018136
0.000130039182964014442397612803
0.000112531845465796599562238733
0.000095262344839237253794547722
0.000078954679775684611644712141
0.000064260816852691198691228947
0.000051716790612294745780024713
0.000041705945775923026694331774
0.000034432571691161836184135597
0.000029908537469735620476733035
0.000027954618152600819709716756
0.000028217057064964296724581677
0.000030198613044578705085245127
0.000033301994518939672556331194
0.000036882307878956002949837056
0.000040304080937922006223472077
0.000042997699886107899089164597
0.000044509840567202197541846892
0.000044542767669241110646115994
0.000042978250384274844651984193
0.000039883263496073333089116109
0.000035496496083937336839166793
0.000030196791061048351982772087
0.000024456746036292974829512437
0.000018786549195091512893434141
0.000013674440826223169010182265
0.000009530768392440065790867897
0.000006642314038407257903418555
0.000005142406372762983478893594
0.000005000398370003165605848349
0.000006031634550388315644175660
0.000007926368436061959925537958
0.000010293596571792472545679720
0.000012713808953274340323835040
0.000014793510947385167810202815
0.000016214225873912162007202398
0.000016769569657013917458182606
0.000016385772676288880880498058
0.000015123443961621406693733236
0.000013161066141053447749609956
0.000010763272454196534682778139
0.000008239009750467753850390606
0.000005895937711248786131199452
0.000003997688554976604901778844
0.000002729901281333682483312524
0.000002179390683960379109543283
0.000002328680558587287994815485
0.000003065769147981945322929860
0.000004206771241916225663307928
0.000005527326541880213804278608
0.000006797620867342189802582080
0.000007815656086824521064817910
0.000008434011544834386326177124
0.000008576623649756039474895998
0.000008243833973829590899200064
0.000007505828816316734965142978
0.000006486319119743066909013901
0.000005339635286131135921130694
0.000004225162104137805033456706
0.000003283140828466002205678585
0.000002615349964766824596693919
0.000002273167915892627327439316
0.000002254210466455369157260519
0.000002507347269377038884402391
0.000002944652151372384179682431
0.000003457911838160737547044274
0.000003936823091844847767367590
0.000004285989614011876185052045
0.000004438251581524005860701632
0.000004362642082244704784033985
0.000004066221990854387380396467
0.000003590035902350295069819248
0.000003000302799238211904410975
0.000002376583402369314804733567
0.000001798976083335615429174056
0.000001336364040911779961271042
0.000001037400852009072284103629
0.000000925356280013492891829891
0.000000997254973872155732689607
0.000001227043469816862578577999
0.000001571923676756650776646174
0.000001980577793033079130247858
0.000002401829381716268621880335
0.000002792347250517830644430273
0.000003122273631152199017496597
0.000003378085722812058515644382
0.000003562500379420127477570705
0.000003691720511081913300610764
0.000003790721900884002768178978
0.000003887533819072545420705497
0.000004007546883380916736357071
0.000004168788261572798712196845
0.000004378866715379679318915964
0.000004633958491349774953262878
0.000004919841345093946379169510
0.000005214649985890312483094271
0.000005492773863615615824115574
0.000005729181531867239079395138
0.000005903446778616818025405173
0.000006002860116569274224985683
0.000006024206401496824306958031
0.000005974034709714195643878720
0.000005867495634919477328424360
0.000005726033298004353942669414
0.000005574364410137848482070921
0.000005437238823359689279097161
0.000005336454666463158617091978
0.000005288509617837570642672178
0.000005303131202496434568787256
0.000005382771137494253213670245
0.000005522999201845573784264414
0.000005713613475838160793516401
0.000005940210665614139056627061
0.000006185937804616456871589780
0.000006433171093697721944291556
0.000006664927997759765834946428
0.000006865899522326497688090932
0.000007023074133995106818975380
0.000007125998039342951170869826
0.000007166767486270459040136136
0.000007139871778706192477427679
0.000007042000878133133768394490
0.000006871903886560338684886054
0.000006630342974698676079348472
0.000006320141637422225604203956
0.000005946286305071114253162877
0.000005516013935047929827887748
0.000005038809541653093454125455
0.000004526247191000853540773785
0.000003991632776711957795252785
0.000003449441262975133897227291
0.000002914578054978187341908383
0.000002401526806266703827449265
0.000001923468663664060091249459
0.000001491467210552760669657461
0.000001113808273087018528083579
0.000000795565810963055831784934
0.000000538437746836406203043701
0.000000340863349224938885169341
0.000000198401494807525659261297
0.000000104321113369326334311156
0.000000050334605469328280580982
0.000000027393892941523577626033
0.000000026467491574799697033221
0.000000039224849955550524017592
0.000000058569555976036245237593
0.000000078983724780977723847130
0.000000096669601766369668747361
0.000000109498833453187888580762
0.000000116802838966758286665828
