0.000707466349099315772175344819
0.000706753657848088788842599861
0.000699927528582435887032076050
0.000687027740205095995354445115
0.000668171585264122820137233649
0.000643562845034955071515936353
0.000613501930870584844673887304
0.000578396006411379033120001569
0.000538767668811667831824108177
0.000495260605753553300074909505
0.000448640586351560228910162476
0.000399790213196698053857436328
0.000349696079600106326124714373
0.000299427352744664320577383521
0.000250105342133529926721552394
0.000202864303398334478844428075
0.000158804545554929024469767440
0.000118939813457029038880341520
0.000084141845429401690144126380
0.000055085877039374358046797120
0.000032201573721143718625082447
0.000015634309456271473174476805
0.000005221740808348576216846564
0.000000490138091319492652377739
0.000000673840083435070784632123
0.000004759461961985721354057109
0.000011554156250139561133444960
0.000019774456442058324477520706
0.000028149292063644364755153893
0.000035528031506892163615858593
0.000040982342437374898777135285
0.000043889734821844153132754801
0.000043987278347589488485935155
0.000041386408104802698004493627
0.000036543931651077369464949290
0.000030189977639276257772747367
0.000023219984668940540619092375
0.000016563933095561673703973241
0.000011050735944579470352504107
0.000007287949849249702788302890
0.000005575967977282953732609885
0.000005871369714400629067913972
0.000007806561475260287343708177
0.000010763379391809304864687305
0.000013988614145185719760578098
0.000016731379733315964971392814
0.000018377636656364262294615503
0.000018557168573069672903603361
0.000017203165625696294985941259
0.000014553510241195475577295239
0.000011094179102966668956468943
0.000007456560780180708898840294
0.000004289545920910070723509628
0.000002132038983397546591064221
0.000001311043111018370478421027
0.000001884814222957353976132806
0.000003641022220149321831749855
0.000006148480603968595436777458
0.000008850240835680877682714596
0.000011177922644542401500364869
0.000012663612926264190274797811
0.000013027075438036708095721795
0.000012221877617710470321642398
0.000010432972074506369870253858
0.000008028325175874227170326990
0.000005476291555393988428712508
0.000003246811701909668039961769
0.000001717006201850780198442489
0.000001100017036941766191546405
0.000001410507577520188708710140
0.000002472292512326403270833414
0.000003964794093749952164995945
0.000005497199431071472446139626
0.000006693883768142797016404300
0.000007272892025687855595814969
0.000007101325068327131719513566
0.000006216854063533683750087527
0.000004812091271809484238500612
0.000003186543869330404792544536
0.000001677644399603065702430440
0.000000586449568937720564504724
0.000000114196052166242685484707
0.000000322954957519697222210125
0.000001127885393513894558836785
0.000002321412724270717144083986
0.000003622695458856213403372928
0.000004740541464729791974004255
0.000005435576837278287420257041
0.000005568352364881144143634109
0.000005123829556322107181716690
0.000004208322348493540872955629
0.000003021116695942372294128239
0.000001808256237116779031521055
0.000000809273215478084833143010
0.000000208391153396165834863393
0.000000099972715611287746275439
0.000000474321988372940334845597
0.000001225323606300937909831554
0.000002176870627341386182169915
0.000003121523435943151369439215
0.000003862960963967527687316656
0.000004253736648302336117478950
0.000004221447214610795773250072
0.000003779177451796786748694588
0.000003019354496474600552547579
0.000002093273035495599454774030
0.000001180988250535471088516551
0.000000457653730537649348771533
0.000000062565894213390858248243
0.000000076239067037363804657444
0.000000509030125052322948475724
0.000001302536259492258859435778
0.000002342638305008364619895370
0.000003481074541555700078428832
0.000004561141407756091473494047
0.000005442723132364386004564821
0.000006022372398088277103121203
0.000006245442617265173262442769
0.000006109009905770988990139289
0.000005656141939419828203498234
0.000004963599234511584796353777
0.000004126006732511313380398939
0.000003239771599981199454610249
0.000002389578020113517930914180
0.000001639341668143138062508149
0.000001028328481746593943773845
0.000000572024503140514440218962
0.000000266520626409585085838674
0.000000094776426646633592254000
0.000000033156452763720005223621
0.000000056991604804566094699140
0.000000144448210892576735803268
0.000000278521976142916854740238
0.000000447386207234603605295710
0.000000643552440982675240819448
0.000000862353231011304458969717
0.000001100186316340113146648619
0.000001352839863517570868570042
0.000001614111531074684947043756
0.000001874870392664792748441908
0.000002122685856628043127086389
0.000002342132321738421536712381
0.000002515836837692412821860426
0.000002626246758041704031577191
0.000002657957703203567207853692
0.000002600288113013120841536486
0.000002449661552694505499313789
0.000002211309046599957565856212
0.000001899862152711560130078912
0.000001538575927950205370856734
0.000001157170350783186492854343
0.000000788555087189018559252606
0.000000464940877314165245972987
0.000000213983217970539864313871
0.000000055614674461144119657845
0.000000000096888795734087596498
0.000000047590164161155003570569
0.000000189249848345749963586461
0.000000409577915224596820351001
0.000000689543776969569502955097
0.000001009881039137808658517296
0.000001353981202163310570461634
0.000001709928637676492754778729
0.000002071419139820184811208621
0.000002437530573374189301987230
0.000002811521594045707887212469
0.000003198985550821608920407657
0.000003605760028083166047221898
0.000004035984799798323051096393
0.000004490625111509117594417364
0.000004966656979706114755015057
0.000005456974812897369699038995
0.000005950955521637494972735614
0.000006435517371987141577334684
0.000006896457278162544127719184
0.000007319839098652169571881249
0.000007693232311592011960746547
0.000008006654630020083884562460
0.000008253140726012993006344837
0.000008428929312697072028437092
