0.000005313083074588587327309174
0.000004991105339488869667625461
0.000004679574270499008389651192
0.000004371238465621951572721675
0.000004060407948407227760349511
0.000003743538549549090590487163
0.000003419510783653774631761762
0.000003089616693919743865820839
0.000002757289442224818085136213
0.000002427627971831657802636011
0.000002106782215069324839910869
0.000001801272337351326756528383
0.000001517317656414670436508182
0.000001260246543979944889196957
0.000001034047586504343748571989
0.000000841105002715505056427067
0.000000682139138275513654495735
0.000000556348116508040962190193
0.000000461722597760323327824783
0.000000395485711659156707476067
0.000000354598005283702172846076
0.000000336265154637978734013964
0.000000338394953562092356112874
0.000000359968215002319067099575
0.000000401311840233569059738499
0.000000464285687545203035353654
0.000000552411398728326517692914
0.000000670975036525151939907489
0.000000827122548879327814572409
0.000001029937754832221333961551
0.000001290451402779402099370060
0.000001621486076826048502817898
0.000002037207842329968483503604
0.000002552245108303354304848075
0.000003180259865343024902020926
0.000003931922680353930705458420
0.000004812349132952835406367657
0.000005818190843790244016120374
0.000006934718674484207703303477
0.000008133361777963299727345521
0.000009370243632877952582736943
0.000010586257137727409473261682
0.000011709125834679381150432893
0.000012657701796230354113485979
0.000013348464608842235053524569
0.000013703840752201007274681949
0.000013661605283596263326543856
0.000013184315465206648728671221
0.000012267518302185788600677276
0.000010945422378223552243334087
0.000009292862261347101186900917
0.000007422718115854459581507037
0.000005478459962261913139547342
0.000003622110382859504431419867
0.000002018581182444999942346680
0.000000817943591839840665352911
0.000000137642321763481414544815
0.000000046880132397618450495130
0.000000555329534692118337826830
0.000001607959139872280253532287
0.000003087125357387776794081558
0.000004822248494006313904278356
0.000006606470905719955979777929
0.000008218805991242719206522557
0.000009449551766618557524859967
0.000010126263321415549461352798
0.000010137421376929959333963727
0.000009451121129170389056212143
0.000008126610406208385450053423
0.000006317259770530357003513050
0.000004264449006988407286434292
0.000002282788611096657747809259
0.000000737948072112910082087699
0.000000019040420358859833523644
0.000000507951244284777034722486
0.000002548174079563486662923380
0.000006415633605992254910664434
0.000012293684944355823447387915
0.000020254032925139075474365441
0.000030244788155505422872285082
0.000042086330855292114071393439
0.000055475138447146955539973634
0.000069995279273523587659257272
0.000085136893598296981130676975
0.000100320669694128699299395802
0.000114927064005119556255526958
0.000128328795858782395301195267
0.000139924960793047725932450320
0.000149174954728788341975359577
0.000155630298338396846164963239
0.000158962421106527429254945405
0.000158984536377614695023055558
0.000155665938442934806027959094
0.000149137397251794182181580672
0.000139686816926250798390207741
0.000127744942955202800752290138
0.000113861611797796274947458528
0.000098673780144215174738378527
0.000082867281469651911970757119
0.000067134862020634884002129317
0.000052133477739193268018537408
0.000038444030636968073576416327
0.000026536650171526004235011270
0.000016744270022764013366523353
0.000009246629720471342427415805
0.000004065989140101326004069111
0.000001074853257110031514392047
0.000000014955993304632368165398
0.000000525748007586692688539209
0.000002179776944924178676423572
0.000004521732018260588143972797
0.000007107617768775208375833970
0.000009540562930158142502211349
0.000011500160571193468927921749
0.000012762936994254449083277016
0.000013212485062532649409978297
0.000012838870380120578245427415
0.000011728007362592845569610259
0.000010042685960879667750756533
0.000007997700719641632813154165
0.000005832010295989595362342074
0.000003780992178969265403264263
0.000002051650372765357111296512
0.000000803120858723086665596075
0.000000134074115266615670803387
0.000000077734807716714746818665
0.000000604337209409745687411987
0.000001630019980063754384005622
0.000003030528516618206714722684
0.000004657702690079154925857294
0.000006356613053408883203822775
0.000007981362848414590708190017
0.000009407954864210153243602418
0.000010543162430148836816896918
0.000011328957072866256783967749
0.000011742642668523316655027934
0.000011793347986677753014327433
0.000011515877926948596337111165
0.000010963088385895942977743545
0.000010197931272148034418387544
0.000009286143469661658033493211
0.000008290275925190511129296740
0.000007265436040719966367441591
0.000006256806415542217175956418
0.000005298752514580795560782817
0.000004415169541742688690455412
0.000003620652331615016538513907
0.000002922090177149605701325099
0.000002320366469935465801783560
0.000001811950097006903639691288
0.000001390272426101460551342982
0.000001046868472127128494184793
0.000000772312054095047470878715
0.000000556991743423093099165343
0.000000391764917139811103909862
0.000000268503612916531499760686
0.000000180520963558877503922880
0.000000122850707126285745467151
0.000000092349762080564757917633
0.000000087605170113494054338787
0.000000108647870686774088085056
0.000000156500665152797631941525
0.000000232610115113669078581716
0.000000338227250884039666561215
0.000000473807466622213990303043
0.000000638495933873653998872851
0.000000829753267300114752623690
0.000001043160021378222606207591
0.000001272420942670349111079469
0.000001509573137866840158961227
0.000001745387781585835182052353
0.000001969942951694868594233849
0.000002173335120101556216967546
0.000002346487853438638324906967
0.000002482007584772905387469899
0.000002575027546933396521315141
0.000002623972417479499412190820
0.000002631168937454784037050697
0.000002603223372355860553486193
0.000002551087234962491247919607
