0.000018849670105033719958841781
0.000018801983555225757464455724
0.000019156232963025631116458364
0.000019805444975712707417897507
0.000020647192569717049716575968
0.000021588299613664394666339569
0.000022548539797423721060820601
0.000023463394911399685586333996
0.000024285946890989518616140244
0.000024987972658084510175872939
0.000025560294930756584141961010
0.000026012420101215988463456974
0.000026371470371826777041954909
0.000026680396229477405713875759
0.000026995441965557719944668325
0.000027382836336986484532252106
0.000027914697246538863848342588
0.000028664177007209029157501490
0.000029699934832164262728249060
0.000031080104208308534266373691
0.000032846019641434261778639714
0.000035016070754278858119783874
0.000037580148936923980849782179
0.000040495226915048191241967845
0.000043682647790298974603724613
0.000047027681558950887416754860
0.000050381821911982596889217900
0.000053568138831334909609992179
0.000056389776332760316443146187
0.000058641402714670255616295769
0.000060123105632508118617921000
0.000060655907137288389866999760
0.000060097790511531143831276680
0.000058358918303642003111431080
0.000055414612680755164506388177
0.000051314690038604005451611245
0.000046187904512520001811676229
0.000040240557788746798817923478
0.000033748758250645068406010918
0.000027044329680601300722100205
0.000020494935868627020531364605
0.000014479552836355844306834295
0.000009360932988895080301494991
0.000005457115952616047140414073
0.000003014306542216277051525345
0.000002183528605572256134608865
0.000003003353781526896700275909
0.000005390688812851824166275886
0.000009141089739197541394954624
0.000013939375657828650639075661
0.000019380473101291087879675945
0.000024999484823263908148029827
0.000030309011684526824289935554
0.000034840848755498526477698829
0.000038188427158494666171281023
0.000040045890374921910414163922
0.000040239582950243909359976102
0.000038748075394849647269061160
0.000035707695605337289750970398
0.000031401868009138402101834003
0.000026234285822005213635208995
0.000020687889446411871250753114
0.000015273556801232122677024899
0.000010474048892095899284965937
0.000006689814566596977379962091
0.000004193508795019141665129988
0.000003099383538616942508663521
0.000003352071085945657324809592
0.000004736854692666979883190845
0.000006910616596213465872514808
0.000009449685809024567349377263
0.000011908242278626009885960507
0.000013879204510569324388042159
0.000015048959093244189418980654
0.000015238031772341834651162372
0.000014421786877298621752587111
0.000012728197833150327631735257
0.000010413204778380911417210233
0.000007817612931007728241795778
0.000005312326434423184342496597
0.000003240486038718467006597684
0.000001865487691584083108822367
0.000001332832554638428112619422
0.000001651467299685648024479799
0.000002697098350366538394538851
0.000004236431747234738103891939
0.000005967982393069252831539415
0.000007572548439956910886297105
0.000008765059804373863860862265
0.000009339486419818450747810067
0.000009199805819391028132033482
0.000008372436871038968709190717
0.000006998631013904397358106960
0.000005308559524962389104449888
0.000003581718679817837037852087
0.000002100341469689112979300034
0.000001103446561551267375605101
0.000000748853539347871202289889
0.000001089031601332845662090908
0.000002064293001872671150145454
0.000003513993558014732733170774
0.000005203528368346383765506366
0.000006862469904025832845946217
0.000008227563920794945709997689
0.000009083712144508954104281558
0.000009296591103788241745127172
0.000008832065961402085885298581
0.000007759783132444048576819261
0.000006240885238476610046194377
0.000004502264130964532698822318
0.000002801758933159869432142795
0.000001389916215586059636884642
0.000000474198700473806401582894
0.000000190859418551389420768801
0.000000588247278860003472612675
0.000001623356355567747296927712
0.000003171321530286942141246311
0.000005045648655299047965106136
0.000007025542710539120417245675
0.000008885952857911768828277216
0.000010425949118931601643212558
0.000011491711525630664950700481
0.000011991572356698983214430554
0.000011901963871452318614353738
0.000011264531277064175615663759
0.000010175849915291069276625929
0.000008771982494317783320483817
0.000007210460218345158452395334
0.000005652191618268150881789283
0.000004245384885468528817593567
0.000003112944321381478259951883
0.000002344108458605018808574086
0.000001990456357755709472149132
0.000002065901477429963401172882
0.000002549956791278085367651778
0.000003393387953731958240640278
0.000004525343033429102059818881
0.000005861114916218108433158384
0.000007309814460435828335077568
0.000008781377603277223370240902
0.000010192479756910386855424389
0.000011471078756519425775363408
0.000012559451652406475170267904
0.000013415729020418554518520420
0.000014014057662499061806052336
0.000014343628660452926700322185
0.000014406880777340348124149899
0.000014217219265499912828174152
0.000013796573431502127951510557
0.000013173057535166041262953557
0.000012378911830033356266788508
0.000011448802487392608872554707
0.000010418470683967695253444204
0.000009323658597633349229424037
0.000008199212485356930014317525
0.000007078270526886145198386998
0.000005991477644234528967615364
0.000004966217570222159784481403
0.000004025898998448696046198892
0.000003189364941415091562554535
0.000002470504805895098532960569
0.000001878135855916335919443263
0.000001416189215568940214029026
0.000001084193915559011023536182
0.000000878010716621513616510610
0.000000790734490873299196584398
0.000000813665789967518120336890
0.000000937250983995658930677695
0.000001151904367466611389564141
0.000001448650428258748616271862
0.000001819554166074843284137217
0.000002257936056820857876687369
0.000002758391315530403215103197
0.000003316647739409683784026720
0.000003929301919703072590197949
0.000004593471120226563099268619
0.000005306390031996655042045071
0.000006064970961052614686188043
0.000006865335864424377710778409
0.000007702321683663778133146355
