0.000086987525051720538445815256
0.000075495676417291327528306943
0.000066187846409462315882404893
0.000059073125337539841384158074
0.000054156758550934834908242854
0.000051441409299854958740282757
0.000050927730176084487804469975
0.000052613977932012894953017756
0.000056494316209296802371205015
0.000062555422590532608340119225
0.000070771072702004915542378649
0.000081094529291712163805022628
0.000093448820350146771318913808
0.000107715333144696190923253476
0.000123721547519005099606548281
0.000141229130644042742996277506
0.000159923950860621217999468779
0.000179409768046880627916442319
0.000199207354727982466954111507
0.000218760547250155482773559257
0.000237450203567062076859955910
0.000254616280602111251865626862
0.000269587314638216528437514308
0.000281715610946150368538304365
0.000290415570498263244519909776
0.000295201952672291133457360690
0.000295724617433740775453154814
0.000291796476182346465992611950
0.000283411996416360026547487383
0.000270754556169730824406738368
0.000254192064280782934783398108
0.000234261351435659774143302481
0.000211642708361099680458919381
0.000187126480651119786544761547
0.000161573806177958055564289341
0.000135873493887961891216087373
0.000110896868953027944327410781
0.000087452348980200425554963617
0.000066241714587719568258991631
0.000047820514707401712891504664
0.000032565660438184850997145325
0.000020653726838169688946687114
0.000012053451536114879099953132
0.000006535100810534393603020223
0.000003697658975683683621807612
0.000003012346818647104104016291
0.000003878230505526208629239401
0.000005683279339476519544788451
0.000007862832840853914279891264
0.000009947534838461968809911889
0.000011594526412307303768565309
0.000012598769652444307746400227
0.000012885119976895276694070502
0.000012485276066640433906707736
0.000011506144323006488902443045
0.000010096877801268694195948109
0.000008420773784623686981053170
0.000006635733984684571480248613
0.000004883894200483777020072376
0.000003288257092829126800883309
0.000001952518169128216745538719
0.000000960185092517914332856631
0.000000370471471412596257300625
0.000000210745549698818888998859
0.000000467693328237325744177781
0.000001080963189139312236966583
0.000001943303142177675172573527
0.000002909936328334869754376566
0.000003817488762028146880652020
0.000004509908752444136003257203
0.000004866378687860659152050486
0.000004824983502343000110897629
0.000004396292588445294913994214
0.000003662997185700089006703652
0.000002764840248807763308826202
0.000001871492291964200351916774
0.000001148893354590998554595619
0.000000726178574409900548348811
0.000000670248000330265565044189
0.000000973364413181094846017299
0.000001556290609781851810137251
0.000002286099785741581981543969
0.000003004683945481676614217221
0.000003561819164518463353671972
0.000003845850268541505102392730
0.000003805737322078649031303638
0.000003460151484976188644400799
0.000002892061743205727409130766
0.000002230227829604640380075590
0.000001621613062136727016106642
0.000001200464534676621009272757
0.000001060374319036187744296298
0.000001234958513666734143882694
0.000001691023528599460884049650
0.000002335577247427986980523587
0.000003035265238419819047222849
0.000003644298897547261328048367
0.000004035183587987051511162748
0.000004125911713044648157109814
0.000003897916349835036734232559
0.000003400897336382616208214774
0.000002743299750631530613622939
0.000002070216983391581193482082
0.000001533184691235396641449218
0.000001258140271287953448360987
0.000001318325679065695262383914
0.000001717962681853560338822028
0.000002390302223216623091450435
0.000003210609926764968184047851
0.000004021458671261585858947973
0.000004665061853785654428854960
0.000005015882370611667809973122
0.000005006719157731829473068508
0.000004642898015207144603690766
0.000004001740967494309163862004
0.000003217580215180490256195525
0.000002455538551507444112770480
0.000001879495380294234825623891
0.000001620668807920604144294247
0.000001752920454087377015461608
0.000002279371891033431899733185
0.000003132586997723623668338439
0.000004187934109781449856172841
0.000005287321689061637296246695
0.000006268735283722987504590515
0.000006996160765698736863909147
0.000007384634182803403234054453
0.000007416205505300890024936687
0.000007144296873386598041425800
0.000006685950245005409847058424
0.000006203449525879683264153325
0.000005878456798220729066556303
0.000005882884097944646135469951
0.000006351095749339411811423654
0.000007357680116616434324141108
0.000008904034443733365686594536
0.000010915557961316321502749475
0.000013249596208806552357197320
0.000015712694830429224223528051
0.000018084450359235894708513984
0.000020144467959747794062958307
0.000021698734958314501902786400
0.000022602072457107623496821644
0.000022774121495979864581143265
0.000022207380050276361043879933
0.000020966937151157104003143181
0.000019182574630776827071757668
0.000017034698765139090649708628
0.000014736059902582208789483323
0.000012511414920758430856912412
0.000010577226940193295488768996
0.000009123244709619239141656748
0.000008297429589247491205561066
0.000008195260007745923044875092
0.000008853985006166798876845597
0.000010251949678179554941055696
0.000012312697806130383526047878
0.000014913190719248913869042147
0.000017895187506660708133630205
0.000021078631631216477215935712
0.000024275800227136454278228234
0.000027305003084008580500939914
0.000030002763013608603015567461
0.000032233647447457356143701857
0.000033897219521748039817912040
0.000034931895137071529932291936
0.000035315789968389846005623195
0.000035064883382575682104279058
0.000034228992879235342703531098
0.000032886135516214728556801117
0.000031135858089328907370111482
0.000029092062654090105613350487
0.000026875761656946981208605313
0.000024608092261979962601763094
0.000022403824248012652541571510
0.000020365525742388811494560513
0.000018578513620976239292207494
0.000017106709687253257909768725
0.000015989541067950276066918225
0.000015240049064501735609803920
