0.000002051032386628156976198303
0.000001162655258172782452751525
0.000000540280287396484687740367
0.000000189800019378409462797843
0.000000104646599567893185075385
0.000000266852769493188556442225
0.000000648180315055424703355347
0.000001211335874842462206486793
0.000001911331210499103733262876
0.000002697065354684966193878071
0.000003513207539328111781795974
0.000004302442073606479117705171
0.000005008100844603861278800123
0.000005577159303193590239860079
0.000005963512911975648640326361
0.000006131389471801824992823905
0.000006058695104503141948466306
0.000005740043697745953650839364
0.000005189185466120004893006076
0.000004440532438328900585896002
0.000003549478753188727378226758
0.000002591233861923463032577754
0.000001657931575465281675858115
0.000000853855025099946079159799
0.000000288737113534080941157817
0.000000069267406321483001777622
0.000000289163308252493175094859
0.000001018437270826901464945593
0.000002292786504548184956030037
0.000004104301194047393738686524
0.000006394868970302695962545838
0.000009053678125322548855065559
0.000011920029353054171437345174
0.000014792222424481778406926864
0.000017442600590818021539943686
0.000019637975337409878037742139
0.000021163732730444672236903153
0.000021849092481890743967787305
0.000021590415579646892477129125
0.000020369277850682651658442354
0.000018262333206850802253288710
0.000015440791564364884783707582
0.000012158554664675496722789881
0.000008729530193137812011457306
0.000005496166638421861683292541
0.000002792584257818595635700868
0.000000906607925806760957910613
0.000000045379761396432906115762
0.000000308971459399478676285543
0.000001675551697055609308035780
0.000004000306640250606555315148
0.000007028646041346609661833438
0.000010422479444178851139941010
0.000013796749047619150712533191
0.000016762163486039403231808720
0.000018969341299160331269736332
0.000020149422432313575620325963
0.000020146639068487626065195525
0.000018939276544384345984418927
0.000016646764041599318917005745
0.000013522139032614307910750394
0.000009930644848025805177015382
0.000006316579485817647492617525
0.000003161586483071679451944480
0.000000938287478994113207163383
0.000000063477476708408977141947
0.000000855060792332897020280136
0.000003496552158296647454287709
0.000008012368846925559256479631
0.000014256355283873107259325595
0.000021915053493016646102373862
0.000030526184433474940502304534
0.000039511651045983428988481873
0.000048223135396513854282647682
0.000055997088781243417219494335
0.000062214697282693455786424519
0.000066361386801203355143181917
0.000068079790406426043264387360
0.000067210028315865442093135496
0.000063811809593894571693978301
0.000058164341154145034673214609
0.000050742289723414248688981160
0.000042168902671066576409199256
0.000033150518805542057883262164
0.000024399634150706293054047813
0.000016555917700284070713002971
0.000010115620191927291278899056
0.000005379343812443046939422969
0.000002426030298794079142452344
0.000001117455807379561590238215
0.000001132966632162213663421232
0.000002029366452307264444520881
0.000003316618418851622847510650
0.000004537172136109031863172945
0.000005335888274252777974354482
0.000005508991662241210140928821
0.000005024086866221307155126827
0.000004008434720049156051776412
0.000002708486275891690922307687
0.000001429000455820451207671930
0.000000463876691782464111442981
0.000000032325164210558791117210
0.000000232830601264893365387058
0.000001023730553904992887352568
0.000002233826770441480793328139
0.000003600358015358603395311698
0.000004826122715644731589815231
0.000005643688731690984652998155
0.000005873261696995827118108775
0.000005462184471686536381331446
0.000004497911927696391866024744
0.000003191833716553757101117234
0.000001837344105852173988988833
0.000000750825765255900879682207
0.000000207636757546053514364394
0.000000386079932070575412188170
0.000001330546158202854384463524
0.000002940977416780399100314659
0.000004990379071807711667066194
0.000007166476962664226281105560
0.000009128933564621995091353801
0.000010570741904525453324931866
0.000011272010976292594651220966
0.000011136324484134499393180907
0.000010203680080500582050316918
0.000008638818092208372826181807
0.000006698489683425782562509881
0.000004684933903936999367758742
0.000002894851122555657377060593
0.000001573206316874917768479413
0.000000879436348320092300903542
0.000000870601908036136238534688
0.000001502463154400208642896527
0.000002646143439119985271701374
0.000004115608823050481850677577
0.000005699996970065526760381748
0.000007194929768331469316085085
0.000008428111678965093293640874
0.000009276334929289662811074946
0.000009673003202123515127728963
0.000009607021131913687857391271
0.000009115090696134318573986069
0.000008269996770967866803279250
0.000007167406203963322027514823
0.000005913216598916759694044495
0.000004612790822929639906557851
0.000003362705770320610415888675
0.000002245076021736498591240255
0.000001324154825808323212121115
0.000000644764904370081942097648
0.000000232118934572196948678299
0.000000092682000998880685015745
0.000000215838113492367854238084
0.000000576203609788134140969322
0.000001136462729464588518730984
0.000001850589617043842891866076
0.000002667286178419489159287150
0.000003533430644378170256585722
0.000004397317069628700252428583
0.000005211481508471263126734338
0.000005934955864986830566471313
0.000006534856531529220966371743
0.000006987288422034388407524767
0.000007277612034141872754248494
0.000007400170981525006666220182
0.000007357604369118857085799341
0.000007159872309275350162364668
0.000006823108277761996139738551
0.000006368386201017049193370476
0.000005820461223420086047347470
0.000005206517988682994500196800
0.000004554943546062585141504311
0.000003894135287421158662587994
0.000003251356528471821674469364
0.000002651660391814903668442332
0.000002116912551061740559795073
0.000001664951345693175922211540
0.000001308926983909008465083797
0.000001056858711098490064274574
0.000000911440170075509276944670
