0.000089029981768999597621476461
0.000084164063758887671350128468
0.000079485122371340412154340493
0.000075184732348968879829878564
0.000071472278782011550548117218
0.000068567935038867536897029542
0.000066693983490565957408281739
0.000066064650602238962954181056
0.000066874719934600741961562564
0.000069287295916887526887190107
0.000073421213366506239998351968
0.000079338713951002774195896128
0.000087034128575148812572911949
0.000096424398472587903520698849
0.000107342320390360634625032121
0.000119533395692013384606182391
0.000132657084886591137944111818
0.000146293108133609952789533359
0.000159953185637849335746368817
0.000173098285011621998239622622
0.000185161050563046355836582801
0.000195572656351496187727284637
0.000203792883206514626988695160
0.000209341808117506384279843390
0.000211831153571614543571280387
0.000210993114567586758463166308
0.000206704397092852948641245048
0.000199003289867790827136553866
0.000188097865121932775883673017
0.000174363863710229040305740855
0.000158331449053116305163840805
0.000140660781487318459377633406
0.000122107223042244899180105988
0.000103477872718950233152726548
0.000085581984014165146537958528
0.000069178553089087625456270192
0.000054924909351866638856400071
0.000043330416565923831793364501
0.000034719340219332616370110506
0.000029206514643188465340248663
0.000026688639420665442641891069
0.000026852874338107614570749990
0.000029202953396328487525694662
0.000033101412784140724554146629
0.000037824875735760935349140388
0.000042627836867808561939919426
0.000046809227294463522648423209
0.000049775392822460917143217313
0.000051093113947339797759235325
0.000050527006353853891080108590
0.000048057048170301871559476070
0.000043873975901250345790435836
0.000038352675637925003212201636
0.000032006199141421511154131929
0.000025425344964735001362151484
0.000019210553376733722591137091
0.000013903907428541245828090486
0.000009929136766985194296163131
0.000007546632127311477790333662
0.000006828679326619060080763319
0.000007657625875744891903729172
0.000009746820697297408107396058
0.000012681300119169268669208281
0.000015972721374343864256467942
0.000019121308423896687662783822
0.000021676812784540616581849606
0.000023290804860225412515999099
0.000023753945911361656710952123
0.000023014048243384879906779650
0.000021173397015195020314827501
0.000018466599322982391582527451
0.000015222753156398134366197351
0.000011817647000144250102522149
0.000008622764491209596496410113
0.000005957962681008222154978825
0.000004053845187058556828036109
0.000003028224208182231738819114
0.000002878923242749239507528962
0.000003492840883055470078158390
0.000004669010599967557807819102
0.000006151647955256983123608402
0.000007668091177562224872925160
0.000008966223112051359631362486
0.000009846406282923731776552355
0.000010184055141898791155665241
0.000009940513812748698850574325
0.000009161657452773606325683968
0.000007965333562966911171523456
0.000006520175641183687458924192
0.000005019282316411744588810495
0.000003652664785763932489266823
0.000002582212962384446480263367
0.000001922284389887302393607827
0.000001728010625891837725011477
0.000001992213180979393827253407
0.000002650606366153353292473794
0.000003593903601337486567102912
0.000004684665968206533332536187
0.000005776314720860526290301985
0.000006731693603195759527651337
0.000007438878466413607529585453
0.000007822513262081928520378857
0.000007849696977645339088366580
0.000007530238743384563078649141
0.000006911827994026952749133212
0.000006071243987371877955236052
0.000005103095696622639473578973
0.000004107715772963771564991065
0.000003179741731285893203279302
0.000002398643112823030471773660
0.000001822054221414770169303445
0.000001482316489813813132906859
0.000001386189817668221299176733
0.000001517315367329459830164563
0.000001840743644289982299620660
0.000002308701422383768913547614
0.000002866759004882951977674068
0.000003459657472456471547108238
0.000004036233031158675173548540
0.000004553094568796441644052166
0.000004976932861872304420143565
0.000005285532694659830890747745
0.000005467699268560952296960431
0.000005522386526408169392290265
0.000005457328438914037769830873
0.000005287436338676503907844668
0.000005033154506025764493820206
0.000004718883678092065832039136
0.000004371507760375522502608366
0.000004019007519952925446514447
0.000003689123880574353330023254
0.000003408042137409603625745761
0.000003199099537269835805868359
0.000003081560167463569581902064
0.000003069539333056898020469106
0.000003171182538394366886777553
0.000003388203976858258716672694
0.000003715863964492316309925438
0.000004143417894024301280418796
0.000004655009826572767247718481
0.000005230923448597790648920830
0.000005849053784669541107316300
0.000006486434540859645896408638
0.000007120653841047586333590051
0.000007731015767455013700231586
0.000008299351726246163987255403
0.000008810445369751275130633904
0.000009252096567298203710991850
0.000009614902702694411908298198
0.000009891870504215864490270629
0.000010077983530942471622135481
0.000010169838713432881010102597
0.000010165433730739583715967610
0.000010064142676479360648538093
0.000009866869466823886413060773
0.000009576325874366190717547169
0.000009197351405833634614391328
0.000008737180068379857091390682
0.000008205565484848259866679406
0.000007614698516447543657928530
0.000006978885533783536116207106
0.000006313994190378206477587235
0.000005636710188959613652276426
0.000004963677234606184012508188
0.000004310609135809600513111750
0.000003691466155281983497387158
0.000003117777855807933334880309
0.000002598174386911494278235664
0.000002138161235577053698766721
0.000001740143236978217812705632
0.000001403676202594870464954819
0.000001125902180080857722385213
0.000000902109296574071137074383
0.000000726350318925527309737468
0.000000592055336644185911838811
0.000000492582302850060474822566
0.000000421662940953127055844442
0.000000373718834267174195675122
0.000000344041395198789666352726
0.000000328847979647817743948166
