0.000000289885699556328883172418
0.000000196525862417426093018167
0.000000130387805086922650104866
0.000000092901479020705505025301
0.000000083932915091309196091167
0.000000100437932549401591040026
0.000000136309575154612154344411
0.000000183423036643329450113936
0.000000233594608300285675910924
0.000000280959960825650192480711
0.000000324181851119512245599326
0.000000367930886975702093586615
0.000000423230497825283961787205
0.000000506481620475043466338258
0.000000637233888568208882777211
0.000000834997563077304991303298
0.000001115554413012042347480525
0.000001487306658887188180495935
0.000001948204488442967330743584
0.000002483736620625900913674833
0.000003066383380503061593979133
0.000003656836235694948732349949
0.000004207176064808557031441099
0.000004666040706856214729581801
0.000004985551039120907304709983
0.000005129368859010456809031757
0.000005080748528584702791417813
0.000004848924515600982957221152
0.000004471847754290491977133271
0.000004013395661032347991477830
0.000003553946535723147927737830
0.000003174687340753016624755227
0.000002938016510322282099417629
0.000002868422651092526107468716
0.000002939565181145374140377763
0.000003073236164362373788147857
0.000003153979395541190213490042
0.000003059429908929239986728607
0.000002701608131868283792134233
0.000002069725849408938952696604
0.000001262075732348283230941635
0.000000494626726552801400026377
0.000000077693006223734397473617
0.000000359118801964279506489078
0.000001641388043738996863383324
0.000004088713852112109237255545
0.000007646073216871971907956235
0.000011993390888647486596679283
0.000016553767364999480665548048
0.000020565268750543629761159611
0.000023213109987280730069471660
0.000023805683712103466751017905
0.000021966655266880604499904472
0.000017808665171798463474489571
0.000012053512082277619577052631
0.000006069294068182935121698839
0.000001805968461727327280139056
0.000001625370867929821971030989
0.000008037653793546098790283837
0.000023371049384083340350135721
0.000049413801150777157396125350
0.000087074520831149692995029610
0.000136109165307282437180902424
0.000194958912582779457988921279
0.000260733559793250517077484174
0.000329360233964986711709121980
0.000395898220750418971657785816
0.000454999130009067082047735653
0.000501469598014941757811724354
0.000530874075652261879880444706
0.000540101251088991800124172737
0.000527812660164719339196681691
0.000494698813761890350548799944
0.000443488059354361723561621655
0.000378685506521142870028917571
0.000306060071382027384934154668
0.000231940774871102048295540277
0.000162420783921370586811230852
0.000102590949413344686676555217
0.000055927113456717384321493364
0.000023934242770612289876721798
0.000006107527187376082645586632
0.000000213249339923144460691182
0.000002831876529378969984491674
0.000010055538352405643133372949
0.000018203470094129179735267798
0.000024419230310660927911903945
0.000027043011192768230975319241
0.000025704525207871784713096336
0.000021144491437321605618133644
0.000014830771711481054503573886
0.000008475068338944225418397048
0.000003568947424556196050500012
0.000001042025581428138393381522
0.000001106065855883189186670713
0.000003297728578993441645643512
0.000006683468854513956229580415
0.000010154828772364788642469137
0.000012728800043735969402865921
0.000013777349454664783890301544
0.000013137734593580051585645814
0.000011091710337307975834785639
0.000008236576648490741286859698
0.000005295344019597978634493213
0.000002922109290022140141480792
0.000001551868295513527695015537
0.000001325505205631335781235451
0.000002097184729402177164156625
0.000003509766194613348229262330
0.000005109462841486286005564590
0.000006466260630789637938126233
0.000007271035988177750740326776
0.000007390993762985392468648892
0.000006878025272239189639902467
0.000005936135833973177832693230
0.000004861703487370226263561586
0.000003973133612768785396076113
0.000003545073264202444846080603
0.000003758263074315977771589371
0.000004671065055718422878521488
0.000006214076972647892367282441
0.000008205737074601970721895484
0.000010384518837162890251245295
0.000012451929028250220313862526
0.000014119732458200730184044551
0.000015154515874255598234629679
0.000015413011881657834447690095
0.000014862793227638026210993098
0.000013585162176789373700215753
0.000011760115345064351991487793
0.000009636587846003600256656642
0.000007493943954259529556874431
0.000005602090671987417485743355
0.000004187206765639579532638660
0.000003408028102477787888157116
0.000003344591696330708422031913
0.000003998316746071926524176525
0.000005300236436582569059380518
0.000007123619932357252831618775
0.000009298065607923400839401017
0.000011623785574075623915220844
0.000013886358557604577446836260
0.000015872945062280280960906667
0.000017390514495550636153535506
0.000018285262305859658851130492
0.000018460762196390379706817733
0.000017891303273600160569098763
0.000016626895324221818001347167
0.000014787730151249943005278484
0.000012548111169717380519966592
0.000010112310760503439755635981
0.000007686715223048498017276858
0.000005453403531047850961955767
0.000003549792068484224075099361
0.000002057383569112748125418426
0.000001000498245948570047702533
0.000000353752196439008308955800
0.000000055501359584974016642469
0.000000023779521915393073485375
0.000000171447835830564295490740
0.000000418137118856181417797486
0.000000697770373351464155711418
0.000000961651257071560035488787
0.000001178017834626818026883552
0.000001329439098947375522791984
0.000001409460000942865801130781
0.000001419576244568579273901934
0.000001367105840047316122210907
0.000001263996857929764160640720
0.000001126214478501734582059027
0.000000973167977479954535697626
0.000000826680895409201093015352
0.000000709224480490886078821078
0.000000641436380079714008560759
0.000000639235603519274643406507
0.000000711041540834978895073784
0.000000855665993151092368890339
0.000001061370528861946381995606
0.000001306398783614323592992910
0.000001561055281603576684465928
