0.000003230610523073282947567175
0.000002989814253976582062355318
0.000002783757040069205500093432
0.000002605317333967981998385597
0.000002448949578175063101923232
0.000002310861200660320250284624
0.000002188953179039355494232008
0.000002082568965198364260968302
0.000001992105142648572885054727
0.000001918540749878050277841147
0.000001862941737076978650924724
0.000001825993147223190628955438
0.000001807604585047730593383095
0.000001806624470213994856262053
0.000001820685738325914698041070
0.000001846190792434183640258606
0.000001878427999067493398607093
0.000001911797870483282015717985
0.000001940116657220162955374077
0.000001956960695581214846022321
0.000001956018174186587019934775
0.000001931426451615239172948831
0.000001878091469579777468570611
0.000001792008105381843324765967
0.000001670621705842269026510006
0.000001513285515709722398099038
0.000001321869849848793715868566
0.000001101561056542755357372894
0.000000861848189975361244454845
0.000000617633154664248119493212
0.000000390321184479149674371578
0.000000208663899720494403241644
0.000000109053461564442912207994
0.000000134924264227693258348629
0.000000334930085449819056263955
0.000000759648314366687790521798
0.000001456728830552584958156785
0.000002464649387969230774392444
0.000003805540072844775940479880
0.000005477855542047063247502667
0.000007449948057866133297952056
0.000009655760826959181736001830
0.000011993856763231993452917257
0.000014330776616286314880527319
0.000016509267819347435868760493
0.000018361268885943759414467596
0.000019724747563523477441541770
0.000020462689848794287565767608
0.000020481864505985206712044416
0.000019748591783516665168094970
0.000018298750212044738856732515
0.000016239734611135307588720283
0.000013743029817341375899098985
0.000011027399009873240759535724
0.000008334228853736668074102430
0.000005898086127370035324879276
0.000003916750520015028485675164
0.000002525637793375637291646597
0.000001781420840144201856290892
0.000001658704266829068132754667
0.000002061859055717147990057208
0.000002851772430358047708036590
0.000003884640089502130542021933
0.000005057439170313658479837156
0.000006352814110192280840343909
0.000007875181096852889794869730
0.000009870186605993583591552205
0.000012721336736681316804909933
0.000016920524747713950642919595
0.000023012983972469515896305467
0.000031521359329347132345253146
0.000042857488319872900201477905
0.000057233461050699773820307770
0.000074585028154771433779590684
0.000094520075233661961472235447
0.000116302577526569602675218795
0.000138878385449926202658416097
0.000160943857374492075001243263
0.000181052468095477161590806103
0.000197748927060771768383917735
0.000209715888619942136296414592
0.000215915744101598001004199689
0.000215709718170179593453583689
0.000208938681596319245515475105
0.000195954505572725124666957908
0.000177596845617875660934548154
0.000155117123947647175341915671
0.000130058211416228986130605438
0.000104103939863417591267513718
0.000078916308235847220774877853
0.000055979567238666086501780450
0.000036469121176606922080272455
0.000021159592913782482098087462
0.000010381016372779899549971469
0.000004025753085733104925394120
0.000001602293402409348671905560
0.000002326490858270127024080018
0.000005236722058970884785718269
0.000009317434440720086775912685
0.000013615692279721313331518513
0.000017337487165110139215439683
0.000019914297105815050725622153
0.000021035023327737979790923173
0.000020643289991581690559670215
0.000018904476179846466387139345
0.000016150208670783353304611571
0.000012810024964654261473762965
0.000009340397007990872921831885
0.000006160390174679060025161870
0.000003601207151050888607751385
0.000001874141581335268282975911
0.000001058498056408900335646902
0.000001108255131501135626884624
0.000001874005159378548499257461
0.000003135225832045314745926941
0.000004637313718031159429338716
0.000006128000304337324801850356
0.000007388631550092083669989754
0.000008257108983515770408078902
0.000008640821083467652670494046
0.000008519404016995505405816444
0.000007938466101292439029073027
0.000006996355680852158980920046
0.000005826581068904465780344641
0.000004578603960160962996737716
0.000003399480139066965020866375
0.000002418308082076132258805097
0.000001734781111955205070248491
0.000001412436081874922074662045
0.000001476549109268477171598216
0.000001916117555421147752219100
0.000002689026002069490676983036
0.000003729329660019950630944936
0.000004955582609288528594710006
0.000006279254012583260750489031
0.000007612468340231031934447342
0.000008874531758196676513826551
0.000009996929623238856878176227
0.000010926674235938039602810540
0.000011628034592802783528582046
0.000012082788569429350094327352
0.000012289208107909770859847085
0.000012260028770770089643314671
0.000012019675938638075898021000
0.000011601028071239222696120659
0.000011041996205165875317706463
0.000010382187956717037349103558
0.000009659901063556115862526047
0.000008909652849620145818160775
0.000008160396539538072684365905
0.000007434504983265206549275256
0.000006747522891374471900466109
0.000006108609257753627516250756
0.000005521523026469309487979445
0.000004985957308671642839858085
0.000004499007582084435858033912
0.000004056569546302542918572460
0.000003654499534813493107266889
0.000003289426806470823100753435
0.000002959171983046959600294722
0.000002662788191923433822518724
0.000002400291766560016371414091
0.000002172181819100911210842662
0.000001978860988478198124903640
0.000001820065340278686970447767
0.000001694394475326468945240873
0.000001599009055458749638877294
0.000001529537244563994272415547
0.000001480207417509642934164257
0.000001444203344869588940456656
0.000001414219682842191497178599
0.000001383178864712439130982584
0.000001345054335090283222819063
0.000001295729265169145600906757
0.000001233805471187094745551390
0.000001161266487178297560515301
0.000001083894652780353230335942
0.000001011347773976186977556882
0.000000956818798883007807858873
0.000000936233044935976638495757
