0.000003543668135353756300687418
0.000004352940437996241517155677
0.000005163250072183798861633931
0.000005890166857142588999261650
0.000006475765569222565362877790
0.000006889224303351240637259892
0.000007124369449450390667007843
0.000007195013697939560035846812
0.000007129006139588070609276749
0.000006961907899211809228078897
0.000006731143084810374874584274
0.000006471354628294086181296632
0.000006211506761042149222043236
0.000005974010058295194961158845
0.000005775807096194096060747750
0.000005630980669550333432235058
0.000005554096461258818200306796
0.000005563252462892717127129327
0.000005681760993284765514483269
0.000005937588609999953088015683
0.000006360122226115814225266398
0.000006974446721023692415510412
0.000007793981234238428495606985
0.000008812868316684674294082466
0.000009999794035446305071231088
0.000011294845041629736874392101
0.000012610572822987083809842361
0.000013837719296956837422541385
0.000014855215176392335156216329
0.000015543276010824703378459741
0.000015797855132454780729446553
0.000015544475623682324190791282
0.000014749586208704442720886577
0.000013428025935612728143132844
0.000011645840823171245409636473
0.000009518440188372417396877982
0.000007204764275170241061415841
0.000004898608515613957076748931
0.000002818373683769756778377640
0.000001196181541340366782626560
0.000000266492636239100810306284
0.000000253217287291521204321864
0.000001353161086441911167583142
0.000003713043320013428311577707
0.000007397936285624064387889467
0.000012351354248956995687640237
0.000018351508923929448239761864
0.000024973848113613965067191652
0.000031575426319249130574159934
0.000037319716213874855174383038
0.000041258770967924630315628448
0.000042481476687529925409959192
0.000040321882407012221369042165
0.000034602399604112873000415912
0.000025867411683976603584220882
0.000015549337810500929435691270
0.000006007131838015128989522861
0.000000390227265996363214038369
0.000002309119668182061506660121
0.000015332871240555175936350410
0.000042375868266298242158750254
0.000085071265105142535923633818
0.000143247400112361963041285318
0.000214619869301112958792643326
0.000294784552932616876995408628
0.000377549712095718735440502689
0.000455586774747584132526367906
0.000521320631412262132028945238
0.000567932364637502426138460088
0.000590319545424414790849021450
0.000585857172786532869046549621
0.000554827284619510176233436738
0.000500434089800153654621628352
0.000428387080517903234139209800
0.000346106808111335982267031675
0.000261674785388500696914348964
0.000182697976849945960394969169
0.000115278986160754690331459171
0.000063268858300490540412693019
0.000027930103287028393608355456
0.000008060314823181745976388851
0.000000535957542459446201967997
0.000001150735997332887419831505
0.000005563332409085089427466277
0.000010150646795825568583664968
0.000012591258775368534828507407
0.000012074046137235253984849176
0.000009121748208609717836346971
0.000005114341159326951552249914
0.000001667143012859608903669987
0.000000044814699000560095191895
0.000000768352217024977218197933
0.000003505764451011311562335544
0.000007248711758104219179087158
0.000010693471419369396109132903
0.000012689803315388330185939370
0.000012610727964945288374605872
0.000010531005610357803097660266
0.000007169319407238303300331905
0.000003626388975247718646812952
0.000001013921323366868284084541
0.000000098612942345969375504378
0.000001073943406742539482674986
0.000003526062829584689216642695
0.000006595192618890158026828674
0.000009272054759471134573688665
0.000010729211953604281951156312
0.000010581054369295164057935416
0.000008993606596059191890112257
0.000006615966727233490516225760
0.000004362023262935960197118207
0.000003116166680957645455528251
0.000003456715732958083812633105
0.000005480893326406275164628876
0.000008780081425672462710043178
0.000012565953804200940120651062
0.000015902481240726035481613046
0.000017969634419433549044758935
0.000018279885121445672965714152
0.000016788221545395262164360531
0.000013872587334123019642273533
0.000010201913800022842550166771
0.000006540310911535051404275959
0.000003549437128076637274051632
0.000001644105571635379369274535
0.000000933255525043015350516583
0.000001248788723592271351296289
0.000002238857488569929313020589
0.000003487806908347664622412846
0.000004624878850952224813657641
0.000005395398757706899482092938
0.000005685307202508988967312991
0.000005505664201097695636087648
0.000004953219989565661148043629
0.000004164814520875742778912264
0.000003278968928840674073964387
0.000002411045577611204922453434
0.000001642142369974146946722416
0.000001018348059458750724763231
0.000000556209111357471600928975
0.000000251117447032853911424217
0.000000086469627810374978865233
0.000000042087410528995153838338
0.000000100540772481835254761126
0.000000250178718757220974334407
0.000000484305946866291444117365
0.000000797071328506230011436509
0.000001177828926413809344751218
0.000001606397269435568195137176
0.000002051389586210805412227207
0.000002472666301242448888374334
0.000002827427685172000813493536
0.000003078141353481987361112365
0.000003199879692659634615133947
0.000003184896619574712604583975
0.000003043227118149695121970258
0.000002799351202524553583613712
0.000002486090349836975110575177
0.000002137574021111335040095606
0.000001783188407179692864967693
0.000001443948171791253490346251
0.000001131903564761597738813452
0.000000852270689702783400775159
0.000000607214715105150034673447
0.000000399825487341600117392098
0.000000236892668938502383326454
0.000000129569785590969092881427
0.000000091749701772656213342015
0.000000136724618887535620025613
0.000000273242561060052732814583
0.000000502246985742092774060170
0.000000815365443631367520902387
0.000001195688953116979163086614
0.000001620731525920489240376798
0.000002066875504308178259336732
0.000002514248140683301194583292
0.000002950911335121136005337807
0.000003375461798059532687345512
0.000003797543980866611625514095
0.000004236249192902029022441551
