0.000012677277503913356442467181
0.000013636936916664544266293221
0.000014560018880079558651588663
0.000015438184285347402422989421
0.000016264943014253309736373912
0.000017037000060545182914418377
0.000017756551917079039528378492
0.000018433877785194748130572634
0.000019089540802800951315321837
0.000019755601130187951396154425
0.000020475414583121999574904376
0.000021301784992575870276987349
0.000022293384476783684086101042
0.000023509412177720307693569446
0.000025002452257174275163315383
0.000026809513194334806641342533
0.000028941422850787272325100499
0.000031371233789451619415264427
0.000034023072915116431974569267
0.000036763796458638760169916615
0.000039400564930989509613169092
0.000041687613611153345966140599
0.000043344682340890465532291798
0.000044087615074430488168802378
0.000043668738656724764217280377
0.000041921405307097610922623110
0.000038800513208147461902044334
0.000034409993088629385669767469
0.000029009971156601513722628205
0.000023000673558149092065398811
0.000016886181827394348509228245
0.000011226956205030229433159197
0.000006593234414099622446245059
0.000003530112007674361811361682
0.000002539000440446169171203675
0.000004071104100709539934507732
0.000008520295650247567903283995
0.000016199548430603060561721457
0.000027289677265760715007235360
0.000041761148617930200061497403
0.000059285162080758495133092634
0.000079162809923878396959825987
0.000100304945859777810425982059
0.000121287518101281026837966193
0.000140489083513561778017442183
0.000156294454788003417703909359
0.000167328058053225320854495717
0.000172668724345225626289751508
0.000171997624389125594590588264
0.000165643002509825368459214778
0.000154506853763524207171289881
0.000139885565547008387278504760
0.000123223282958826639782792811
0.000105856641556971133510609007
0.000088815562967650384649555273
0.000072732076826448978151481994
0.000057877835541740256096888279
0.000044308729881474849315523001
0.000032055992368713303870657316
0.000021283525087358074357347243
0.000012341820657441222863770491
0.000005689144885919353003729277
0.000001706681800161524046067769
0.000000483398961032372901555881
0.000001666512845656662248055441
0.000004453675197827645999468747
0.000007749376291645092190208712
0.000010441890156236036956457873
0.000011706084922604988808646567
0.000011223490979465890760306997
0.000009240433337128465027905319
0.000006445628215112822383754849
0.000003715304108303278348736376
0.000001819716132047452257746974
0.000001192734846208158363298039
0.000001835406928663344504337740
0.000003370120162989804807503191
0.000005207509113656232880239759
0.000006754439240988769630792427
0.000007588470346046485234283146
0.000007548637692592162388787683
0.000006730391579895812748622619
0.000005407269343767789790107872
0.000003920951014004565289376974
0.000002581118460930065250380494
0.000001601792685691143836463355
0.000001080919306683773743282904
0.000001013824853317994998590191
0.000001323678673837578533115144
0.000001893297853090496457568017
0.000002589201309634343087771619
0.000003276526513979086894503764
0.000003829035236416047777966050
0.000004140380734972336209071073
0.000004140910906346951462619205
0.000003819341671138714429877773
0.000003242361833871045070259217
0.000002560324090080125723192708
0.000001986891642031487126198591
0.000001747257436893653170925308
0.000002002929084236515277833365
0.000002776568277248806435855612
0.000003910168085472823546887462
0.000005086148137540378132820905
0.000005920678508787264908636624
0.000006106895899223093632549823
0.000005555824574842758624838423
0.000004470851777825116528147960
0.000003308360891883905207083022
0.000002620862265302506794139832
0.000002833401326162738527209180
0.000004043971007050272378541191
0.000005941637206493065152552308
0.000007894655442661435246166565
0.000009188903021936326386931264
0.000009325614454472428644705474
0.000008251320576476229223328654
0.000006412900786057821152707711
0.000004601881250373790874415043
0.000003644235077440351950922755
0.000004062656367336153377190291
0.000005853730194734948898843425
0.000008474290560685186096158417
0.000011041433342375958008389769
0.000012660658074163105434213616
0.000012747151096132437156534245
0.000011216431840012661629675181
0.000008483236476252089831298284
0.000005289318282126864729901245
0.000002443859395817727509756011
0.000000579630665608332908276450
0.000000002647762920204854324099
0.000000662455508497102753608131
0.000002221893147646303165253885
0.000004179681525272037954205854
0.000006000775999452623142181237
0.000007227592709424406463018971
0.000007563656667960711267107484
0.000006928707269509110260106814
0.000005480554819483567080941680
0.000003592863495124303115871994
0.000001780025680060496242332812
0.000000574587231427847167313080
0.000000383878266893688081312701
0.000001368705929967039233073828
0.000003387132799575739529123700
0.000006027252646626298112058490
0.000008721435581620838145252075
0.000010904467434292948652997668
0.000012162723282980315273093044
0.000012327287220192022714577648
0.000011487233431622325839551596
0.000009929139015382681978630526
0.000008032665539012925524312708
0.000006161333048492658305377023
0.000004581369899619174366871017
0.000003425242196768119132569905
0.000002698514405358253993996243
0.000002316096168818644019066037
0.000002149718024179022624503858
0.000002071474128054481316565114
0.000001984833299118586540365225
0.000001840898150333448799592911
0.000001641694910563575120402801
0.000001433672119050984087443366
0.000001294428389451189262155523
0.000001315249623454879176009491
0.000001582012977036876229995849
0.000002157338516089681344041137
0.000003067013096391911656038182
0.000004293183498797299298371626
0.000005775511426416716238960072
0.000007419734021893955120817866
0.000009111451151605055398616934
0.000010731983682159378361720831
0.000012173063488756410667956595
0.000013347843031113273981353579
0.000014196923417507848028291939
0.000014689386653464811121087494
0.000014819841742746005616064922
