0.000001836735660193529135820242
0.000001509460740184207010479282
0.000001240146244412024385163763
0.000001021185214990648022621270
0.000000849974927400729394009863
0.000000727994678366490852194394
0.000000660069268859951521997975
0.000000653840660604053495182726
0.000000719358032650825876747665
0.000000868627419892371839387770
0.000001114934909139483256370500
0.000001471769416613866854727857
0.000001951221352537555489515750
0.000002561822130647758490875569
0.000003305915056974482988424828
0.000004176803898974897577783903
0.000005156096001684557482164922
0.000006211816056966004845894033
0.000007297977590299318221981131
0.000008356316687155614363622172
0.000009320769016231801603971328
0.000010124967527655202100163312
0.000010712537765250930985646421
0.000011049293943938754731940236
0.000011135670825531139953843730
0.000011017006153887600231576493
0.000010788813149038157238783844
0.000010594174569424068428884905
0.000010611043848000439984756785
0.000011028653578551910491452846
0.000012014341985806264876063612
0.000013674640116247822096474419
0.000016016936610287825547629947
0.000018919834108636211691522461
0.000022120803793082950493937774
0.000025228467183453011867498572
0.000027763654018392440209640065
0.000029228612910242624553600749
0.000029198149046961002344444461
0.000027421119722955792925422197
0.000023916814937119410200633621
0.000019049268041984678651815793
0.000013563999035014087066490160
0.000008575995176204020593066328
0.000005504183641211040816699791
0.000005955126559851759656435532
0.000011565903046771684200113087
0.000023822018175005927020622745
0.000043869941768706811500641574
0.000072345219302929331247828393
0.000109236086918352705656988511
0.000153799480698240824448966291
0.000204541673039781979597656614
0.000259269922837506892280418080
0.000315214921633748018821308268
0.000369216935321661765805750788
0.000417961953034862404403326774
0.000458248511281547502623640034
0.000487261800539685982665283337
0.000502829679933162066590712769
0.000503635568985719107512610826
0.000489365820850017909336704403
0.000460773869118421912881300440
0.000419649866547156370853027818
0.000368692421792844358084673129
0.000311288154190891451153500036
0.000251214795580637756909625491
0.000192293811243623313398873331
0.000138027789856857529930678208
0.000091264398097724340279922328
0.000053930438271282892881766657
0.000026874674023554916542323376
0.000009845771264433342669303642
0.000001612738438794287701739407
0.000000212349549493246499722360
0.000003285519608674207000652712
0.000008447525479989591773227406
0.000013629791824496893584413131
0.000017336218364005820223453305
0.000018774335679227571824917442
0.000017847465736914200985828785
0.000015022664218601713335922085
0.000011113760287185391631382611
0.000007033444269024252077445077
0.000003569819750938197375558780
0.000001231369048577350503185981
0.000000183512990858327417259739
0.000000275799593690285345246515
0.000001137676301286319194625138
0.000002307894207118636932817056
0.000003360261679255135902827985
0.000003995940111098350330906710
0.000004086351033061141480170423
0.000003666295427089903635699177
0.000002889562420855857216171660
0.000001966170873489849767776043
0.000001100701345360462505353375
0.000000446261596015422292455795
0.000000081082325757444190243111
0.000000007352630255423796961846
0.000000166722194524951175001687
0.000000464726596605095555052084
0.000000796853586528830545019676
0.000001070966115981675401702959
0.000001223140090527993264414466
0.000001225860011399783331857228
0.000001088714261180195047319088
0.000000852453088511615806372628
0.000000577855446317527093802924
0.000000331475008600637995827325
0.000000170902097057678693790793
0.000000132400387072496830645366
0.000000223397952817401442750385
0.000000421302110365018814776739
0.000000678722817083547763224410
0.000000933856618705945355569302
0.000001123883404798775034221154
0.000001198912143960989131965958
0.000001134156835557900043636738
0.000000938359603844360328871036
0.000000656799728264869185550352
0.000000367561941372484581968242
0.000000170341032637019823374052
0.000000168231515853730815431656
0.000000444754330473822706001679
0.000001040436071101042036959449
0.000001934800946756808616785886
0.000003039764080906854894171751
0.000004208553769567979785121842
0.000005260573642047525296427859
0.000006017993325683442140834872
0.000006345832484931387235897043
0.000006185381152541804121208942
0.000005571861924809968813791447
0.000004631143445940830364443951
0.000003555889897422879296617080
0.000002567000868661601257954838
0.000001869839470618149507270085
0.000001615527628309424192302036
0.000001875488848887257983723970
0.000002633364687466496168398965
0.000003793862255438715831571458
0.000005204395008194711896767209
0.000006683424989264549723904686
0.000008049348043218723446979093
0.000009145113613731391827440208
0.000009855760448904955000541499
0.000010117947074523182200201689
0.000009921918867042010050120646
0.000009307092642808957542858474
0.000008352722384475385779050924
0.000007165187792011179349939420
0.000005863503447928886153528872
0.000004564722628840618391882558
0.000003370927966561466592284235
0.000002359341125578263470883396
0.000001576668951021893474713324
0.000001038152870185366804693184
0.000000731016747482450004484906
0.000000621286787941358977851189
0.000000662453324348030690851353
0.000000804270516775130709681693
0.000001000172332623485048287877
0.000001212259661254958947049568
0.000001413455568960764136153996
0.000001587075111442516105330507
0.000001724565115013273381526092
0.000001822435761947783421175334
0.000001879394312637049529898748
0.000001894436804851150495695826
0.000001866247090187746498249040
0.000001793813697350959747862367
0.000001677819157682256012606133
0.000001522165826827960654292872
0.000001335008352896907668602884
0.000001128843976723860339866044
0.000000919504346442430544538934
0.000000724212114802869910057316
0.000000559130000439255144468510
0.000000436978055202048140363570
