0.000014727368017390009692461905
0.000021070247036001240302244969
0.000027930450044876564029893914
0.000035076640564895317122955098
0.000042406048594483295929857825
0.000049930648628825331054262998
0.000057764022198166500236381909
0.000066108646752751653078404581
0.000075242389892445893351778652
0.000085502137470625969809662204
0.000097261856394037922131715068
0.000110902195844302637966170832
0.000126769240132401612508941668
0.000145121496655942048724027837
0.000166066731427639408241042629
0.000189493657641042964612232424
0.000215007174733801317790746199
0.000241878951197070846861406079
0.000269026604015717930775547506
0.000295033669415360809244741613
0.000318218591050295181513196674
0.000336754400140776126177516447
0.000348832687478524069990548639
0.000352857412361740389004916008
0.000347647634958408308092359107
0.000332624528907026037645444649
0.000307957422492386974702260893
0.000274645819595133904630207544
0.000234518728772994445880978320
0.000190138748740420183936869480
0.000144606381120440983341010610
0.000101270666227299901843497687
0.000063366098817710351403555136
0.000033612458458658517638714680
0.000013831285079981556825502037
0.000004645578856328937196354216
0.000005331768623636297640467664
0.000013879418924935731780218907
0.000027282002076349736694209011
0.000042034338015115847405397259
0.000054758505745362133791589304
0.000062834860705913620393565922
0.000064894337642321442741720483
0.000061044438585110822443301204
0.000052756613668432504225206531
0.000042426885580627679464115615
0.000032712624957265335401065953
0.000025818406441197154510287098
0.000022927882930923237979423807
0.000023943999929425814323031077
0.000027612574242611912764310336
0.000031988826417582118992813389
0.000035099146867157118476719668
0.000035587238365751585581105154
0.000033137775631603870940197765
0.000028542778917179391611879530
0.000023393502077691858580862222
0.000019504921978308824943512678
0.000018268905056575984345232366
0.000020155391760466219577352734
0.000024530366075387411356001702
0.000029852091113998383627332889
0.000034179521092915154879994521
0.000035822057104036299462861137
0.000033912918480681000386791485
0.000028714513786411524111363835
0.000021553826520402102483349449
0.000014408467776317743431254564
0.000009278732329269523821909174
0.000007550107960674454225704754
0.000009552280461250936224350261
0.000014455316979060849343183444
0.000020533777256677491996825213
0.000025711376845906603694300735
0.000028210732087461428806846042
0.000027102288617468106200151384
0.000022582165972267432218177630
0.000015897318500479659523268866
0.000008948509206902222756904383
0.000003700970098749772777078221
0.000001588413381117540276862496
0.000003092355459178683429398134
0.000007619026588671992440704190
0.000013701375810786248102355472
0.000019454654967626338582693812
0.000023141225951245304390258006
0.000023674167111127508185538723
0.000020914978596684111601493317
0.000015687308362922802772512765
0.000009513970658573771605370957
0.000004162804763799933467681783
0.000001136583639321089751479232
0.000001251619339727610795759611
0.000004419297630599348932032167
0.000009685314699618394510775149
0.000015510094249400851302254922
0.000020209435327748725389103435
0.000022432669650475266990945211
0.000021546256192165911072002038
0.000017815902980149838621872632
0.000012334097587199928603091462
0.000006709444526158495566178601
0.000002601828872447444237602909
0.000001234531796699473594951875
0.000003026189472138457552650732
0.000007455713071309099388285328
0.000013207646378359159619088337
0.000018561460130030730435526931
0.000021911227246125045256324934
0.000022257366248569158799237161
0.000019516358233757654489729655
0.000014548744038495847172081862
0.000008894267160530273968370787
0.000004297025425731843148674603
0.000002171199964461584610859318
0.000003176014086703969315286789
0.000007030847130226232502081887
0.000012621330900280627561869419
0.000018352942677757542842701191
0.000022632459791752200918644317
0.000024324362324122334122694991
0.000023047285694721814753660807
0.000019235029067052538222833830
0.000013964171381207687725389474
0.000008619023844089580163011118
0.000004503703342613491797223352
0.000002512530876499882278511493
0.000002939289157728833221951657
0.000005457874037421002931470739
0.000009258584807995022533731559
0.000013288786352830756550425645
0.000016529856750366418764947377
0.000018243407700190964512276109
0.000018134043708001918620339316
0.000016397973558861642957981339
0.000013652192655580911774017283
0.000010764279730686738271094524
0.000008624581620425440304416112
0.000007916440364257932137278216
0.000008941851533523582554576284
0.000011547152163811701895126602
0.000015167640957046533102732001
0.000018977788241083070030481780
0.000022104509376470850366257909
0.000023844349992691523418102129
0.000023826934166533267534958049
0.000022085866214706404515779464
0.000019027488376998410985309687
0.000015317138338499790316867694
0.000011722244194255303551574325
0.000008956540461850214245205504
0.000007560608362084261702856011
0.000007836450863758017841608286
0.000009835521325958047902872534
0.000013386855009035999170669516
0.000018147508749475267403761941
0.000023660310783491620583753046
0.000029410314128479377320142529
0.000034877266979800258480705344
0.000039584239539948978391526585
0.000043141920955781985183748184
0.000045285558425953784513016270
0.000045899329831936592908377820
0.000045022883842445802062091215
0.000042837321202402203702743616
0.000039632168498122155348047102
0.000035759277786847419697453809
0.000031582465723188458766278186
0.000027432158989646376672996708
0.000023572360705377788452855731
0.000020183714019169334284763487
0.000017362512189123864439835310
0.000015132297490731030882105471
0.000013462888589407273235787690
0.000012291423738122098202846071
0.000011541002017637672796379449
0.000011134199561914118431320275
0.000011000561258871973874316590
0.000011078684833102984649052386
0.000011314489768151545195495195
