0.000004525705284804880177546276
0.000003267902081347621803683818
0.000002164500001914312446471035
0.000001269609178729417903414099
0.000000613255483037643943789851
0.000000201475320416741737309687
0.000000018128530797158991007956
0.000000028160364851475964872178
0.000000182057423093012925630310
0.000000421258770572023570542651
0.000000684283613620870399571841
0.000000913308480429518928507104
0.000001060865874223894271259519
0.000001096248801671234730868276
0.000001011107137732092161062697
0.000000823636423588835841309505
0.000000580716510068421489042907
0.000000357386192844621182865587
0.000000253165385084407122172150
0.000000384972089938914733424130
0.000000876724388678083081408664
0.000001846144080769769582733831
0.000003389743064565829723386791
0.000005567412020011943406835962
0.000008388368506450477444678568
0.000011800384069806608557475815
0.000015684138131357054711349786
0.000019854209737861891238485182
0.000024067624790698502441161841
0.000028040076094706825431124297
0.000031469012982454127853957498
0.000034061866257628947197728247
0.000035566848130433293372065773
0.000035803148962993628767054188
0.000034687022126848830456784245
0.000032250256775737999267485157
0.000028647914998837848739180259
0.000024152969444178974190492321
0.000019136624154717565691368256
0.000014034619867740906942591740
0.000009301657422155196921326713
0.000005358084857429752346179557
0.000002534944753815879601158883
0.000001025015003370905385896711
0.000000848166994648376197899907
0.000001838784756628071806092671
0.000003660842836191455830643178
0.000005852504351497628134017633
0.000007897124130777772151252095
0.000009312080325887641245341010
0.000009741989525794234077620340
0.000009039787467550462784268012
0.000007318921820458523801080763
0.000004963081977695551395986760
0.000002586355782388385601990423
0.000000945530689030473421414981
0.000000815832930107480018565075
0.000002849723315482612253203912
0.000007443502418839306370530393
0.000014637020228729717935371724
0.000024067261107063723558647378
0.000034987618134035556910661768
0.000046352939757581024563751898
0.000056958264077420500009520110
0.000065609045844825956755527741
0.000071294705602824485850786684
0.000073336676236610427162196379
0.000071486831166541544039724765
0.000065961170960834885788545701
0.000057405008118162632988097649
0.000046797342671564103933935785
0.000035311534460107445144386867
0.000024155211481684315399801402
0.000014413917581993511524379552
0.000006920494848623790646853591
0.000002166538028126500363710954
0.000000264796514651683852187265
0.000000963565497335628827030004
0.000003707125971000591995721182
0.000007730996444407304673271733
0.000012177534288818146323424285
0.000016216270633755462492577373
0.000019154017572831204144299250
0.000020521871726040407822241884
0.000020129375168602818579367819
0.000018079965284949317647252010
0.000014746192259155109868405328
0.000010707765071158284440086365
0.000006660012918442510587496361
0.000003304425648566565878550081
0.000001236055934383974367875509
0.000000844149140537125881685499
0.000002241869420749771658343211
0.000005238049476506690855267916
0.000009358484545968370844275068
0.000013916863806496336639258182
0.000018126942460107388008228035
0.000021239402934616351297436240
0.000022680664967364564711411329
0.000022168227168837101564557307
0.000019779041250138994071684773
0.000015954213039245875071017733
0.000011434248634243445488485949
0.000007132350402577241062587222
0.000003966369295329629591963932
0.000002680094133741854506991368
0.000003689093911085846796705503
0.000006983781659259760879042856
0.000012112642361020842631316730
0.000018253199429208799911550365
0.000024360257006269900737892992
0.000029364086684661685382538576
0.000032379390706826676534380721
0.000032882035704807885986671045
0.000030816002300565314552405899
0.000026606927713078120365831902
0.000021078191184478063115951413
0.000015286414735915409326407963
0.000010310760029046184664829229
0.000007040404602039031208623055
0.000006004686340772537539792197
0.000007280555315097490969608422
0.000010494495973723301512773101
0.000014915138694615791791191900
0.000019613318375298509826714852
0.000023652853695084628333133656
0.000026270728850864828409676990
0.000027010300763371937980954901
0.000025783915504877230595853072
0.000022858374693902245059721340
0.000018773713342238022866058020
0.000014218755469675363361831306
0.000009893268450154881995563250
0.000006385509429422271654962218
0.000004086714236210552649085186
0.000003153171840521587286865169
0.000003515057022539648688892223
0.000004921930891526567962380653
0.000007009528811601820279632898
0.000009371598342569420760322756
0.000011623387073324856167896857
0.000013448394474402420196035984
0.000014625459902585259539713539
0.000015037727086926063908563049
0.000014667696267766868362418184
0.000013583344351827578806377050
0.000011919615227648959005163701
0.000009858192757297075414259224
0.000007607089191715834157545961
0.000005380697232739582705940591
0.000003380719769703757446207811
0.000001778665368989576691454118
0.000000701062192588417710972619
0.000000218856808099911298741750
0.000000342390011634631571816375
0.000001022814368846811872580302
0.000002159944820201957871948131
0.000003615538337234069922422001
0.000005230139049288780423124616
0.000006841112347849142511836164
0.000008299433772889923104239783
0.000009483183646822333754430705
0.000010306410268301178332771458
0.000010722885018261763608472120
0.000010725093694774849031273872
0.000010339437215428517839732603
0.000009618964257168007269674023
0.000008635015208109705610534448
0.000007468971203813841769803168
0.000006204964118906473860754792
0.000004924014912069901905497787
0.000003699716904863444882814016
0.000002595325607265710621664265
0.000001661979963995679164455942
0.000000937751910989601704312117
0.000000447271067763320641554335
0.000000201759972262684166198162
0.000000199406354208616531401577
0.000000426067282875624905118229
0.000000856334192306291565860009
