0.000000553386357439224515258262
0.000000254747128219730179179455
0.000000074356799992240196655918
0.000000011435401594711210775629
0.000000061338158967736949272372
0.000000215973527200069397490997
0.000000464161397604269791230278
0.000000791934202281903967533577
0.000001182809171049268781778820
0.000001618077835196342424665277
0.000002077167546351759233342477
0.000002538128491059139002673653
0.000002978288395927870248566403
0.000003375096694139661927699632
0.000003707152248335112334213159
0.000003955376757931779157096818
0.000004104263645586629581890441
0.000004143104092500901618103658
0.000004067072672478215704188441
0.000003878048841882452058742528
0.000003585060153065077509813375
0.000003204259198199001473610081
0.000002758387154535815167073981
0.000002275727950290500998934470
0.000001788611793213150354321011
0.000001331576985644250650465872
0.000000939336346541140523489725
0.000000644712313571264357938892
0.000000476698919599994752418245
0.000000458779374471071221034638
0.000000607579574570136534997461
0.000000931879497327024788799125
0.000001431948329227140018741907
0.000002099128837253129701878899
0.000002915584227920494996233415
0.000003854144880848908530661303
0.000004878254670907954571208720
0.000005942110340514178709419007
0.000006991196335657956579721049
0.000007963516598335994606965883
0.000008791882545652411189715872
0.000009407599585672134212804146
0.000009745774585312136259170404
0.000009752228307043999837094503
0.000009391646147236644705485857
0.000008656172353575355811147220
0.000007573213823812685371720567
0.000006210864513283486286422588
0.000004679201989105023125618994
0.000003125851671986592347394444
0.000001724739079594101463164786
0.000000657873698232421785835403
0.000000091264333316850838250940
0.000000147494849751539292936385
0.000000878845195458994023536981
0.000002245825486848473403713638
0.000004106299752817844109448533
0.000006219775552272337587860884
0.000008269824148705015099455190
0.000009905056313391874355097841
0.000010795900182441673758855852
0.000010701084383802794656602615
0.000009534817281196094129812162
0.000007423787106887759558470664
0.000004742803230509281738351470
0.000002119454812975610618068674
0.000000401575641786232912531439
0.000000586230144823912410707639
0.000003714720703371716613013041
0.000010743883906353528278395520
0.000022408734880951284662662509
0.000039094459649465925182680592
0.000060736215731917385883802812
0.000086762921374140835836276386
0.000116096369591032835019532576
0.000147210196144892098511075540
0.000178245403206018864471216201
0.000207171430451649177424677806
0.000231975323196634752517808487
0.000250857349118694945670771101
0.000262410104569546736956453525
0.000265759935392482777704453722
0.000260654115922335724315345162
0.000247484003709759297056497429
0.000227242331110492733333913740
0.000201420778186190704102040416
0.000171860898726164748346462163
0.000140576447552415460589755880
0.000109567614149609372222946013
0.000080647429930703806093099384
0.000055297901997353723425095845
0.000034568783164947117117309083
0.000019026084420962323937639299
0.000008751325027828741072292475
0.000003386900511083084165696918
0.000002218471382883527543247075
0.000004282342809023283481946291
0.000008484564364790208844673176
0.000013718834983225112772887294
0.000018971969194081325811845201
0.000023408271414093467387065178
0.000026427244339146198744616365
0.000027692225663184646603084613
0.000027130482357747327809430540
0.000024907771107020071398377437
0.000021382273399232147158971484
0.000017044091555629791833858383
0.000012447160299479237795727479
0.000008140529678745175230542182
0.000004605562319902463421753165
0.000002204716081366694151519444
0.000001146310540451124717492310
0.000001468072981238175398033372
0.000003040421008125543531812416
0.000005588491486269123305027137
0.000008730030017359067639592246
0.000012024597462396825975567208
0.000015028321626215373436126661
0.000017347792712974094647779971
0.000018686787341156068460636813
0.000018880343875005024931092862
0.000017912238714380660669668599
0.000015913963900291122188085380
0.000013145628386184334939748228
0.000009961490776436827425583710
0.000006764762523900583760178354
0.000003957620912262241894344350
0.000001892852436057644358562016
0.000000833143782844001114297494
0.000000922820060359866507159702
0.000002174994558132719355665000
0.000004474930241130280480035299
0.000007598252202794846183516592
0.000011240810060440566063816141
0.000015055719999298170769090090
0.000018692561846740240999844088
0.000021833887343899617398436386
0.000024225014207903424709759574
0.000025694348845520631176514784
0.000026162961989055422346635987
0.000025643596541763067893446998
0.000024230514180024953285264369
0.000022082451889040960164942856
0.000019401404840822275923734735
0.000016409994307725342480843919
0.000013329890744614187339739733
0.000010363246341435891214005464
0.000007678458945525090851994335
0.000005400938781173852876649113
0.000003608955677939976740720585
0.000002334155292879085156424867
0.000001565971502198198174135059
0.000001258933915908822966626826
0.000001341767697418325260772984
0.000001727193989848549838492546
0.000002321445438238303184233817
0.000003032691356970262452577179
0.000003777796693918297886736818
0.000004487091309280862907722751
0.000005107073771741046703967568
0.000005601191575438692213601347
0.000005949007440405178225896476
0.000006144167229741141970206751
0.000006191626382964662451426595
0.000006104574907711272724949048
0.000005901439000609496071550562
0.000005603247087139098280071485
0.000005231546589780166610112334
0.000004806959607479190681102611
0.000004348381122335432324380738
0.000003872757666380903901991433
0.000003395338606419090713860100
0.000002930264362919439682301885
0.000002491342544392529821575127
0.000002092860649568057338496593
0.000001750290012446568662583509
0.000001480748615214138743349662
0.000001303109972370192180609488
0.000001237671894140640430103436
0.000001305333093548189876153035
