0.000000347282177582431904204658
0.000000117277893881451239707839
0.000000279743861125447451054354
0.000000822820549260670986526950
0.000001717625192642401630593071
0.000002919589838534783305063012
0.000004370360819290282399429345
0.000006000195551716513868228346
0.000007730785708303085319642242
0.000009478426896406863709433795
0.000011157445203906252268149894
0.000012683782304825666308175855
0.000013978635332070201384565764
0.000014972046688774741997644477
0.000015606342049746205896676443
0.000015839319577034742205683474
0.000015647095427627887850386204
0.000015026504407790842939322482
0.000013996935010540905423457800
0.000012601442533123491667075566
0.000010906934880681299119241368
0.000009003172174123179457780330
0.000007000280109896435587122070
0.000005024471452381934903391909
0.000003211726692020587921533661
0.000001699328136329576044907656
0.000000615386163972347830145959
0.000000066838818207261519597783
0.000000126818157481928002837306
0.000000822702089774506316117357
0.000002126525721562082500915502
0.000003949611817820450764980524
0.000006143196847936687151931108
0.000008506402574323479139810703
0.000010802108177022594394660511
0.000012780160582475544200930541
0.000014206049011256183456841304
0.000014891868096073605451119121
0.000014725357621760955744534202
0.000013692298842396106488207737
0.000011887781961783124335557162
0.000009512945569092890325509429
0.000006855684035749392986585759
0.000004256308016363138778002592
0.000002061851728335797237073044
0.000000575165156627744414533131
0.000000006600443625327265660682
0.000000436566854545664097928020
0.000001796234154364589521703189
0.000003871214399825039442163549
0.000006329444532607435370337619
0.000008770293755747695486164536
0.000010787881757395072554591917
0.000012038515786646837877954183
0.000012300720875189268075505789
0.000011516961702125857452548748
0.000009808866733165248226857316
0.000007462173064864213329889890
0.000004882950580214191304943838
0.000002531939457038908182268024
0.000000848012763348188349944571
0.000000174003787997054548296997
0.000000697931522620052700066134
0.000002420012930843002145806344
0.000005151252781794461684851134
0.000008543729595795887331961468
0.000012147039643848038203391600
0.000015480795321297932345570511
0.000018110441538372339565117486
0.000019713399038116872878656505
0.000020124639982053370664731931
0.000019354775706332363373069622
0.000017578784349676879298100471
0.000015098663375371339860869617
0.000012287627935580420964487361
0.000009526262685955075193325152
0.000007141865155046786805279405
0.000005361056194242057798072035
0.000004282889491627503393078938
0.000003875749804530093378933820
0.000003997023906544712615687438
0.000004430616400483178690661561
0.000004934518429521850834166500
0.000005289270595091417376156905
0.000005338472459955312501888106
0.000005014368909866269476420693
0.000004344609066587847156387138
0.000003439944297541182850167125
0.000002466223389643730880878975
0.000001606888729495176631963159
0.000001023752194341528194037379
0.000000823851975674377589011692
0.000001038684296301900859794357
0.000001619395422189008015666353
0.000002448182043545261679157914
0.000003362881569538796785578255
0.000004189215295312343140862049
0.000004773882497547596293323985
0.000005011913667934329809014460
0.000004863265391461964160489673
0.000004356165719961239834068668
0.000003577588064085777081688991
0.000002653788693211522198159638
0.000001725546886132528121197776
0.000000923296423163699980024772
0.000000346730164711759292004562
0.000000051970530818229610111545
0.000000047485010856794493662952
0.000000298090188794443197571631
0.000000735039940794463955288742
0.000001269550460138779529562728
0.000001807167029105928641221626
0.000002260926528184110566928756
0.000002562020096508430513140018
0.000002667331947689920000231154
0.000002563651887735014295370507
0.000002268512718224513006440475
0.000001827607652446601189588833
0.000001308782357402000696123775
0.000000792830893232419378422588
0.000000361808671715052169551058
0.000000086220611328648326946197
0.000000013040828608806301186859
0.000000156816391240821189601256
0.000000495897937047880569927480
0.000000975058697190679169087722
0.000001514526661138628913834013
0.000002024041770305361014997388
0.000002419328156536432245562454
0.000002637685489967710947007817
0.000002649468925378443347635202
0.000002463060136626169104072858
0.000002122340009743926767242939
0.000001697309091946143088863795
0.000001269960895065934991960419
0.000000918447826823065750231163
0.000000702790023012629670840054
0.000000654856782686036444149217
0.000000774272990695921003182151
0.000001030563937240858555748741
0.000001370579846520073576213736
0.000001729311514945681955659389
0.000002041780899143632582991856
0.000002253786934903833873893378
0.000002329806363695391620597611
0.000002257112998494926316497573
0.000002045986299047534152760345
0.000001726560599607456903510031
0.000001343312092246805437256957
0.000000948357657658715315721900
0.000000594677818349246720233984
0.000000330146754126739375213194
0.000000192941389610971285688742
0.000000208586718534571992073921
0.000000388630827943866960256792
0.000000730758197371641037174089
0.000001220047162088744857605513
0.000001831043754197713188642356
0.000002530338564161440949903514
0.000003279374603673558254769748
0.000004037265571117985781023421
0.000004763454712548321108589195
0.000005420089563862910937242032
0.000005974026136651525717771727
0.000006398408459001902323843615
0.000006673797133932330045980041
0.000006788844610360575945252112
0.000006740535350975611488823745
0.000006534025695832620859147561
0.000006182130500422244823112341
0.000005704511340506482744482173
0.000005126624421615829097214224
0.000004478485955711649514458545
0.000003793309638781956022820672
0.000003106066071009436431097197
0.000002452008527488951570135140
0.000001865204242144313537894902
0.000001377105916539788457470406
0.000001015194942103071317206523
0.000000801726185684313575035426
