0.000273837879955424472362690569
0.000268247452917697211133979396
0.000263256728380078163995192675
0.000258858755662887130011284853
0.000255018547759227871916248853
0.000251673552237796237154160428
0.000248733955958552015175211380
0.000246083131124531231340851756
0.000243578606484066680429312335
0.000241053989530305294878773092
0.000238322263766685968951891672
0.000235180831496573886519457774
0.000231418562342449298050578443
0.000226824940954123085729704501
0.000221201190740414347030498576
0.000214372997951229276149612279
0.000206204193431861409297953247
0.000196610495501963139595297259
0.000185572208204343717290532578
0.000173144636615533232875882574
0.000159464953349521318783435508
0.000144754348270868799094732160
0.000129314525669374540866110590
0.000113517974664456312025931362
0.000097791909624890383900645829
0.000082596324554624921988887909
0.000068397184561617239560889214
0.000055636337654924860880549520
0.000044700217588862376167160861
0.000035889771181213358500119298
0.000029394234366960676893207327
0.000025271361085182549326057927
0.000023436449742510608403771658
0.000023661999772297341820652405
0.000025589071224988199610523784
0.000028750443692482102080783951
0.000032604537739340348767580480
0.000036577866411216404518829542
0.000040112652239013359990998236
0.000042715325523145670507350891
0.000044001067661116897219032024
0.000043729515415487302330398850
0.000041827287664916373908889635
0.000038394150495543543201784620
0.000033691321896230726120474719
0.000028112459821341320004555592
0.000022140021701097419422289356
0.000016291627055279534001244399
0.000011062496137415087045030929
0.000006870729801664466140725084
0.000004011995641690303525416818
0.000002629084991648670781966800
0.000002699940255186852285432513
0.000004045382562181014653667453
0.000006355238227294723860386592
0.000009229235062704074118414450
0.000012227244678069285684259004
0.000014922422208888937931710664
0.000016950653251056904636737133
0.000018050436797920727752947423
0.000018088768882462374871589531
0.000017070511756121042016990166
0.000015130859390847885607121748
0.000012512562189002058519451607
0.000009531308838707026653879265
0.000006533900601920564922130575
0.000003854487512026567738948959
0.000001774137482738436866132629
0.000000488416824114289198154699
0.000000086568380450654218154277
0.000000544417263792388176680583
0.000001731477478322265861439473
0.000003431053527328372800784271
0.000005370608271653196148938923
0.000007258467524310553172081292
0.000008822190270162745166044813
0.000009843744226244161062296632
0.000010187025403077979519763513
0.000009814216308079545987574921
0.000008788890327550738276849059
0.000007265477044533564149374552
0.000005466495666138274146816402
0.000003650609847226606378256921
0.000002075832850680279306830166
0.000000962931678916349100563971
0.000000464124058451140659270587
0.000000641502375424390035647717
0.000001458320884903063358311193
0.000002784507628838033978761627
0.000004415747423574657327537303
0.000006103509743017567852803058
0.000007591754690964572806200199
0.000008654994682821571258882209
0.000009132095657635346718167604
0.000008950738749780777579051483
0.000008138776542628545603496812
0.000006820630713518937589647309
0.000005199113528920072451952605
0.000003525277099224268050720824
0.000002060755211894147543921427
0.000001038263094017754056583671
0.000000626257952008661738908346
0.000000903168743968025145035404
0.000001845157801129826702368503
0.000003329300012030930762391276
0.000005151684046940769097662743
0.000007057634822148026938521022
0.000008779397722280628111506465
0.000010075511340367374686806390
0.000010765901775548158113022384
0.000010757479916077522481355003
0.000010056579461663951350442955
0.000008766671473432487003045813
0.000007072079880761870861682027
0.000005210527213771291956182202
0.000003438927783866301995431298
0.000001997680744756942500641242
0.000001078696464367310995735669
0.000000801561454832146679911579
0.000001200786889489921089289610
0.000002225265483662969663380222
0.000003749195792772635942914118
0.000005592121984471492757346779
0.000007544615955007239704009376
0.000009395631742999911844844811
0.000010957708686871726167606431
0.000012086900797414319055195740
0.000012695394575087021565005553
0.000012756031550626709326250532
0.000012299159119600379871397287
0.000011403213566358791952238573
0.000010181074441220589143998129
0.000008764475217081844449044936
0.000007288637129092469195260941
0.000005878891527299181377140373
0.000004640482689634077078332224
0.000003652116335805883036230105
0.000002963242785543264004246991
0.000002594612094538046064885490
0.000002541349982973815955307386
0.000002777681891670680004995542
0.000003262454848171681936054404
0.000003944733097356385510313687
0.000004768927951355084311443108
0.000005679122699545419593791708
0.000006622436827085546282327042
0.000007551419590711232753563274
0.000008425562615814184875976181
0.000009212075846003959150648174
0.000009886088684759112749675207
0.000010430429484432449205679773
0.000010835112957544224725550674
0.000011096636252757218217665676
0.000011217157285704101957754877
0.000011203607407778196330527115
0.000011066775958936562530062625
0.000010820396039774335831336501
0.000010480257142767836233657359
0.000010063368888315312122067394
0.000009587199012459443901766967
0.000009069006550013113078165250
0.000008525287219185183259237762
0.000007971342434821184681791907
0.000007420976769828809544555202
0.000006886321894547070250960918
0.000006377778843055493962640144
0.000005904065399710603355030655
0.000005472351604166906675875102
0.000005088463619710279395476349
0.000004757134063306002672694671
0.000004482274915214055399420492
0.000004267247083798422783637843
0.000004115098754399029732980921
0.000004028743414839154910822919
0.000004011048943851542118428730
0.000004064812613030151344892422
0.000004192604457759469926796114
0.000004396473961268448513107967
0.000004677532326883820703862342
0.000005035443671549118561654550
