0.000002924785961290218196936353
0.000003595266844269021176938280
0.000004230778003874010250676824
0.000004800400985563217086014246
0.000005278060166862089005969036
0.000005643495921862400001474402
0.000005882834775144786167578714
0.000005988779272547567342687910
0.000005960459054416934029029754
0.000005802998001958046796612371
0.000005526860016371994197123454
0.000005147037963867140430464231
0.000004682146939874920390373125
0.000004153475062108837467399116
0.000003584033707210552796058748
0.000002997636039094643939622708
0.000002418019673224417647930786
0.000001868018303737879787674182
0.000001368779886746190725416855
0.000000939026936733084901422620
0.000000594358405503143785322633
0.000000346602300434152903250133
0.000000203242363429618612438553
0.000000166958288675349815505193
0.000000235333570470783251425359
0.000000400793948626999627450390
0.000000650838368129336034082627
0.000000968610086311175430391304
0.000001333826599614522056855650
0.000001724044711688665328851123
0.000002116185871902668456473419
0.000002488194617490104712325370
0.000002820659658408395172198273
0.000003098203707895560989705802
0.000003310453960366375808569957
0.000003452445583655003424325197
0.000003524385063546230167035424
0.000003530800743154901130606716
0.000003479219391783777595543448
0.000003378609952733028911427051
0.000003237907021608362681129503
0.000003064948355812536942392732
0.000002866121698142877633472877
0.000002646916474965484848724025
0.000002413428154157470101478199
0.000002174691079920159468699204
0.000001945550316188803044177135
0.000001749656039038564394087153
0.000001622100666183078740461209
0.000001611232258825486593812356
0.000001779265135423691284594083
0.000002201452004196952497633083
0.000002963751801408882147686281
0.000004159090108643147699202247
0.000005882434945168888864956962
0.000008224981986907875012812220
0.000011267758218084108449031505
0.000015074926618876118437407620
0.000019687033968252022066939416
0.000025114420775858041967511930
0.000031331033012391745393686315
0.000038268951747777431662573405
0.000045814081206290761479928142
0.000053803579597263595545638543
0.000062025735815281348535174533
0.000070223037391998604237267068
0.000078099094823584001541852406
0.000085329855809272822826649918
0.000091579157965181786499320182
0.000096518159433430853453607379
0.000099847612389299678623856560
0.000101321385712295451166607696
0.000100769190612739131264995185
0.000098116201999122026325070300
0.000093397263782061393298621066
0.000086763650720918564750172575
0.000078480925822282086596476391
0.000068917232976043680593193630
0.000058522316165810925271597437
0.000047798550855847310968316233
0.000037266190830189783545021293
0.000027425760530386120638821068
0.000018720964380968030708277811
0.000011505578379250699762119912
0.000006017513062503473563922499
0.000002362611423189341170662640
0.000000509831497479575533380940
0.000000298355751830176963474860
0.000001455985375702069301365443
0.000003627044265576769421636268
0.000006407057814157583383856548
0.000009380790987715517166177157
0.000012159904785725550769334528
0.000014416558343827051802779095
0.000015909741201619584448183342
0.000016501918928005544231173152
0.000016164628759129922176262378
0.000014972853468604281366245885
0.000013089197385259846112635224
0.000010739952527355253172674718
0.000008185954093652712869420146
0.000005691591820074005517507681
0.000003495417631058649121438778
0.000001785469838555615027910818
0.000000681767940567096222591402
0.000000227510162850883170996031
0.000000389448260222643428569707
0.000001066853673379261844682839
0.000002107553492127013659623771
0.000003328809061395646915073416
0.000004540404452827598863885565
0.000005567234007454480656271016
0.000006268912531510764314689795
0.000006554426305953446866452757
0.000006390519201048912485436243
0.000005803273810524919507276322
0.000004873110327443864600918937
0.000003724104508331864858222899
0.000002509057909607608848436607
0.000001392098745828440976279590
0.000000530733457195179878290920
0.000000059211541693305523650135
0.000000074830779819146725955679
0.000000628431101312868288439109
0.000001719846584303442387864445
0.000003298555591037288096299901
0.000005269240242813216384975845
0.000007501488542016308168824609
0.000009842490667193826042497169
0.000012131331325680778406147717
0.000014213385320356135266533365
0.000015953389930902387512830221
0.000017245983464454677836809326
0.000018022835145394301839061671
0.000018255904083671540931443911
0.000017956802677344298603372141
0.000017172649494430640751928274
0.000015979131604643202844290295
0.000014471722131643608450098613
0.000012756097736751425777588717
0.000010938773020285612894370378
0.000009118830950067942717066419
0.000007381409225174469378887888
0.000005793337640172226609899808
0.000004401047775577296219408872
0.000003230626406188695121400383
0.000002289682869656786677896223
0.000001570563606545264708822906
0.000001054379633093114055069229
0.000000715311555335383800820637
0.000000524711828785787652794619
0.000000454620840440395676615036
0.000000480435464734900809336102
0.000000582599389592063267854409
0.000000747308690195295409183839
0.000000966331654424785979981159
0.000001236120210073825857668029
0.000001556437029471006436577812
0.000001928737138815480221077725
0.000002354528963257667208852251
0.000002833903414126539927408392
0.000003364368908470412246509984
0.000003940073728437981434168276
0.000004551442886135569407647997
0.000005185211040022588834951141
0.000005824800100203985496634656
0.000006450971506584149837613094
0.000007042677928580182745716808
0.000007578044599841393204385596
0.000008035422779972379331184067
0.000008394472652775860320450985
0.000008637246376477974508286545
0.000008749250918421145912107911
0.000008720472866237156752441777
0.000008546343069726834821035408
0.000008228608460022661586679218
0.000007776063520393378816568906
0.000007205077268053564640629127
0.000006539836397781377988849306
0.000005812214820777155261906713
