0.000008087554225060438072470066
0.000008168782191865765844032352
0.000008613292831421871657057027
0.000009331453747577620112287067
0.000010235492784375968872601255
0.000011243478848734465169343852
0.000012282535056044338613967341
0.000013291348250122761779062203
0.000014222049664113835411695733
0.000015041536382947139484193844
0.000015732285628068080359344763
0.000016292687570888627664059470
0.000016736891875445259034085183
0.000017094133542853251299647316
0.000017407480334618394838186103
0.000017731932518316817444297903
0.000018131810705389999336441947
0.000018677392559528246913447616
0.000019440805423637987911023375
0.000020491247927526701498633990
0.000021889694714406617237706723
0.000023683326760373187876282039
0.000025900014996607104904389335
0.000028543255243514394970706649
0.000031587996035703941885910973
0.000034977807759369470490089238
0.000038623805148508634683696822
0.000042405653951307335661289472
0.000046174870360338632650429314
0.000049760467785811495042454233
0.000052976833084167516897851347
0.000055633538987004266794002272
0.000057546636551036769568340246
0.000058550833706484071159228955
0.000058511861726791929128564662
0.000057338263799463954717514774
0.000054991807411140573543569671
0.000051495721003385177064193279
0.000046939981879823567117050037
0.000041482937147570842482437181
0.000035348629686493384988079519
0.000028819341448714323999230613
0.000022223077264128038765724632
0.000015916015053370589649997177
0.000010260357195542617667191262
0.000005598530482594233515924054
0.000002225270662840197589493838
0.000000359732409494204505890789
0.000000120295283778919216721533
0.000001505075817265095313978178
0.000004381183268599378674850071
0.000008485367445304454626768022
0.000013437842409208023992245318
0.000018769743095111234265073494
0.000023962985801306218929754982
0.000028499453565218240216633944
0.000031914684884188132996292453
0.000033849919548200449784768062
0.000034095745370848123479215475
0.000032620917033359523077261366
0.000029581275172891631080078143
0.000025306002271121450045718651
0.000020261452584975370985395648
0.000014996069417310187491497453
0.000010072938213496775681794065
0.000005998787915170450509223018
0.000003159298828138277239168785
0.000001770130942026287255579341
0.000001851120871823440490412573
0.000003227842651937482154774189
0.000005560662990150674215639789
0.000008397189800305944167436827
0.000011240318757598120397644612
0.000013621565758919083937101072
0.000015168488661155090003627641
0.000015655931529523309470117859
0.000015033437453773685130295132
0.000013425044239266564939519824
0.000011102150031607644373263938
0.000008434454064736869228114009
0.000005827409944725063554126204
0.000003656602875379447268201077
0.000002209666048506270610331248
0.000001644786199036550453488211
0.000001971822945336251777447793
0.000003058136165881690357235250
0.000004657076847222929152155142
0.000006453459785743155625241212
0.000008117799014573743313560525
0.000009360032968294867744465243
0.000009974007943721477508652352
0.000009865957508037878978535140
0.000009063207714985940981005340
0.000007702795163190248362060711
0.000006003000609575337751617694
0.000004223427902265882662895865
0.000002620799052943038961614643
0.000001407902062605240579441887
0.000000722155730089269303301972
0.000000608286525265401677215100
0.000001017037171107328830137921
0.000001819108099902148032339958
0.000002831124983898057344457047
0.000003848697793366833062541667
0.000004680821009095873557674487
0.000005180027458765329664998854
0.000005263753734501125437794146
0.000004924072801639453033912923
0.000004224981795331351160419607
0.000003288453147908627829248962
0.000002272145951725541056443391
0.000001342788883974012814460724
0.000000649651907470295171407237
0.000000302208889331424825629732
0.000000355159527795895970141219
0.000000802618964756883466054877
0.000001581742720085401667938409
0.000002584588903539143116988054
0.000003675853542888522805710426
0.000004713407841335446661038162
0.000005568391939258535208712424
0.000006141960775336406262638750
0.000006376535189768564999791486
0.000006260428345789276346426006
0.000005825809150983776814791606
0.000005140951369831899515710182
0.000004298454998818636199186399
0.000003401526120315568742046150
0.000002550438354998882420864286
0.000001831010352460327032016879
0.000001306405007975789528667371
0.000001012900962268092882465000
0.000000959624696071640247618719
0.000001131666353593803263000617
0.000001495608170352865576917755
0.000002006306705587274023913809
0.000002613786294791024069256212
0.000003269286539898665282872971
0.000003929805214315088327491077
0.000004560824776701910481338000
0.000005137243799534240493566504
0.000005642804339894964173597429
0.000006068481010146630660233649
0.000006410365741826847930473574
0.000006667551155602295766603154
0.000006840406870250662791645927
0.000006929487810336834440621840
0.000006935145206047716515465867
0.000006857760148845114920473399
0.000006698409386113147568708823
0.000006459716322636303731537753
0.000006146638695662495827023043
0.000005766989954366049303318906
0.000005331568685027675666865832
0.000004853860662428117603891652
0.000004349362824689097782072944
0.000003834642908028911668190039
0.000003326283801004414551717118
0.000002839865769096119958096562
0.000002389116569786876657346866
0.000001985317556864368344253860
0.000001637003696291405189318282
0.000001349947254616673317155853
0.000001127376849766940031946573
0.000000970360292320810567751814
0.000000878272272826579561855881
0.000000849274404797829407165661
0.000000880751237012389904192816
0.000000969666554135219089147180
0.000001112824825976409726772140
0.000001307039407446423052771905
0.000001549219961253241479307496
0.000001836396091567144476551575
0.000002165693162746897394797113
0.000002534271404975041706739104
0.000002939232711812600557974538
0.000003377492999836353526448007
0.000003845613297663731978428235
0.000004339581090124244210559298
0.000004854535638599445810054209
