0.000010003344036568026728943777
0.000008386261506938823775026033
0.000006832320117792872626763349
0.000005399756688781591991758112
0.000004129305091360429825998388
0.000003045692514159892786286109
0.000002160984117791614146284179
0.000001479037967208461715263907
0.000001000333025533664452314019
0.000000726521043123875334205351
0.000000664153210330410002150978
0.000000827088018039770777749308
0.000001237088176182129311636787
0.000001922109901060174500100420
0.000002911870978578339685195796
0.000004230557115216215498601504
0.000005887048676198534880239007
0.000007863789372563490342560137
0.000010106225521208422245223943
0.000012515371648583903138964891
0.000014946226326772363748982171
0.000017214260806285352692476462
0.000019110990831078339483852999
0.000020427904132114499229089244
0.000020986144150105519952300565
0.000020667835855993540712747386
0.000019444206261211397250218691
0.000017395889798229579188129298
0.000014721877085172402775041338
0.000011735030852887621055711913
0.000008843407609724642480519829
0.000006517401573898241325761768
0.000005243002772636615485231989
0.000005461795068532966108000148
0.000007499641063144055460666128
0.000011489161583417891457836388
0.000017296283106854858915499284
0.000024467255056123951361757643
0.000032217267017465430151233058
0.000039481966308564649212765191
0.000045046003911182828504267822
0.000047747282306626001602018611
0.000046733923292286607266247944
0.000041728434393364619589637116
0.000033237543664281901710597783
0.000022643858161571165651471463
0.000012130979778802200870339335
0.000004425855172252073474914880
0.000002384107301487822667534220
0.000008484989679560395739931974
0.000024330785228079321498313031
0.000050252419560813669152307681
0.000085106245591037084797375600
0.000126310626630367036412477821
0.000170124523383216743428400508
0.000212125118042954933540722440
0.000247807257483130148265071391
0.000273209648390316433078095493
0.000285471952358097634614569893
0.000283240253556624080148729217
0.000266861415925041280377411068
0.000238335762845141060483483697
0.000201029818825678406601920045
0.000159184843949712129598794697
0.000117290147317453791967617471
0.000079418204479388219280133754
0.000048634736879289421030911345
0.000026593827189386575328249041
0.000013400913161758618464148435
0.000007775861445594761298637232
0.000007482686340104569130884243
0.000009927338412679360886729449
0.000012779235289470606401745351
0.000014462154636316838156144537
0.000014393146652477910947456191
0.000012918483557793993042692865
0.000010984391386011394404478500
0.000009660175223948442985969116
0.000009675574801259667818455201
0.000011126135722854672193077655
0.000013440561122362018397569453
0.000015611341325746841461824879
0.000016596190593824836122596733
0.000015736578124929523873768225
0.000013033959054586789668957539
0.000009177401275687993269648650
0.000005309447152869734580700207
0.000002615899557998224304243519
0.000001892485342142923116786507
0.000003251107362901782946087038
0.000006076422236917041646338949
0.000009249285936295847772238739
0.000011553151822318430730937404
0.000012111281357977877104394743
0.000010692615940538555119581482
0.000007775666830287361115008407
0.000004352293200573515558320786
0.000001550713479584899875347100
0.000000222297144266230596304360
0.000000645714236054401422290952
0.000002453218691353224395284259
0.000004797672430368296675126400
0.000006689203908181395108803729
0.000007370766602268668250103577
0.000006592995341116641687547427
0.000004691351969527167293226057
0.000002444364226940191201685676
0.000000771651110039416421029692
0.000000385730563512917602836893
0.000001524279817518246003924150
0.000003857510242541733058317579
0.000006601843765863781634270838
0.000008798907076760196388108201
0.000009662203811336092466725313
0.000008870706355391711988678076
0.000006705846496138788385304487
0.000003980139523323114826753883
0.000001775485076989646247622016
0.000001074751296159031496230607
0.000002409890132279911133955392
0.000005649190344288077355499114
0.000010003470044838086785987663
0.000014258425160288849603204553
0.000017161747727330231425750887
0.000017836731593810980242651582
0.000016080646045844596762723622
0.000012443129465449793952898025
0.000008055498202671293342478492
0.000004269127965339539968869093
0.000002227544706828651933374578
0.000002517616707448166806729978
0.000005013019483302487068639413
0.000008951428560525135667900846
0.000013204181854519855633992541
0.000016634955440494323460499243
0.000018423894618080072216586424
0.000018259157177843195473147461
0.000016354472290252587696191000
0.000013314280318141554149613190
0.000009913412621827523838933215
0.000006872650625655466499644257
0.000004695622974679228200304941
0.000003598469211747185290430334
0.000003527854090450640839446341
0.000004238323799900363174168998
0.000005391993060638555295110540
0.000006649665137271667290452901
0.000007735710382942548695426634
0.000008472134000145128341816535
0.000008785874443041674617424323
0.000008696753185470026427644069
0.000008293388182606464353961023
0.000007703111964192028065850568
0.000007060964199120809844879756
0.000006482353669536854924213519
0.000006043409902888710513160428
0.000005771763367727835235103124
0.000005648421807894797989934611
0.000005619041895742785155108169
0.000005610978649010925127461804
0.000005551622341789149223047380
0.000005383881503035232922818078
0.000005075989087612122854548287
0.000004624584830803118498112562
0.000004051714007041585280020045
0.000003397576885464598197059529
0.000002711380374836599781396230
0.000002042512085740589741192277
0.000001433656571990621803690106
0.000000916654003985051521212946
0.000000511108305703692123627205
0.000000225167395825583555787208
0.000000057610497262515548617899
0.000000000377737873907327472510
0.000000040884712708854384033681
0.000000163766977956149937678423
0.000000351993036250767352191747
0.000000587500949373053679770690
0.000000851626680831559597953081
0.000001125606555103686814379104
