0.000004003520344797279055016909
0.000000519849209642708141470874
0.000000378232905672017751272867
0.000003707229341916841884515274
0.000010512237858145521764998385
0.000020657335984287912924745739
0.000033853411194465083658335786
0.000049654226266750110265445206
0.000067461696793492151140447799
0.000086541215573034992181167269
0.000106047333398351281133140112
0.000125059506515609440311861955
0.000142626959378148077291215134
0.000157820999947041378051043603
0.000169792375130655966240095234
0.000177830478895563853271311050
0.000181420449961714353457123416
0.000180293474517797413679207064
0.000174465046679874162972173623
0.000164255702391255162773953113
0.000150289052989363152183430183
0.000133463042594215487192388370
0.000114892427862345986814412990
0.000095823577027835690300520965
0.000077526623903183689966861492
0.000061174320999442258141483297
0.000047720867626426138918046410
0.000037796621364026660296140531
0.000031635024117448304532308756
0.000029045632922663969634289455
0.000029441685892483642861088000
0.000031922667307014574301742005
0.000035403066052580410691050239
0.000038769683441016136358180100
0.000041043371739227616390877779
0.000041518653068691794530593875
0.000039857250640505415299405523
0.000036119086021717470278737105
0.000030725530999842655800833452
0.000024362456686192306018695977
0.000017842191634758012295028373
0.000011951303343091149411188748
0.000007313343429268227194447929
0.000004291794280842486643224795
0.000002949309998272443836199626
0.000003067086961864696824608912
0.000004215676321694279140520761
0.000005858604895848636995596328
0.000007464925049548217520162599
0.000008607160860178526007595486
0.000009026555262546216636425009
0.000008656368856970595077916786
0.000007603888136380348609444715
0.000006100405898517952255945013
0.000004433951979584172155149716
0.000002881139194694109530430620
0.000001652334367713940234105737
0.000000859482152402688822045952
0.000000509767789395529040572203
0.000000522407973825212938220723
0.000000761405964198412025649996
0.000001074796644952969628929390
0.000001330894661193617591824889
0.000001444029329578672628969262
0.000001385556389776798461810846
0.000001179755606312991822484074
0.000000887710265072114434178137
0.000000584699292326084775683274
0.000000337549001955761938694302
0.000000187675280923684903923063
0.000000143471543380682056305814
0.000000182868682308780969722136
0.000000264098073030172306487875
0.000000340680518391605596225996
0.000000375942468243723694519223
0.000000353025426924805775199439
0.000000278086601328804348853461
0.000000176573064789663719567717
0.000000084393319966878738155267
0.000000036968294416898596912377
0.000000059293576678521087902006
0.000000159412158972579101061083
0.000000326464148059551271860960
0.000000533209005533028819350026
0.000000741970387639621147828788
0.000000912488779236224894200389
0.000001010125027380792680440627
0.000001013054747017985206012183
0.000000917346111267785621436513
0.000000739040125083996348865202
0.000000512601513601522201207914
0.000000285504765938332493614021
0.000000109360976421424369725566
0.000000028847331904904573966100
0.000000070575060816908856684171
0.000000234602968780297593193307
0.000000491247391006801059551966
0.000000784972432073215041416648
0.000001045538400243611278133066
0.000001204595223437809952145142
0.000001214088584575749932959301
0.000001061794378085235105471608
0.000000779445213848766195871489
0.000000440369654269292560150724
0.000000146047087381333950329478
0.000000003870509335457916166364
0.000000100922889738128151907137
0.000000479991556784348411362454
0.000001123930884751831695206933
0.000001952811084718734708934405
0.000002835454687216040680556965
0.000003613659390562232185322789
0.000004134435764610656857947091
0.000004283637710244475466374488
0.000004013844064896583712547320
0.000003360328962684752089758958
0.000002441190160463932977159135
0.000001440725512627326824588014
0.000000578395875212725028717867
0.000000068624109431690359369398
0.000000078752091342909643897284
0.000000693310545288947526178995
0.000001892096740584389300622896
0.000003547360422888768713520647
0.000005441910482787102882728386
0.000007305740036186378756578527
0.000008864674391854035343830953
0.000009891550258391827341823005
0.000010249385813856263662100128
0.000009917347125126469280253540
0.000008993900082742364729621390
0.000007676567571077090698823675
0.000006222943609414110455939177
0.000004901698837387705537057582
0.000003944195297439224336274143
0.000003506586400694863715624735
0.000003649228144226222764955015
0.000004335810979234125170215554
0.000005450085912753597862704345
0.000006824564702136208744001622
0.000008273865537734370281417948
0.000009625612891601021620991731
0.000010743598710357822839482622
0.000011540541936035831566760741
0.000011980439764842861660081377
0.000012072548754234739581308114
0.000011860134842230485427341108
0.000011407279394554452979287582
0.000010786454875805358798179778
0.000010068630788524077836762829
0.000009316667528477048994153646
0.000008581937799763531116007710
0.000007903594170825771407875616
0.000007309680564152362473027188
0.000006819297582014944196580463
0.000006445180564310326555219066
0.000006196244118595371217818064
0.000006079821781370363387164701
0.000006103451425390070918448361
0.000006276123302100170930732659
0.000006608936789961585567807802
0.000007115131464612407008224655
0.000007809491710391341226841187
0.000008707182151855385101994235
0.000009822147021327593959211071
0.000011165279477089083774157471
0.000012742610713499581708875452
0.000014553762857458551178524257
0.000016590848169998077734493824
0.000018837892488779931366837256
0.000021270741266567490783271147
0.000023857307133230617199673440
0.000026557969655578470371572186
0.000029325957781694911915160856
0.000032107630449634164766705563
0.000034842698634258262952931307
0.000037464566676646531158921538
0.000039901071907850845150479702
0.000042075935397719547038236643
0.000043911184053749759983141521
