0.000002385827047949806477354206
0.000001646577728518978497911302
0.000001044150984121208679687351
0.000000584260005364561323087230
0.000000266456799902071666302414
0.000000084971226807760475991104
0.000000029506255112653484300710
0.000000085961204600039420417018
0.000000237088827862055600120399
0.000000463118639977421407458277
0.000000742395641698063086398238
0.000001052088948130483084746718
0.000001369018192429194418776412
0.000001670627459563702456822858
0.000001936108771815053356419320
0.000002147642942642796479640671
0.000002291689164994705611326032
0.000002360220920260712873116251
0.000002351779785509310237787009
0.000002272205209859772085073497
0.000002134901141395391481323700
0.000001960521913333052388398641
0.000001776000579716171337235175
0.000001612901221812450212178677
0.000001505148402122828699213120
0.000001486265093957618572381761
0.000001586325872648899657654472
0.000001828894103507273918629355
0.000002228249170961295115670235
0.000002787212873442766754132367
0.000003495847070217168572469225
0.000004331217342081928144809609
0.000005258306688790601736264736
0.000006232033106834887584450297
0.000007200194818258153357489262
0.000008107058955758625719886096
0.000008897243841824569869939851
0.000009519535403527446432462786
0.000009930328166720924485712241
0.000010096481493842954815743848
0.000009997510638314626409063786
0.000009627158619669422680124871
0.000008994483709098551553863879
0.000008124616823984181807494914
0.000007059273747794561017947831
0.000005856949167354270618793873
0.000004592498959185409376120620
0.000003355586667333751865218133
0.000002247304275834021683368874
0.000001374260468868353906988665
0.000000839636545022707557277795
0.000000731183226275327440149077
0.000001106857198170292479931726
0.000001979688742143987028405862
0.000003304371175023903497069890
0.000004968750870146615949941252
0.000006793634146249569408389755
0.000008543907224291758382875121
0.000009952772962532798747348553
0.000010758973284956324653681252
0.000010754393992550131931539015
0.000009836813065505554848117105
0.000008060250984802218768136318
0.000005673946058617111785470771
0.000003140872359656631449383252
0.000001128223961882123876969376
0.000000465418017964335682473497
0.000002069619512349363506454247
0.000006843965855596626659900460
0.000015558758689887213199623192
0.000028729999414978579699159189
0.000046511957952166988632981826
0.000068620401767202098323138182
0.000094300456762098469241061005
0.000122348033260779182887154071
0.000151186956334584316798130832
0.000178996348572775710759549805
0.000203875565180751953031287882
0.000224028210913202515536246651
0.000237943414350630421186250096
0.000244552177970851366238524971
0.000243339382055086293722354074
0.000234397529884058383005049353
0.000218415784000357352792262566
0.000196606160275660711784020962
0.000170576697189308890178008338
0.000142167855953645753605552038
0.000113272443677680162204754466
0.000085660490043088332429675746
0.000060828710918274777534435482
0.000039889870718673456156076751
0.000023511281713967446880923784
0.000011904844526827752657560308
0.000004864478117812287548697627
0.000001841424269511256919351454
0.000002044393344054019379140482
0.000004550150838294105760570805
0.000008410869251366376230460119
0.000012747009710263627950367279
0.000016818054011638922145199446
0.000020067386472445140779916756
0.000022141366953560497976647575
0.000022885625487171512863673190
0.000022323541782238886968352254
0.000020622680800652191387490123
0.000018054779606361401268939393
0.000014954010058188282035018628
0.000011677032303360045055310758
0.000008567143707122320812723248
0.000005923868951706333858310289
0.000003978754059221744149234430
0.000002877908417189374062547785
0.000002671859879479804389341762
0.000003313358190375189925481894
0.000004663684313227795194827137
0.000006507651993221202858710267
0.000008576772073451186082122810
0.000010579053181782912932979573
0.000012232803740302337843241440
0.000013300819745422473496659910
0.000013620746348414582689123446
0.000013127398721697827884379028
0.000011863526974476748911731944
0.000009976881016237740859142064
0.000007703299391127036750562609
0.000005337616895496187162351801
0.000003196099394920454515184056
0.000001575516969361741757444935
0.000000714584753356351810025301
0.000000763200769858496256242795
0.000001763728916507009374776103
0.000003646716603612015972284100
0.000006241229944755112771649468
0.000009297823522036226470970262
0.000012520405872835857756953520
0.000015602193667659387506588264
0.000018260703116104338582410815
0.000020267283156245894726928819
0.000021467885621104130990533659
0.000021793329646986329592960041
0.000021258951703303118269724331
0.000019954965166937971683897360
0.000018029885402376822235021026
0.000015669910177646266297331323
0.000013077186047542382955856041
0.000010449526954318523154973883
0.000007963519149441293973573468
0.000005762197072504672435019034
0.000003947740668320332666396850
0.000002579021143590831247657379
0.000001673360994665063273715644
0.000001211587695920620749329990
0.000001145333109627538124459536
0.000001405531834580940930742301
0.000001911166699337631591157360
0.000002577466655784809218738586
0.000003322955227898936262764112
0.000004074955430081771979298252
0.000004773362336821890963638702
0.000005372682228627740928295943
0.000005842494509087340802053201
0.000006166609355681307262230136
0.000006341264552679930196273528
0.000006372728668347524285894314
0.000006274659630429148104568005
0.000006065517258486100687084937
0.000005766257502172264012417924
0.000005398457480996149694912715
0.000004982944734492165989741836
0.000004538939114696123095947164
0.000004083665619250463700009787
0.000003632361987593273745220145
0.000003198584439160696285807959
0.000002794705595737535910915231
0.000002432497256524454216117075
0.000002123694724261283846647192
0.000001880447257835553780854474
0.000001715570450424652655966803
0.000001642531227055258135309876
0.000001675115478731017480047726
