0.000001125860308611814971654170
0.000000751542308344192552368372
0.000000558607160419680968039852
0.000000546920168869697540951812
0.000000706077975168605660198835
0.000001016517411577206662543654
0.000001450894812765552800758271
0.000001975675394867221012313793
0.000002552923324126691624743821
0.000003142309212416272150194662
0.000003703348751726966980326282
0.000004197855079180050690229684
0.000004592534302721482115776114
0.000004861588807963321166524546
0.000004989130035720315140066860
0.000004971156184032965914571401
0.000004816834402306635509630021
0.000004548851214276971338559656
0.000004202662284699877483869126
0.000003824578099785289379223402
0.000003468752051380424900495648
0.000003193271479381853858822054
0.000003055667106485012470532990
0.000003108230669318561387198157
0.000003393550285668004035403902
0.000003940635253680177508238403
0.000004761916281471400274477330
0.000005851294279691512077723470
0.000007183297694789220202917120
0.000008713321248550382600484183
0.000010378876703129534780477988
0.000012101794964134276593467968
0.000013791369780828162603368049
0.000015348504856978979001176644
0.000016670988810786487022402164
0.000017660045523884477277742205
0.000018228266032859389520490515
0.000018308907768712898888252213
0.000017866345850314144645632972
0.000016907189932250160164161831
0.000015491260316555086800141550
0.000013741279658052655540450768
0.000011849821921024043699629050
0.000010081818936208250517727776
0.000008770818926872382307420237
0.000008307292371368487734930967
0.000009117662867795889994402929
0.000011633466845284059687959562
0.000016251145129447919332639494
0.000023284411151530921629208143
0.000032912811214246546326865628
0.000045131781297525894647206662
0.000059710912038157151044380500
0.000076167901607013485686982490
0.000093765452289953395278651604
0.000111536884077873663556786099
0.000128343405715860539497569226
0.000142961956747889235627008153
0.000154197752130501747639887422
0.000161010822493591089499265223
0.000162641816597928860754773694
0.000158720007676159077271427211
0.000149336548888496904469863624
0.000135068936756148089573664750
0.000116948265071789556427371559
0.000096368551226624535972417607
0.000074946079778714718658966243
0.000054344909340598073833102782
0.000036090941197636255315453480
0.000021399991006418104643859585
0.000011044372860021074917499101
0.000005277514850083714123400204
0.000003827737926940851523804552
0.000005961864851025799900551428
0.000010608538970093828236762080
0.000016521895647040060566262260
0.000022460176595993625156457568
0.000027352087390150222592690582
0.000030426477900958711557237446
0.000031287743383974156311314041
0.000029928929433489273560179550
0.000026685111025513120038216500
0.000022139285747108821723883043
0.000017000073852498985939925985
0.000011973794725750057686220265
0.000007652584701705591671561102
0.000004435536677612168592835934
0.000002492478370728177236511107
0.000001771517108237918970101718
0.000002043541899780108927147217
0.000002970948278286395615165614
0.000004184900740681955632488138
0.000005355774299417746145792526
0.000006244647230687480647041542
0.000006728928283095091586181284
0.000006801153696913559712977030
0.000006545409667109569284656513
0.000006099686904778968926752348
0.000005614149118483638705898956
0.000005214706567199516090628953
0.000004978822280447815323530317
0.000004926883213626409013384706
0.000005028634670439451913640481
0.000005220941470852153409572347
0.000005431114253841044750179771
0.000005599505931130390499821884
0.000005695976707057448812246501
0.000005726792599361720233837499
0.000005731030591374421134277795
0.000005768035827521021112094472
0.000005899409953887681004841385
0.000006170064271273601915737596
0.000006592910667431148092276164
0.000007140853754559457910078453
0.000007748122095789422618611689
0.000008320977272745839792593078
0.000008755854279980988826947823
0.000008961385126842253052471821
0.000008879836504144060347785625
0.000008503431544341351577777008
0.000007881856849151777652333871
0.000007118850783291885453733447
0.000006357850466476959416220385
0.000005758855804926447598160021
0.000005470517481586514160697872
0.000005602579645912965258629235
0.000006203941059685291140729513
0.000007250670132534343492562712
0.000008646475497008076970483458
0.000010235756161286602077356046
0.000011826928427430584219609035
0.000013221767565912162324995825
0.000014245428032358322946145449
0.000014771833588026680734572177
0.000014740222177047922799252716
0.000014160513292485314864157034
0.000013107393883356173127545732
0.000011705095320420404398156777
0.000010106330839081841034836524
0.000008469520192896866809064739
0.000006938201735871813700701639
0.000005625581967600213787817146
0.000004605800753160425175950290
0.000003912049389530523305254228
0.000003540479070783853518360196
0.000003458080236020889383012460
0.000003612461891223248311764233
0.000003941651448922733075460288
0.000004382523164708172622909890
0.000004877070804663342669783930
0.000005376311977203478724353803
0.000005842044152509715840510072
0.000006246924561049562344230458
0.000006573429790275761203685416
0.000006812210658075158175857149
0.000006960248936569428417813279
0.000007019092913741123627405401
0.000006993330878200427493628089
0.000006889370729129116269217909
0.000006714532628018322199720848
0.000006476425623771239416151101
0.000006182562199204383641287265
0.000005840161044259179523086868
0.000005456093605798474814399211
0.000005036940310897935296448932
0.000004589134092933476292844666
0.000004119178274462507996695783
0.000003633929867453577755565235
0.000003140936203818282111850917
0.000002648802697086617051008784
0.000002167554582100899413475703
0.000001708939193840556360610527
0.000001286601767078557909205344
0.000000916060590190979547166132
0.000000614409471092832105234866
0.000000399688608490270750371132
0.000000289889761529635981010734
0.000000301597710059450759710251
0.000000448315942931328743495465
0.000000738577509304154129410520
