0.000004238269170434608700828109
0.000005225848814087855367623622
0.000006219351687479815246725919
0.000007166252724697734422432040
0.000008019038456026168616252829
0.000008738460955687630017109900
0.000009295937009896373576819766
0.000009674953622501508956259102
0.000009871433353799617966954118
0.000009893100333746239867993219
0.000009757962915337001211430780
0.000009492087003450115536683923
0.000009126872890529716129460504
0.000008696068239316505016161217
0.000008232753040266067542148759
0.000007766522712570818364526820
0.000007321077352286727525838318
0.000006912402423113974303699181
0.000006547701596009239726414123
0.000006225216562324981835739070
0.000005935039567691499053558781
0.000005660987872327728627995774
0.000005383559545833062519250463
0.000005083921225920039519514601
0.000004748787236907938884647191
0.000004375936927886018185411207
0.000003979990983472578334014576
0.000003597942897446408772830226
0.000003293840308518566929176733
0.000003161957358658602074402005
0.000003327816957191595175971762
0.000003946526610701204367535107
0.000005198085997397425495275894
0.000007279594710355185708031394
0.000010394603679397063504302907
0.000014740169961060209334320452
0.000020492443157680239712277806
0.000027791789343592091719682344
0.000036728517357384998624509481
0.000047330208167775683235009576
0.000059551481771945091259548577
0.000073266810257889645324747008
0.000088266754255809310911705390
0.000104257814688357494247068769
0.000120865987627972041912501056
0.000137644094909734719667238068
0.000154083012928463700987047336
0.000169626984814936988734540568
0.000183693208508856005477596907
0.000195695777040518642270888749
0.000205073758308328571529216555
0.000211322725236088096445463691
0.000214028413407849949813555046
0.000212900468065218824529477581
0.000207803559982585830294768425
0.000198782637085093252847858847
0.000186078873719012561401692230
0.000170133097079607745368001748
0.000151574178669936616113689265
0.000131191080067913167341367431
0.000109888861137808713989809373
0.000088630840082107539856272338
0.000068371014478456614308840567
0.000049982541445586659164222743
0.000034189253993518838232491819
0.000021507613376163160512919217
0.000012205996694855025314812094
0.000006286746837331365063503835
0.000003494064779166640563254354
0.000003347848597276811582112901
0.000005200353736429287417508856
0.000008309520457327871002404726
0.000011920455009432115767750542
0.000015345263050123183860840026
0.000018031478202844758223707955
0.000019610768374615321341363633
0.000019922276575030571193732423
0.000019008489668138629216306845
0.000017085397711366735398622399
0.000014492305019041433282976639
0.000011629408268226627812453634
0.000008892725029505237844726882
0.000006615909359382364448047206
0.000005026958069774779918313396
0.000004225074875018555973528716
0.000004179506553180327297269611
0.000004748597085667073238531184
0.000005714228146681560502036321
0.000006824726551759284068939936
0.000007838525393259445023588783
0.000008561424844992851162866175
0.000008872024236216568713817021
0.000008732402453647958109092357
0.000008183905874764407881605949
0.000007330444005506682836976941
0.000006313559550637938640909371
0.000005284459842809066166570420
0.000004378099365261178143758289
0.000003693415102382343911024878
0.000003282219219919693171559280
0.000003147413540077909370386994
0.000003249477901446617775650227
0.000003518900700483287236823397
0.000003871544559166537342984223
0.000004223911176233482309074103
0.000004505794230233291244543982
0.000004668700938741111150899823
0.000004689452161410170785845689
0.000004569318739586520262843748
0.000004329752210098057297281687
0.000004006133199742813488276622
0.000003640985047156779896143902
0.000003277846431370751572204622
0.000002956571057535127179666115
0.000002710344492740258671948858
0.000002564285173371398173587567
0.000002535204586648121873884102
0.000002631977388063590245919927
0.000002856013547822330890388820
0.000003201497369249329924447822
0.000003655306754594021781022087
0.000004196784812283826085119436
0.000004797740412165316570194257
0.000005423151659187627216527402
0.000006033004006619654586442668
0.000006585508015426786707958735
0.000007041637231206746881466939
0.000007370561265485233611569928
0.000007555202525624462173007342
0.000007596904905410267565529087
0.000007518145721558155121044646
0.000007362393374950002417056710
0.000007190610322112627630203839
0.000007074467874140814908868677
0.000007086972818151031423719415
0.000007291775036597806925581754
0.000007732800714848769941330182
0.000008425940682843472082368293
0.000009354279624447561352360361
0.000010467811957956465402697945
0.000011687853224903925697603438
0.000012915566216232445226363458
0.000014043335886089377881184338
0.000014967280239581351572366458
0.000015599056611045181283334293
0.000015875325230424493640028760
0.000015763706846056439503421867
0.000015264708354956439283114239
0.000014409755497163466675088553
0.000013256037375165570757181224
0.000011879240522126256133627481
0.000010365387471030178804685604
0.000008802906627607954122500047
0.000007275800923644819853891921
0.000005858432132058491629915918
0.000004612080208019040086417882
0.000003583142453056083950857762
0.000002802648586867323117418098
0.000002286696670450510618664884
0.000002037445352770724116958905
0.000002044395694423549626880451
0.000002285819394706327687343634
0.000002730301843793931974125689
0.000003338441658634175057310907
0.000004064771794458371446695944
0.000004859943926842005106623342
0.000005673161378739411940552197
0.000006454775869142058479467280
0.000007158899547260522266555090
0.000007745841930768064781225035
0.000008184170683139661318927782
0.000008452217478486668948180205
0.000008538900792778590155031326
0.000008443806930385836098185495
0.000008176547237145183691115619
0.000007755481583199091188463893
0.000007205956075390699164489976
0.000006558240037711198107926724
0.000005845360789118930132076193
0.000005101025497342652363695712
