0.000004812782365467414998332768
0.000007300566362289009107397215
0.000010043030024839451883923724
0.000012929146574263994948564283
0.000015861711823315226179819531
0.000018756490812962742762998875
0.000021541636616893423652107850
0.000024157760363540860682873140
0.000026558882645413208492763193
0.000028714309583958318910015817
0.000030611267812346093443627570
0.000032257923900718150759560354
0.000033686232635443483782785451
0.000034953933646394505919789697
0.000036144971319916857459275672
0.000037367662509794484677894122
0.000038750079483115666169334990
0.000040432336354749786276868012
0.000042555740888054223577605106
0.000045249074636206835337785132
0.000048612577869522051281225838
0.000052700543297174603477213417
0.000057503780332239012504629699
0.000062933615699870877223040533
0.000068809538293532521808712477
0.000074853016603083108275462632
0.000080690286928190992988066399
0.000085866837170873620485589406
0.000089875674687669098545869661
0.000092200089811346542839794183
0.000092369460555729278263166482
0.000090023849147410727042015188
0.000084980128581730471023537865
0.000077289784472312072637241454
0.000067277122446035163196714768
0.000055547079447459890772561403
0.000042954631515753769128215106
0.000030532902416947678046147546
0.000019383937993113527079643704
0.000010543609758439297731423892
0.000004838762338896234248633316
0.000002758955381576701115000630
0.000004365685516093864755333281
0.000009258150726118035650871220
0.000016606650650962036399162572
0.000025253744373988097876148479
0.000033871229329008685677866036
0.000041150198483360678496003476
0.000045994149903334218963853186
0.000047683059159644133656510284
0.000045980186524202228755438260
0.000041162681120470005779760775
0.000033970117857031115866060789
0.000025479485016583879736229434
0.000016928044521739794760900599
0.000009514414925512772305609896
0.000004211505800284608266523256
0.000001622058254943759107057815
0.000001899259335632607560337935
0.000004742970471873878260859938
0.000009468918028428666277683708
0.000015136185555243762777127836
0.000020709544267220242384861667
0.000025228806398302269092814853
0.000027957818261245473824647828
0.000028490421242927143393591782
0.000026798586184129207486432495
0.000023217541525014007190936063
0.000018372595625432465991141301
0.000013061170490591129771107415
0.000008110228838766539913025626
0.000004232970214151106985928704
0.000001908863188005154968180386
0.000001307573501468875825146489
0.000002270372833514474604054822
0.000004352930769662088794787723
0.000006922345875602759930340750
0.000009290707726517095945664888
0.000010859500445183295161020662
0.000011245694958706641778268392
0.000010362697723626594536647759
0.000008437571038970679093249409
0.000005958887637715798501830081
0.000003564717710423829470368614
0.000001894226821563765857461565
0.000001435769991360439166153866
0.000002406587252585867162362875
0.000004693197780981414100431696
0.000007868303228802035986745242
0.000011282304796761072224219914
0.000014209572549715567213674330
0.000016015836309994355200845423
0.000016307100415944786932784596
0.000015024088762754201912727990
0.000012458792950992351707475980
0.000009188307414876895705250527
0.000005941249807134415566913909
0.000003428654047295413066662141
0.000002180065720040937788661798
0.000002424359804752470521943715
0.000004043774873897087459391139
0.000006611558648021602163039750
0.000009503005141503061570934507
0.000012051735260007851740127367
0.000013712331808326445824175975
0.000014189525471852705541201539
0.000013503145517751625895655487
0.000011974563561196848701694354
0.000010140057006447972658158031
0.000008614352578529119229631267
0.000007939119807691480743125009
0.000008453644434369029256413214
0.000010218000665117688049022930
0.000013004859979724615062996254
0.000016358524353110893436412387
0.000019703472120647492300468673
0.000022473748954898472402711557
0.000024231431607444519271341021
0.000024747461346818480296128051
0.000024029542665095832609713916
0.000022296123576281360462170156
0.000019908753820143099925055880
0.000017283951000002529396889703
0.000014808145779882625996245679
0.000012775281989692588446600602
0.000011357952868187724582193024
0.000010612453622557761179190892
0.000010508952421483034705669904
0.000010972567468363204264158485
0.000011920585195178942094769263
0.000013284919227910159806845328
0.000015015487172642932850842937
0.000017067151783096122936696573
0.000019378071223514282327106059
0.000021849370598839499267064534
0.000024334753367789197815848276
0.000026644845449106930554720660
0.000028566195609120386924477744
0.000029890533960798174284130904
0.000030447297448430254529321004
0.000030132038264872904276226936
0.000028924879339280145501816371
0.000026895902761928748353134622
0.000024197320182766871569284353
0.000021044706088689094688592290
0.000017691056030507077827815601
0.000014397920434816904031779389
0.000011407583337698684299303838
0.000008919520554167851143410016
0.000007073447975723710852728396
0.000005940303677704347076293616
0.000005521541750039527246681718
0.000005756161780596973468490749
0.000006533999722969563126470736
0.000007713068374040843661401667
0.000009138300087267311132797898
0.000010659028524745840947802501
0.000012142983583775927801102872
0.000013485382264941889331839528
0.000014612696005998533779019974
0.000015481633415640281431231023
0.000016074591650118619554727870
0.000016393177124973641123686918
0.000016451362357849823368858427
0.000016269513005108946537271772
0.000015870027402112966849684686
0.000015274827143825125871359413
0.000014504533544638244750698761
0.000013578916429546508101754501
0.000012518107783536810111027840
0.000011344094142696044746551620
0.000010082085314326032598314896
0.000008761457835500095379585583
0.000007416064038441438227306640
0.000006083777141905213176834716
0.000004805218791664631435749458
0.000003621700644008551001209279
0.000002572512528186377380926388
0.000001691801608861405777767522
0.000001005393320461958274372304
