0.000045611873919341889009777813
0.000047966242484825189135774076
0.000050429767268360203109553441
0.000052935628468402496184849054
0.000055398904339677647237077940
0.000057717915292521425113178579
0.000059776345509300313392237608
0.000061446363979505953063428580
0.000062593033025522978548584041
0.000063080284660747894145797765
0.000062778654142519693562123073
0.000061574787314460510548666528
0.000059382496780506144524493239
0.000056154855741500404474244451
0.000051896520821960272218387189
0.000046675205678611074553048532
0.000040631026287730101346530598
0.000033982343645582680446114165
0.000027026768837124893823335020
0.000020136185088936309076426689
0.000013744981929973074515028905
0.000008331171127343861429817573
0.000004390629054347361949993660
0.000002405338332688394901168541
0.000002807128342788089921154907
0.000005938986651981483525170394
0.000012016490660922512538556946
0.000021092269591060396803855817
0.000033026650549848046169686133
0.000047467778503821830577563690
0.000063844527499862658952156647
0.000081375399990570842969489496
0.000099096241743069384184418313
0.000115908815203835942699885087
0.000130650871518526594293810317
0.000142186169169268745993139902
0.000149509864088807811061121456
0.000151861036298161459091177194
0.000148830324601514202547541954
0.000140447524699638696607517652
0.000127232579624880472396811215
0.000110194650469618580027053589
0.000090768582076825713215138813
0.000070686134469996275372406791
0.000051790056529027705652448721
0.000035810770955355495520373160
0.000024135773746417714787299361
0.000017608244041308233825441840
0.000016391604483377920014686505
0.000019929680754282367134916712
0.000027018007734290778597448235
0.000035982738061205781713702140
0.000044943003547664074767090808
0.000052114748069019797599606136
0.000056103150116712796884477915
0.000056129796515705406684780543
0.000052150786724971715554825813
0.000044841567036185942896151652
0.000035449872895899786650643348
0.000025544477688128247908853213
0.000016708835654025808208555590
0.000010240332975587649328298549
0.000006914891839109294569335178
0.000006863013069687479950314705
0.000009579758607961056754388426
0.000014062740534496562819439039
0.000019045169720622404525281132
0.000023271460760476981026890347
0.000025755175654142781281174396
0.000025964891403340251911213005
0.000023901427553761123346752135
0.000020055476299761242254962937
0.000015261940075234746861786855
0.000010489771058848267677905686
0.000006618646024520479425939587
0.000004253748512195960475670321
0.000003617782532066594643595323
0.000004538604283824582784193959
0.000006527048665099042893138117
0.000008918701689063590504224534
0.000011040522031047493543300629
0.000012361002914251141972072634
0.000012590717504231186177864055
0.000011715642310448191881636429
0.000009963922802124925429600663
0.000007722741002977380367182370
0.000005431765626348476827328030
0.000003481491275725236221838229
0.000002139170969607191576073802
0.000001514550392932178722821355
0.000001565768270297728264703221
0.000002135997605852520936473189
0.000003005953196183193473366071
0.000003946942483693570388237921
0.000004762786872084545934831479
0.000005314763117755288542791263
0.000005529537589895368925540196
0.000005394197744350044230619758
0.000004944151954778035356371894
0.000004249069835835422303551255
0.000003400056793490131942548109
0.000002499011898573320481956690
0.000001649507906252018486263308
0.000000947980783448617372470612
0.000000474442831939656745605222
0.000000282915592984098435052676
0.000000392796600313238526111818
0.000000783021259935686056539040
0.000001390964234896122916091007
0.000002117546541628374573342647
0.000002839091417146608855215286
0.000003425255238649041210948886
0.000003761010140353046308272491
0.000003769370558220907882387551
0.000003430610236854940947690430
0.000002793448760708933190235288
0.000001974412843663515846682251
0.000001143435978792562794976073
0.000000496564757953335044646747
0.000000219825822434068904750757
0.000000451026808073019161139878
0.000001247635144227403922265879
0.000002568298563640392500733453
0.000004272981492368852980722523
0.000006142662672130086240907931
0.000007915128839185185053838739
0.000009329816157249535982579070
0.000010172851124728923296160546
0.000010313811102793512403108522
0.000009727972765765588255182546
0.000008501130449666279118199619
0.000006817438889546502354672801
0.000004933341544923258062784518
0.000003142104062013372184851813
0.000001733887927996196687881886
0.000000956096891686095724392693
0.000000978364593020638188247662
0.000001866251986651112879946578
0.000003567373319252045052831553
0.000005912906604987950842384613
0.000008635900125862039944401628
0.000011405358356986676726619809
0.000013872106371053757002871111
0.000015719613844667421358094334
0.000016711195649593991991279165
0.000016725012368016462015272300
0.000015770316058302220543633002
0.000013982058475284607902515421
0.000011595407096248180959770571
0.000008905753276470552902920573
0.000006222414252921207996011119
0.000003824826428498994670621136
0.000001928596633670124623838663
0.000000665871808893178733276667
0.000000080999736115089641443223
0.000000139322736670022521326181
0.000000744879322900313449679153
0.000001762091837410165928647521
0.000003037074998842556638242035
0.000004415581441712405990588242
0.000005756246398367982459944210
0.000006939203047848576374546144
0.000007871001785537202398391685
0.000008487008273938888649762929
0.000008752208448393764415504902
0.000008660861572252379709992848
0.000008234975426093351014893498
0.000007521319883284590906264398
0.000006586720837577873895651772
0.000005511646280322693344224869
0.000004382491963087234795480238
0.000003283349278012989466132626
0.000002288267277383581792618312
0.000001455032738045926132250439
0.000000821281694846828134204159
0.000000403376460598564381332322
0.000000198025004512774942153110
0.000000186186920769408147239193
0.000000338490509779804844525507
0.000000621235144736338112481187
