0.000008867942781416488125245667
0.000009400966374499653368558560
0.000009956960919592834047503298
0.000010480983142389598041237415
0.000010928863182051229551859824
0.000011268553588189979090816717
0.000011480518205916977853790067
0.000011557297199179455764964791
0.000011502407670893441307257560
0.000011328747866414572913022762
0.000011056670676402727200885942
0.000010711882673133421266654756
0.000010323310999530093225780986
0.000009921063786466404612967261
0.000009534591027432294177553981
0.000009191131785199886617895859
0.000008914509653214475645949082
0.000008724311139341922970830666
0.000008635451436715301713840237
0.000008658100466023586428213066
0.000008797912093631881291430630
0.000009056475253543029793764328
0.000009431892142277930080897751
0.000009919390126525713777434767
0.000010511893251010737278770824
0.000011200516082693511883553242
0.000011974993059651113414291676
0.000012824112429909016960837866
0.000013736273782748066534073646
0.000014700318930355103685578798
0.000015706785198025399128687538
0.000016749689553257126613900960
0.000017828869509625758216480457
0.000018952788745760420629094672
0.000020141576777007891307404164
0.000021429934608863609145357199
0.000022869427455671130581518410
0.000024529625783202419473695566
0.000026497565989156232233933674
0.000028875091393355303544341478
0.000031773800758636335384976074
0.000035307561783613497171947088
0.000039582818205032909515597023
0.000044687203131276672415494317
0.000050677238407210710457485858
0.000057566122624825045712808336
0.000065312765363726322121601386
0.000073813293480257870129816744
0.000082896221959877778358988243
0.000092322335772098399917992562
0.000101790063241724370408577971
0.000110946735159836196464230862
0.000119405627449808770601871744
0.000126768104667403572454603689
0.000132649562634808355129217849
0.000136707277233179573180943400
0.000138667785172594319699143628
0.000138351139972117871158874269
0.000135689382079041292485099834
0.000130736889120742014050793878
0.000123670940634710245769473103
0.000114781796778131020076232915
0.000104452751436978012299777729
0.000093131828345634557050555791
0.000081297868572185045784109225
0.000069424534664675670064988566
0.000057946089868128811671034450
0.000047228621459610540958898306
0.000037549668892292875242364114
0.000029088081275669351013959257
0.000021924532704321614967613030
0.000016051686382480308262895793
0.000011391750430249700972427408
0.000007818311673899473241604666
0.000005179003608640229269701079
0.000003315802871390449171694727
0.000002080494712026632949400601
0.000001343950591573850409307113
0.000000999106184003299490026207
0.000000958680588656772533523876
0.000001149526896045134058453943
0.000001505905192585941227461830
0.000001963869406493688638356459
0.000002458408441489303045910655
0.000002924118611115266306763570
0.000003299206340009138028058610
0.000003531742191699320829412169
0.000003586496063203442596494267
0.000003450498718631389842326522
0.000003135726096951394296365959
0.000002677924679673026617861709
0.000002131444543041756549314183
0.000001560831164046278831097209
0.000001030652707046014012923999
0.000000595448949160776965586217
0.000000291694377044442901232091
0.000000133272480655550162589119
0.000000111248284502604961494900
0.000000197855146598193137386359
0.000000353765452561284572790401
0.000000537070817093539889837547
0.000000712088170356759899372778
0.000000856193523414250635104623
0.000000963341372547623631513109
0.000001043653550965609848796552
0.000001119301272785042820282885
0.000001217681534357264032825694
0.000001363443479881756433230548
0.000001571140459753429661736977
0.000001840129179460363293866854
0.000002152846544582432369271995
0.000002476874336460231992721251
0.000002770403989716807292538817
0.000002990004102730842913671332
0.000003099116552215203132487420
0.000003075557561847938358904437
0.000002916503386840117079440663
0.000002639949265008930485900546
0.000002282336121324547660560965
0.000001892795313892635242274077
0.000001525113604209275398155502
0.000001228939587946610910538115
0.000001041861108274797481897935
0.000000983768598079122641734875
0.000001054436227735168941384682
0.000001234608576500230115062583
0.000001490211453884597883636745
0.000001778746740407547304548062
0.000002056588672544553585619029
0.000002285828554395288065307018
0.000002439512602335549852741780
0.000002504524256053674588175977
0.000002481879078934343016123523
0.000002384712776293487581139550
0.000002234646225870908297999294
0.000002057432815832935475084927
0.000001878804938597660976215640
0.000001721257714961832237281691
0.000001602197515181260470314975
0.000001533521948542420214762214
0.000001522370845949208454582187
0.000001572562497633330981001857
0.000001686144692770071490257031
0.000001864549503135245539568688
0.000002109015448539348837764945
0.000002420179116974567501310682
0.000002796979837836958430118909
0.000003235210123053214784609325
0.000003726142563021010353367960
0.000004255655456274004953712113
0.000004804173872568797634024281
0.000005347569365690363185205248
0.000005858961328487081685891750
0.000006311179313680049348842752
0.000006679514824375715595545806
0.000006944335721886131174086960
0.000007093162285611847049432085
0.000007121900619258889872419463
0.000007035073545050211959290230
0.000006845051618037268125534656
0.000006570437298169926882806646
0.000006233868802344311962112654
0.000005859571144719290339839338
0.000005470985768263117070893831
0.000005088762827979892849623433
0.000004729315522980494801712388
0.000004404032344255913332322239
0.000004119139851622065985918206
0.000003876122033948711442991920
0.000003672543699196082840125648
0.000003503099618643008610009617
0.000003360717031248063249994178
0.000003237570259477009501576693
0.000003125913033646052524192841
0.000003018685969313813665835470
0.000002909903611813067720242654
0.000002794860018963823265921147
0.000002670209738497153529761035
0.000002533981561097187853494068
0.000002385568188959048274586311
