0.000000624937219681164579730259
0.000001200348288450981737291693
0.000001911017770803038776593862
0.000002730119914793126020515412
0.000003634058150785499481460290
0.000004600077484845367965381364
0.000005604841311094831834841226
0.000006623911475829081384094753
0.000007632008359077713032870074
0.000008603926105409301616213855
0.000009516022679894761378879137
0.000010348271366627505920025507
0.000011086920757614008583528259
0.000011727835384902950886755121
0.000012280555688392743747257112
0.000012773011446004223890622262
0.000013256649340278954307464562
0.000013811512137128507718398206
0.000014550569501696924604823222
0.000015622396679236188408437455
0.000017211180030513102321397534
0.000019533045484158381862281606
0.000022827888808788497529119257
0.000027346240843918798705701120
0.000033331201262862519265825489
0.000040996066925361071249869771
0.000050498891800679645864170092
0.000061915767176296386694288321
0.000075215039048273001293445916
0.000090234946447550611493132466
0.000106667262595779716027877271
0.000124049464275370553744196056
0.000141767758982901483956473587
0.000159072956191248641218821680
0.000175110628484627102278980981
0.000188966178854853826020454566
0.000199724205367777444923571561
0.000206539864864179454652381995
0.000208717820020606187846057278
0.000205792011657653382871238645
0.000197597325268039836947478460
0.000184322771224706060885778491
0.000166535683413975954102886901
0.000145168170161994375183187045
0.000121460847701990314767041268
0.000096864533943996357053321522
0.000072907355871355995899016356
0.000051041459475407186126803827
0.000032488796276165960179218434
0.000018107953809784827419815736
0.000008302775887380071974928387
0.000002988368507986221479002511
0.000001621647272822219563366574
0.000003293276325400759103184927
0.000006867612445129247321210821
0.000011149122350925013005080652
0.000015049328098394081361746134
0.000017728534101555636353243078
0.000018691321839111179221046624
0.000017823070651956922794828531
0.000015364922975988108894748047
0.000011834743466438297490248011
0.000007909959619420847286210691
0.000004293435373071342766974900
0.000001585095364476237065378935
0.000000179926959746245136008444
0.000000207822096831717530005548
0.000001523421179347152384548378
0.000003745806933844562834704786
0.000006339736620658776391796108
0.000008723229348335109021987145
0.000010381767443930114196647650
0.000010967949508542282425474154
0.000010367624882300862613083298
0.000008719305168310915093781918
0.000006382290700488331866807416
0.000003859080550701109492970405
0.000001687320413136652844543917
0.000000323647401317670242289963
0.000000044468353962618217771238
0.000000885927383546676098743412
0.000002637261702486642794016156
0.000004889932526172378838961487
0.000007131970016705851337767558
0.000008866023827715922877353710
0.000009723516454971506054036010
0.000009547823675658893269107760
0.000008426676452995454145544589
0.000006666331479735353740751283
0.000004714416488716620165359307
0.000003051019573360740161024635
0.000002075236468336250684498228
0.000002015004088455386283782475
0.000002881510966530413337738977
0.000004477602158528474561962392
0.000006455635346386801586579616
0.000008407957071633439646222812
0.000009965768258488098707711077
0.000010881417751424637342292333
0.000011074990862081057605868437
0.000010636541201347847202928615
0.000009787356281951853912608533
0.000008813897223400003893569420
0.000007993854522908275773919635
0.000007533867228868582424389927
0.000007533288551131789027490680
0.000007979817438668689491662774
0.000008773535132395299167913823
0.000009768557426608554517780299
0.000010818029416882741735499510
0.000011809179523847271697073978
0.000012679896819122753637461287
0.000013415050552423788250916772
0.000014027342113456382327032687
0.000014531911163273593853829078
0.000014925045803160103268132641
0.000015175085214164762864347442
0.000015228890624522918202112497
0.000015031708999078573888471926
0.000014553624500640464716708783
0.000013813462458700780793874330
0.000012891588906483820713036285
0.000011926247000372331623450212
0.000011092844910169553528014180
0.000010570510912008563967918323
0.000010503857129317289382315799
0.000010969284434663533657895555
0.000011954043071865506193095230
0.000013353071387440422159885098
0.000014984332645806818775854885
0.000016619137328670121364453116
0.000018020829128196594760141780
0.000018983883093641633408969749
0.000019366042571667156299564105
0.000019108239510403108728404942
0.000018239998491998598895190778
0.000016871014748046782950668607
0.000015171940859496404127040002
0.000013348718251242930760711372
0.000011614987198708810837164199
0.000010166430885803012532857086
0.000009159750373730165512562058
0.000008697742416844142325765138
0.000008820967248048992918581582
0.000009505877195495106301865312
0.000010668980390658033699860519
0.000012176471866544002274992432
0.000013858589443241639546709580
0.000015527623553170170179289419
0.000016998029479931945912984242
0.000018106580970396142694521166
0.000018730163150908702232328579
0.000018798822048823914717535777
0.000018302175090260360066762163
0.000017288214157846669915500476
0.000015854734251966350934166111
0.000014134836314555921255725623
0.000012278903663058760080363171
0.000010435922122637852966944676
0.000008736912368445517434599641
0.000007282622235674608201572763
0.000006136662697882413238913840
0.000005324206824220076068757222
0.000004835446690244369079389637
0.000004632395058144195046346235
0.000004657401831542236663905813
0.000004841899660285913645284099
0.000005114287727954285475110308
0.000005406358359599675459717695
0.000005658125168636092849644859
0.000005821223767271692365221809
0.000005861186130261155689618290
0.000005758855297597096373359536
0.000005511067765603252114410722
0.000005130563959397116017635901
0.000004644963963451604330905445
0.000004094614114081352323505896
0.000003529186227684812304843066
0.000003003080178330128529099168
0.000002569903738876098416672386
