0.000000714887213706262761050124
0.000000382153718238226856455567
0.000000172749249748000962494354
0.000000073183998987879671631351
0.000000065538091743516839191491
0.000000130029886205606888733601
0.000000247006556307570779203999
0.000000398347763125375859893186
0.000000568340437958628442251295
0.000000744108721343786721382613
0.000000915683825477018842671658
0.000001075792097891753067701970
0.000001219438966543229784712690
0.000001343374764918498666721783
0.000001445538112833815573180863
0.000001524570339225133163129624
0.000001579469976285249581556512
0.000001609410049926143418109982
0.000001613686994202687937231583
0.000001591732141662965445703991
0.000001543117102613734966268873
0.000001467531517386520625392831
0.000001364793100460026349242501
0.000001235033633077104097623255
0.000001079250106321596221819136
0.000000900383863780500206924469
0.000000704978227890354160436646
0.000000505277269292555943812567
0.000000321397292012334417400394
0.000000182975355331315348771738
0.000000129532673187316628880266
0.000000208749771410247573079599
0.000000472002957932677002001365
0.000000966913319232495022581466
0.000001727320059320472150066997
0.000002761933684117430509719071
0.000004043765556622831086402373
0.000005502994909660735393941433
0.000007025942809069016779539157
0.000008462111623224648562779926
0.000009639877276501423140897540
0.000010389690657339404529523920
0.000010571992441738003461844039
0.000010105854816787916488577542
0.000008993784336373269748033700
0.000007338037960448521244136762
0.000005344011298253899082399965
0.000003306749013180277258243042
0.000001577812945913934793059621
0.000000512351956490308151672677
0.000000400801991129806593179639
0.000001395881393376645270574046
0.000003451744762503835399784693
0.000006295442594524548905938512
0.000009448180939678384467170398
0.000012303722566808734722662577
0.000014254945651098093395078847
0.000014841677443158409713686724
0.000013880138044059191335024422
0.000011532906843282550378676325
0.000008291150836011896028748466
0.000004865542326853262720454986
0.000002011326311697223692909415
0.000000336168978143943002677793
0.000000147721594065161808371841
0.000001387201712271390941676663
0.000003668551449171817959517316
0.000006408836336255043357478835
0.000009006335117363937738587873
0.000011008514397885793342367518
0.000012217638271248574679075406
0.000012704823335235725399522053
0.000012735425245986402965165871
0.000012638309290217889280824419
0.000012668642318187014407146994
0.000012912975992944948280946246
0.000013267671045970518426608369
0.000013494026198854603996123667
0.000013325853318664760809855382
0.000012587275092519362935440143
0.000011276116105500656397334427
0.000009581761112677289943034484
0.000007830627363399123074070435
0.000006378715597872150175654763
0.000005489805041840688153782953
0.000005243118431640811216286769
0.000005503965031059185625142514
0.000005968684194458569418210211
0.000006269009323537413258975882
0.000006099987272399506088344130
0.000005327192404899218201473274
0.000004036073565364728916809132
0.000002506292794141601411496293
0.000001119754089659491237980352
0.000000233619760875921111564727
0.000000061202057598447269036237
0.000000600441623356481551476542
0.000001633204403617414673875979
0.000002794825421563043240535560
0.000003690423073686614235429252
0.000004020021875713637427268276
0.000003672767939628733571103165
0.000002761393395388382618663679
0.000001587446814183695427145416
0.000000549175538882249253846057
0.000000020751935872475075975812
0.000000239119866890654962144659
0.000001231503002107956116177720
0.000002804124230332675562235665
0.000004594873691376596147616963
0.000006174582416768769526152494
0.000007168036891580027741193229
0.000007360400336105563413326668
0.000006758706017724217715830336
0.000005590579542121617840884709
0.000004240106176646443501907901
0.000003138965124649426986888807
0.000002644334405672502238612842
0.000002939383458272532530713506
0.000003985636061487053955333746
0.000005540669674852396416910288
0.000007234283751225536451541324
0.000008678036113884915429416041
0.000009573146917915473762001471
0.000009783705288844965066255045
0.000009355161144112757339291048
0.000008477396515870136293113388
0.000007410072737688140678813647
0.000006398772361840933937493330
0.000005610203246077275033307577
0.000005104410755046500352942202
0.000004846429539974231450816591
0.000004745583540754287012913056
0.000004702977639203301885105057
0.000004648592350081479744063583
0.000004557052574808042405497734
0.000004441392199448756067891014
0.000004332486594826470261527466
0.000004255442614243799534566679
0.000004212808626184805947049571
0.000004179770607316416764496266
0.000004111134762045410293365699
0.000003955980049040376211291932
0.000003674305848133438768870953
0.000003250544619106413399723266
0.000002700580367701522918150127
0.000002071022542335538531505564
0.000001431368908313477412118375
0.000000861116283699754657339790
0.000000434765872161460655182674
0.000000207953480115260699994596
0.000000207554869055547371121321
0.000000427615755714510110048227
0.000000831556992032627666351326
0.000001359682122587325265100828
0.000001939960556375920547919189
0.000002499631922273679025911942
0.000002975404888814265343084187
0.000003320725342915804453554959
0.000003509474635214586503347564
0.000003536255093224413302484830
0.000003413956924636941953613749
0.000003169534841176503419822499
0.000002838909283607456395925189
0.000002461747096438374098271084
0.000002076669239144820470913209
0.000001717247316763852570950044
0.000001409015534279470049946570
0.000001167635567608868886870042
0.000000998284466024189583898329
0.000000896262551707123428988656
0.000000848723057120811585419314
0.000000837310620509720602090470
0.000000841382079216390135711597
0.000000841398769238165109338569
0.000000822048494393963463131383
0.000000774686404165364537351937
0.000000698769037456698357765623
0.000000602075502741932243105580
0.000000499644416305066563194865
