0.000382247692418368682602813902
0.000339453657536400630299888714
0.000295679349234925889673697430
0.000251843597755008652590291707
0.000208882387751078014547639894
0.000167744930124816982045313218
0.000129386770018157144530174252
0.000094757201041982988911661911
0.000064778261579944481501902587
0.000040313164341194263453130309
0.000022123200353616284349368704
0.000010813893780535059505011272
0.000006773280914938057675148825
0.000010107369978642166314405752
0.000020579782674626793714843867
0.000037563965678004038704906886
0.000060016937919624943923932459
0.000086483161506980334469127381
0.000115135753060396201462312060
0.000143859912817150567641150127
0.000170380145962375681954747986
0.000192428499963642448203349211
0.000207945486983170113592933603
0.000215298544911481006675080252
0.000213495188056935219361731626
0.000202360598006191935889497291
0.000182644522072257151339841341
0.000156022986026660269052654395
0.000124969423154010152339499218
0.000092488844584680133045773154
0.000061736168113414119579598904
0.000035570578001837798299937521
0.000016123390951398761480233349
0.000004467912533371694647340786
0.000000469102801926993580074459
0.000002857208562781827793102983
0.000009519180760603750620393697
0.000017947794046148368967558140
0.000025747083311323700063411382
0.000031077668494117267525798931
0.000032942666864746065558469668
0.000031259646076022373057355652
0.000026722610363097760484288670
0.000020511984848220947235102746
0.000013943690209828977976335394
0.000008152210253570173754240034
0.000003878964816876083530720887
0.000001397107398729950844521353
0.000000561978260319984901949319
0.000000946011397758174820926094
0.000002004844857264517206878835
0.000003227029321077677722782919
0.000004236624247387800259469735
0.000004837730822140978965506617
0.000005006073259109243430125657
0.000004842350277676130020012169
0.000004505928467732107047167590
0.000004147681057978680829539074
0.000003858857854524917563668069
0.000003648712212256178487855291
0.000003456341814855868038031117
0.000003191926391729770135820277
0.000002791660516590165352923420
0.000002263586700480497070439188
0.000001702611011263737299088424
0.000001263821316353433291471142
0.000001100822617679089074859116
0.000001293041343540414105556290
0.000001794532764287207680277826
0.000002431365064830703880263208
0.000002955847603760231686096218
0.000003140945272818956107653467
0.000002878120367763571297881628
0.000002236311340303543715218784
0.000001452605224654614558775219
0.000000852058899678576567558199
0.000000724115967533600458642582
0.000001203223332816773238229278
0.000002202400112099392391856560
0.000003429401165052231897272059
0.000004483130931712521553269765
0.000004996038440508860761215745
0.000004769378205856579063990318
0.000003850098989579442775965483
0.000002519914411976900121641326
0.000001200073553105639669085413
0.000000306564301836519095939538
0.000000108125016525593342735765
0.000000637349997885249606701307
0.000001684910929769830446298172
0.000002876690527840780115713740
0.000003804780874156229563808757
0.000004165928955012131526406197
0.000003860438532008763335930980
0.000003019870005014508000261344
0.000001956910995698378268932037
0.000001056612393446381421548358
0.000000646390222703964706110161
0.000000887511799841666039329849
0.000001722393546927575091960759
0.000002893359278830933806306346
0.000004025782745632814125136441
0.000004748772833723280783319552
0.000004815483716530328709521866
0.000004185691795136149952953446
0.000003044984530810519118241165
0.000001754108873937730869545498
0.000000743035359765843212626112
0.000000380982859142042563745036
0.000000861170957951172582933762
0.000002135203299130477919278793
0.000003917774824488528943346177
0.000005761866021641150720060138
0.000007183652072482696263196981
0.000007801168876086475413383046
0.000007445978555272801969740042
0.000006214383476149418247098076
0.000004442307526565619165716519
0.000002610744670518598347340455
0.000001209758119176764401303840
0.000000601697097733069798385390
0.000000924300394992527516731902
0.000002061434442629628888599049
0.000003687515053078410822004138
0.000005368486111652706277235468
0.000006685493254529510018236132
0.000007342684231086390681940857
0.000007228985005973289429610004
0.000006421439775913855394385166
0.000005137680951424734500539420
0.000003659918785577231518561054
0.000002257809501167966060003033
0.000001132347607700509746825519
0.000000391227650633081942614341
0.000000053570568576929722804622
0.000000073402969324143976730899
0.000000368999687269625368756090
0.000000848230791978613351433285
0.000001425484985493744829855383
0.000002030497479293754140640708
0.000002611735196800483937252602
0.000003136906539799384473492412
0.000003591892443303117601741993
0.000003978314855379271584336076
0.000004309755507423471025468201
0.000004607114799520434311275261
0.000004894075979797704791668129
0.000005193557750536486922361690
0.000005525362979186936074652795
0.000005904417036653733386465485
0.000006338624188764713033303940
0.000006825766066679644286511238
0.000007349856516952834085162731
0.000007878408184301297103560753
0.000008362544853598716715131420
0.000008741454146834994463790940
0.000008951395572429551579334006
0.000008937829991972809137571777
0.000008667868974746279175621136
0.000008139712696492716173025418
0.000007386297253356839734295385
0.000006471853854979899730551392
0.000005482010625707176044182998
0.000004509811994326652851350010
0.000003641037592089371238501068
0.000002942183520148584728983246
0.000002453485148838961792258032
0.000002187782662058585075171143
0.000002134392395124896591926660
0.000002265955479415795722835606
0.000002545805321040754961794831
0.000002933767117560429836227789
0.000003389260116888607071342727
0.000003871745811029491121733458
0.000004339563660820487594007612
0.000004748734154340192962508692
0.000005053273018595561280684025
0.000005208014080666742179771128
0.000005174077605319932934260958
0.000004926202223030761341712128
