0.000010608880885196168795676745
0.000010820625769600572603393145
0.000010933591600292017826561233
0.000010928184337704613751391519
0.000010793739875413641346327612
0.000010528386872816149796676377
0.000010138412037480132719849228
0.000009637227156043057721000918
0.000009044038484161256847529593
0.000008382315524078595521590730
0.000007678150409483028608018801
0.000006958592659855949993864994
0.000006250037389497698221804863
0.000005576737688745313426723696
0.000004959502943624468153415493
0.000004414633592050666902571743
0.000003953129191803414150868570
0.000003580191695680963336918942
0.000003295031549405599390344416
0.000003090973402859814676818919
0.000002955853575068678900142870
0.000002872704628134893697091962
0.000002820733097844939973116059
0.000002776611324639984019612294
0.000002716117019730680833244354
0.000002616155745680182192493789
0.000002457182014772000370485781
0.000002225985932936881281986622
0.000001918730647102546726142768
0.000001544015370583340385291838
0.000001125613245601555332335553
0.000000704416389770099096300383
0.000000339043257118965783861116
0.000000104559335051907477037034
0.000000088859557692644302264351
0.000000386474635688300585151147
0.000001089888029851661371201249
0.000002278854734872009640676187
0.000004008642162210830194989802
0.000006298494027738757954212531
0.000009121871038122908757284427
0.000012400077587908618371439692
0.000016000697323773420378215798
0.000019741826133039909924081837
0.000023402446866558165210550624
0.000026738515339175305055019471
0.000029503531081659801474023630
0.000031471669455763974163065022
0.000032461064380853492329550430
0.000032354633319639233368734260
0.000031115964815911513181943132
0.000028798231621062544147507389
0.000025544793118093476449927820
0.000021581021405186416031382612
0.000017197822583880051328878574
0.000012728225566300010757492950
0.000008519184755016648822895792
0.000004901318865079117234888513
0.000002159634252893234136045069
0.000000508322889606276735394164
0.000000072462789300131653169327
0.000000878877788813157838590409
0.000002857549972914716563321055
0.000005853866780758687583048790
0.000009650709315672481269075302
0.000013998075349996791030696489
0.000018646746010238850958622148
0.000023381638306686612248028179
0.000028050120449662360407917794
0.000032580845090319788528651634
0.000036989638770130371615493803
0.000041370624864929268337671031
0.000045872879060062789571307340
0.000050665233973090058404008945
0.000055893998065692390730431482
0.000061639948460769582823035040
0.000067881663198691110077537259
0.000074471861805441611176052674
0.000081131884779889646168091200
0.000087466924604808168647492039
0.000093001474858135505571071766
0.000097231182292058785559055178
0.000099684421693218568756231224
0.000099984979022649730375470190
0.000097906603216097929081457307
0.000093411036862810429138963275
0.000086663373445025100464192414
0.000078021879481532526671300198
0.000068003235300029060282807347
0.000057227857057305875571398546
0.000046352943885202344659855755
0.000036002649330841461009899279
0.000026705020895076236566627673
0.000018844065540955456196153470
0.000012632728864028737998203948
0.000008109185436674368996595556
0.000005155221568481078812939966
0.000003532262317324462786626233
0.000002928272821611653891179161
0.000003007688082199118584847061
0.000003456797833116224949039389
0.000004018494469367719758106337
0.000004512639067012887763045634
0.000004841041523118336288859960
0.000004978679591850433416324023
0.000004954852361924526373275664
0.000004829168197394395488808872
0.000004667480064169674559826622
0.000004522167932134283326105033
0.000004419755919363697622276321
0.000004357073348841154174628052
0.000004305389472481003148912268
0.000004220498595773439084132255
0.000004055837315868437609905385
0.000003775480789730147674254559
0.000003364257564425678030521107
0.000002833095406826071941341037
0.000002218842791888137068581415
0.000001578957752670789633933721
0.000000982399036357392640856083
0.000000498640113251176830657990
0.000000186887457259383181708463
0.000000087342823148328250479557
0.000000215801139253330497261944
0.000000562163215451059935412915
0.000001092720056505915042819417
0.000001755467761891236009978452
0.000002487329782983733611749933
0.000003222032272593291512305207
0.000003897479743331102059887734
0.000004461751671840571693665456
0.000004877202885711365222716485
0.000005122517017328847709241313
0.000005192865215116046476357715
0.000005098521993403783173707654
0.000004862378027455785296513224
0.000004516783655393339443236134
0.000004100090790047589463793772
0.000003653172786785687627868300
0.000003216122635679439913325645
0.000002825277059500361608707607
0.000002510689737720721160775745
0.000002294170613617588247668206
0.000002188003505460167973453462
0.000002194435200979262314419918
0.000002305986468765550988549960
0.000002506568944075748739185950
0.000002773310686217946867859925
0.000003078912459395994526351395
0.000003394293076846753138512292
0.000003691249021362805987324851
0.000003944858127331369833921439
0.000004135398642313280412612271
0.000004249625546650144439881584
0.000004281332744465139008357025
0.000004231217983058550247631689
0.000004106143714745067465037975
0.000003917941826989636981465239
0.000003681938372631384418062934
0.000003415376267730329527567024
0.000003135893666515154442063799
0.000002860180340322412075076053
0.000002602891897234998526698734
0.000002375859639112465443005475
0.000002187598219857541263696230
0.000002043087731799828265187840
0.000001943792641044809540323574
0.000001887876132273433232774138
0.000001870572248975249650437044
0.000001884686123445021464436772
0.000001921200821852391950957280
0.000001969974684308523546878928
0.000002020513429551407307905361
0.000002062796050718420986722079
0.000002088123447008115842946346
0.000002089945859938917080010808
0.000002064612393475642518732511
0.000002011976381829488084502415
0.000001935787065582599153235619
0.000001843803142951424035991337
