0.000166207649707578457472234579
0.000165533385939023702229308532
0.000163826308136494049267142814
0.000161179022200511295852265459
0.000157750286144920460812066110
0.000153755896003234627600689266
0.000149456109763923251877379417
0.000145140135004632022178161499
0.000141108332043835059226022377
0.000137652907216850595986321060
0.000135037988451173194583143644
0.000133480082376164730121811952
0.000133129999850992831273918671
0.000134057392769402431570435752
0.000136239054436044235499303490
0.000139552082541726364759565593
0.000143772872177885758984000608
0.000148582683699080499335754002
0.000153580209428901470411488184
0.000158301145463325237646226573
0.000162244272362466266778485702
0.000164902986372082157933913193
0.000165800639547195006410357232
0.000164527493928005001536454821
0.000160776632584019163593400115
0.000154375864356393369906245150
0.000145312572535451266318023977
0.000133748642636882477579066131
0.000120023093003509325610300706
0.000104640827777620186184864837
0.000088247003477561917822100113
0.000071587778460135265525335346
0.000055459592746521176628675398
0.000040650467823865501343881534
0.000027877967928103279855473612
0.000017729270442076894450083441
0.000010609116193285727475855047
0.000006701152108999548659374820
0.000005947297477967112424939410
0.000008048290105538893885296983
0.000012486605456750755272963237
0.000018570668743438307931844025
0.000025496933912104369679332144
0.000032424256789197334531569400
0.000038553318009686809292573678
0.000043202898382207639556111534
0.000045874750798666179957534944
0.000046299726178393959034017280
0.000044459655156175339313882888
0.000040582096505500434816156308
0.000035108157863627812897942826
0.000028636808307180315261294620
0.000021852026688384141716193360
0.000015441365659132764076230671
0.000010015727674975981748841866
0.000006040134653698935390743648
0.000003783975509774106898546733
0.000003296762091367032243506476
0.000004412112565006424976898729
0.000006778948761627121775670893
0.000009915257766599995010873073
0.000013276751563829541967574205
0.000016330810923748697834415045
0.000018625522193330265927459569
0.000019844507975259856297862646
0.000019840489954168846498680848
0.000018643767782789278357078941
0.000016445552908212825068664034
0.000013559777324992974687671923
0.000010370032356345122601061146
0.000007270216151758414780542639
0.000004608000519794482651770619
0.000002639320632547213527443510
0.000001499937124573162650778362
0.000001197114861734114516834439
0.000001621133463507646724547067
0.000002573255484909134310582673
0.000003804429619838368146003682
0.000005057749359822996574698271
0.000006107667030681050094730739
0.000006790100885253756818576813
0.000007019592932588643721463720
0.000006792164244297895826524974
0.000006175005502388349371716871
0.000005286201288136663585428675
0.000004268996435245131337691844
0.000003265513268257975073438756
0.000002394339657308939449875326
0.000001735208717781078610454637
0.000001322372058007238428690142
0.000001146566176471061572397087
0.000001164000515212142216624788
0.000001309791593031716340684613
0.000001512851997603118152331070
0.000001709413526038006194042321
0.000001853010380296027688061707
0.000001919688303684563178489993
0.000001908228169283813857533315
0.000001836083095102197772289761
0.000001732382314408394535098926
0.000001629677825381912296761494
0.000001556097944539742070464922
0.000001529281298264929078956033
0.000001552989279809258841400670
0.000001616741590591756282493160
0.000001698286792084327270511220
0.000001768283288616239145498040
0.000001796271800818015975813357
0.000001756885716339522279748060
0.000001635265779308288539115480
0.000001430800523724413935222686
0.000001158575248326528457811077
0.000000848246973750232983134661
0.000000540433914254657953746979
0.000000281075011282544919974846
0.000000114534243876307907864038
0.000000076451422368721604219787
0.000000187436643664665206719926
0.000000448642898724999696130129
0.000000840024535895826876015632
0.000001321718888959793251040723
0.000001838522374726860475913776
0.000002326941268181620696073320
0.000002723863289476278585772139
0.000002975597766697801503730635
0.000003045928702416921966177011
0.000002921943064460650684268424
0.000002616722557053368852173761
0.000002168468397170370615329501
0.000001636182638005184918243771
0.000001092559479810659446761775
0.000000615153548419925271045175
0.000000277119715731811327808978
0.000000138826982384585135897419
0.000000241445080207844654871240
0.000000603233199190837839675562
0.000001218799918920222313245267
0.000002061138419598346801630412
0.000003085852434663260258169634
0.000004236736707147554712154375
0.000005451790864066409865093792
0.000006668823856121882675293371
0.000007830013816661142810721628
0.000008885071400271358309078985
0.000009792951621784794485198189
0.000010522313239107876730563280
0.000011051094581553145220517535
0.000011365640800620565830356991
0.000011459782926203238842197130
0.000011334156181358238203249825
0.000010995888436529110162957756
0.000010458628124941898168698273
0.000009742748952591162535093010
0.000008875490602845677252973403
0.000007890781020574717024500082
0.000006828533531677234722845945
0.000005733306284024651357299034
0.000004652330284494983681691307
0.000003633031353733847645926490
0.000002720268715416661161129877
0.000001953572753132476346767240
0.000001364678784202826007413106
0.000000975622943697608638211017
0.000000797598096692701609082392
0.000000830674820793928508566519
0.000001064390047559477043068307
0.000001479108812789965313077884
0.000002047985214935836794741776
0.000002739295705252088184084632
0.000003518895289617694172403829
0.000004352554764369210932794477
0.000005207970723384620445758041
0.000006056293191479999500235684
0.000006873080481201422023852105
0.000007638659215712118586479734
0.000008337932180103193690982877
0.000008959731933810723673470774
0.000009495859806741778193304310
0.000009939975575503567581121117
0.000010286511840079642555079338
