0.000179655587014215095947172740
0.000177857866600455744466452446
0.000178299538430413679994390730
0.000180378902664315256048829794
0.000183403908945805970255940598
0.000186617888029960417393265937
0.000189231485590164017320316536
0.000190461660460459737903918254
0.000189577767105216578617452039
0.000185953556509213399844729353
0.000179122464484655419866138137
0.000168831963368989680868495484
0.000155091273429548557509852214
0.000138205669232234186699984080
0.000118790293457357473650912172
0.000097757075881010208062704692
0.000076270203176367819828188055
0.000055668584715824474579322356
0.000037357708564587031039357784
0.000022677791903994209065601600
0.000012759657704534527642120482
0.000008383666056984337400757867
0.000009859602161260678745329303
0.000016946009534959346240056560
0.000028825507247643383470407999
0.000044147819385331187893271865
0.000061144607402818684674210281
0.000077810262516413665674110123
0.000092131713539338254241595205
0.000102339756794988192179114705
0.000107146564207018338580820749
0.000105931074818088599969606589
0.000098837645606618772914885029
0.000086764275913961950471853246
0.000071234015545424826968898269
0.000054164180810318098349687155
0.000037568656626633528943393775
0.000023244120264611122162650217
0.000012497241530518213964949525
0.000005964287696905648533543878
0.000003557272687496404865747403
0.000004545033864193614495910652
0.000007749080894923196028475226
0.000011809587991776604416283361
0.000015462686165100929789641138
0.000017769998553217121917309484
0.000018255244005228776402703639
0.000016926992254987200758973437
0.000014194743993429570684148763
0.000010709949004319247603338704
0.000007178147307312540456700374
0.000004189967738497258504528579
0.000002107957556068769082181216
0.000001027277780789074683001389
0.000000807232588176351227827684
0.000001153378537848086241558395
0.000001720689743233046774056275
0.000002208197765600788749256389
0.000002423140418983274820837566
0.000002304529523888520376324581
0.000001908246544655970333877193
0.000001365071840819405681882064
0.000000827675914134671473975052
0.000000422356978701981864735910
0.000000217232591281224542778614
0.000000212378195255861326859711
0.000000350869889449342017418278
0.000000544391973133176690667146
0.000000704087802583633832521643
0.000000767132851150847971762243
0.000000711893219007221890032831
0.000000558670942736863913015096
0.000000357646638742418564884095
0.000000169316146222147895728787
0.000000044405951047040260917709
0.000000009554015927508704382585
0.000000062395968430109183910820
0.000000176190686697240509216356
0.000000311060313763530696888588
0.000000427316206682904053807716
0.000000496535898444776068205470
0.000000507655946690580448634530
0.000000467480782397281883615856
0.000000396762729786226477174215
0.000000323825748347120126768340
0.000000277571522093587961044019
0.000000281053523521756426966972
0.000000346206258523623597988118
0.000000470150297023637384116865
0.000000633744565930106178390632
0.000000803358230105843013711523
0.000000936703152714174627370262
0.000000992712821204453281663982
0.000000943984681026041921738203
0.000000788739446449990180059374
0.000000558319726668114387567563
0.000000316564137907386210912260
0.000000149155379773032773673531
0.000000143903447064791054059863
0.000000366061549724480664599966
0.000000835138603278826742885095
0.000001510361043483606477872165
0.000002290498614041572990167057
0.000003030392789666079841290900
0.000003572023798555644288595448
0.000003783546683314095387495705
0.000003596713850225975539845209
0.000003032471574579033192769085
0.000002206651579125100188681022
0.000001312202365380943870070839
0.000000580253996014146682154585
0.000000227991898980079901238489
0.000000405303700671576409562041
0.000001153315507338429751535273
0.000002385812579679891415362133
0.000003899543252967165387918441
0.000005412678820158426190264390
0.000006623850606241467903092905
0.000007278878156337235846547531
0.000007229873241066991661804130
0.000006472538869358096454446547
0.000005152053031291839865432342
0.000003534998254524518219619415
0.000001952799381571809861178743
0.000000729172272144371730184114
0.000000108372654786636694892007
0.000000201325368422282872063629
0.000000962703702823086048795246
0.000002204538689405507575417957
0.000003642813993549659504407080
0.000004965174719222849924137562
0.000005902681010151886325273800
0.000006287971971431953609904010
0.000006086420154998712749982309
0.000005394547602542602812204526
0.000004408785451530090890109002
0.000003374961749424493028621727
0.000002532672872817358599551547
0.000002068161666938789505239661
0.000002085146274515791915726056
0.000002596954357097616947121785
0.000003537428741651445599522650
0.000004784098265245712846768789
0.000006185841872487125666269132
0.000007588462607201400557106578
0.000008854222695251747217545964
0.000009874223349270878745268312
0.000010574560995386115321709175
0.000010918036769948762646680399
0.000010902996847372224123104423
0.000010560156897144199681900026
0.000009947588083840401871433753
0.000009143789605308665481651215
0.000008239013046601436076016127
0.000007325545404734638827012536
0.000006488189507604076936009285
0.000005796427571422687500342277
0.000005299581256095009808271788
0.000005025723187170904514503925
0.000004984313086833033298764066
0.000005171745438783997436628295
0.000005578407402812896024213614
0.000006195589412277611393055615
0.000007020708493548987217682499
0.000008059747665323660286654933
0.000009326465682670090524830631
0.000010838633536785715781244899
0.000012612150064997670390791809
0.000014654256228440282286982002
0.000016957145871483993659033229
0.000019493074096055759149813402
0.000022211673430800464611786088
0.000025039724533862419406961275
0.000027883218785221246672611367
0.000030631289758884114803830917
0.000033161517127254879866264659
0.000035346193624145434101103264
0.000037059314939285674893581363
0.000038184201245594325338506003
0.000038621695041481354424527106
