0.000516052746758296609214111683
0.000515675415369026444653566266
0.000512271580376538510255557402
0.000505719257817926147978437879
0.000495871670349697134597133363
0.000482577994891184882102902476
0.000465709054179520485182430800
0.000445186777177784072292293649
0.000421015725515374997830336801
0.000393314369951805811731482265
0.000362343208541018380660497789
0.000328526379851097020002442806
0.000292463274181081289791045430
0.000254926888435999131257009287
0.000216846357596952460117939454
0.000179272212737078808159410515
0.000143324386849026376130125660
0.000110124702170072267561062862
0.000080717406511084376649969863
0.000055983179072363541367400586
0.000036553812975403895707982721
0.000022736397965436514872475046
0.000014457083641310661497984824
0.000011235059102205553183107499
0.000012196717512321740003533935
0.000016137449587364998624663612
0.000021633573707201087611478804
0.000027199391283344895542352024
0.000031474806791279749923050807
0.000033418888528935016175597933
0.000032476626886084172590382635
0.000028682966091993490441577550
0.000022672668588072122073957121
0.000015578120096540587469734207
0.000008818886006531699331650702
0.000003812944988235241044745132
0.000001663812442567162764483135
0.000002892811978763013316793716
0.000007285117031440083146514447
0.000013898792770291922758730749
0.000021250037986154801395713085
0.000027642904198545671591753792
0.000031569892822590356893427271
0.000032083936068585434822977853
0.000029042151201298339261835241
0.000023150344065069485661404608
0.000015788665938722286195437447
0.000008659348586322719658033356
0.000003349175485394675806378583
0.000000925883148529025082013944
0.000001679692293162126428282890
0.000005079960797635883357214765
0.000009954580608222222813013039
0.000014835345765641164941968377
0.000018366075708241443969733278
0.000019655934502625307816817135
0.000018481760751287406164926341
0.000015292373654448435170254139
0.000011028224752825549367886079
0.000006822145404115907390131361
0.000003675770565264964906057599
0.000002204567809053139928793155
0.000002515515192470675818439858
0.000004236809016078062049446770
0.000006673684323512819302265039
0.000009032075148387347688586774
0.000010640343527194993372285599
0.000011109205144064983840552531
0.000010395339629845341309992944
0.000008765399449190436703357489
0.000006684459738990421620954442
0.000004669382732546463482146623
0.000003150421432691091821944474
0.000002375258853580133789094387
0.000002373174561794396985784468
0.000002978871112993931967850934
0.000003900714847403506114196289
0.000004809871996489302085420539
0.000005425834006067843640584714
0.000005578873182114570082059356
0.000005238558680624495529512628
0.000004506808741705502251769649
0.000003581779898668707824910869
0.000002703880118492106389752570
0.000002097039927950487105741840
0.000001917542206965838912129585
0.000002220011342162108324471605
0.000002946398106638949117655219
0.000003939560006466694317924827
0.000004978716407296682804561015
0.000005829991665493342295879895
0.000006301914163798458560702964
0.000006293785235798402779205853
0.000005825037412249213083169884
0.000005036646271316922471132649
0.000004161368488901646793282768
0.000003467227270960125876781387
0.000003186538968101145276199055
0.000003448570365513292936237959
0.000004235398201479432367779279
0.000005376364209681048341382074
0.000006586939745806105223231968
0.000007544985372079205686638402
0.000007984988492739322508149127
0.000007783058259905522647311565
0.000007005498028551304242022950
0.000005902653887013957782672197
0.000004845496954945796340495211
0.000004220448622764422512594618
0.000004312429681740685404067216
0.000005211838342161701318627515
0.000006775599641025631056107797
0.000008656782330965546328783999
0.000010396297892972005322059434
0.000011550659497837250711850532
0.000011818169121664722545075529
0.000011126114200373438115261072
0.000009653511267081067286641508
0.000007783619660842845279350756
0.000006001369532118709822481745
0.000004766331816535627856606244
0.000004397329736692642238146851
0.000004999200634517952919835555
0.000006448136668088816239683553
0.000008434498998617185745968299
0.000010546612538641543933663758
0.000012370086067082868529209971
0.000013576416586973811723745680
0.000013981056269409078304756175
0.000013561789414094102226198205
0.000012439506343908988223942447
0.000010832127428234802600797056
0.000008996745784914533680893048
0.000007174826263982187623960765
0.000005551585011142366198641333
0.000004235184485795176809576693
0.000003255831417275366344887041
0.000002580546832548155841826959
0.000002136958233409292290595110
0.000001839027590434978963609232
0.000001608822087802320542485653
0.000001390652126944317709962670
0.000001156453859203956512514272
0.000000903549284695177050264858
0.000000647413524780306520668878
0.000000412602304725780096822076
0.000000224602711694981639460001
0.000000104357261220315512726725
0.000000065989011951332544122524
0.000000117221844720714016218535
0.000000261404850525895667430590
0.000000499973734346562566287458
0.000000834495047750942929860982
0.000001267920666400651634372334
0.000001805111994669063677648475
0.000002452938360915198426765978
0.000003220283355159826833922620
0.000004118164862502003849796528
0.000005159984921776451785775143
0.000006361758920643673754580574
0.000007742077462127456161924619
0.000009321538723777062515705311
0.000011121443164099844249010675
0.000013161650138267526766872040
0.000015457643579184185444238414
0.000018017025918544068567887437
0.000020835831257396977914944300
0.000023895184198506342742457376
0.000027158888842970996317606122
0.000030572482066234191796106484
0.000034064119441488320636640674
0.000037547405545239850887303396
0.000040925984177234709109234612
0.000044099431734609054059706446
0.000046969805268503378654128960
0.000049448119540820437221428224
0.000051460068466986778380495987
0.000052950442187708689862832290
0.000053885881832739455899426717
0.000054255817904155957806175414
