0.001218849663111371949691941197
0.001213328651249336422382474332
0.001191423269114632536164188892
0.001153721830447286371412740635
0.001101242443077962446934536800
0.001035417562879863010230629961
0.000958068469418801209672165164
0.000871367768039487972792089820
0.000777787589837420170225945615
0.000680031015970814726318005583
0.000580944700748392051960211635
0.000483411965061056238951442410
0.000390227888298082269992461679
0.000303961031379819206482001404
0.000226810011028706273858088216
0.000160466624893571436225384041
0.000105999869045612842640043116
0.000063776259177992280493749155
0.000033430778307733214098004804
0.000013899228385526939829838246
0.000003516845334444144118756165
0.000000180244687693231444135396
0.000001560972025178336455419198
0.000005350293413693211737672262
0.000009507680476838738323902556
0.000012481032131963263020731428
0.000013366199154891429470306229
0.000011977715887491933267417279
0.000008812209216548112970606409
0.000004900486858008906869746922
0.000001562624172660514272945433
0.000000100153403921490547637745
0.000001477191939334398337839026
0.000006053572937844407491464992
0.000013433137864110130695180154
0.000022475825079523662072215201
0.000031492330300115284802322385
0.000038598479865664855599591970
0.000042161469741354610867543895
0.000041234065916326174689853640
0.000035858941194006732199744958
0.000027143220426010297155125506
0.000017054532351006148694141928
0.000007964839852705891525561435
0.000002046993122301366577572195
0.000000685791819226720368463265
0.000004077761147278322253616634
0.000011151315107574162260937849
0.000019849149973668516676013687
0.000027703330827990726650681200
0.000032537108459087316417440022
0.000033080657326152481507129666
0.000029310046334721536864364316
0.000022405397401096228894752660
0.000014347234636686302837525579
0.000007287200311431992992008359
0.000002899668666914263648738508
0.000001920130473366617403533588
0.000004006200627112019807768515
0.000007944292716699438038812156
0.000012110416235821831856854860
0.000015016937210517926175323833
0.000015762472631415791316823738
0.000014249792024879277162674115
0.000011125140030593927805346519
0.000007487872177706474708942363
0.000004488716585203148387508022
0.000002957824393529859077382272
0.000003177788808635726966104031
0.000004856527755126811837847571
0.000007284473315587221010350069
0.000009604113127218487865575935
0.000011093774708834660901830491
0.000011375684093967946042855015
0.000010493297647378042254423698
0.000008849997097622688569393615
0.000007044341884061613538465640
0.000005663850545935967762875823
0.000005104192784466794200663817
0.000005465381229504151256327199
0.000006548181316057184707943913
0.000007942184297950188068227970
0.000009171034584057725333764918
0.000009846635127083216683461370
0.000009785273042213517077502101
0.000009052946080954767536157039
0.000007929905887109279906204383
0.000006808897503532257807412273
0.000006060949794825853590004780
0.000005911563852356121476965076
0.000006366313381414483374897903
0.000007209312567647145144104307
0.000008075192803563909258813061
0.000008571901075967743423647538
0.000008414959948794124605826739
0.000007529267701137201231954311
0.000006083987587240828911713027
0.000004447092046268816391090244
0.000003072290722033216624567171
0.000002353915594217644747810627
0.000002497057746487191775397853
0.000003446433018586562977613125
0.000004898823335116199423735009
0.000006396403240664445012653421
0.000007471070520836618812925319
0.000007792487667981987933471522
0.000007271119550018472641936523
0.000006082766096117303328445758
0.000004607663993673219337741075
0.000003305835588547174916856453
0.000002571007784598749696476552
0.000002611119548888936989943822
0.000003392688862639964495886711
0.000004663503635395929524222816
0.000006041679450037206659893801
0.000007138342218497955800110468
0.000007672738856969395069727510
0.000007544381905504862167023781
0.000006843754622822180523123749
0.000005804481160555810657800200
0.000004718171463568310319315613
0.000003842657675589249861305367
0.000003332875824157336650281278
0.000003212918373765084019215953
0.000003392349882735679462942777
0.000003715311436794503995804375
0.000004021879409729555128005882
0.000004199896553270296581871716
0.000004211551177655914227310023
0.000004089503892980414075596605
0.000003908360284387352464967585
0.000003745049903021594264480171
0.000003643957193410881503846215
0.000003599278629467667089698174
0.000003559774705873110795385610
0.000003452690855577585798025534
0.000003217036526506892478498257
0.000002833630118271049749980152
0.000002340895786074999755573553
0.000001830468120044516307953113
0.000001423388691058301653766510
0.000001233935001278150553357771
0.000001332111584355428375784475
0.000001716515908774725238637466
0.000002306557947095805878031738
0.000002957636202371620981862099
0.000003496309581115777347494564
0.000003766558190694663391725073
0.000003674617005662763152921144
0.000003219751837229680351069438
0.000002501921264778989710574671
0.000001703600646700828174213527
0.000001050281081805198210826335
0.000000760079203781128895112693
0.000000995669096470561713560238
0.000001830579354770946687790915
0.000003237312773578714901869056
0.000005098377182372701053262448
0.000007235274369456497907361018
0.000009446586529017919037329483
0.000011545419576312211578446483
0.000013388384337410988688668242
0.000014891915249254016956814359
0.000016035593856042569326858863
0.000016855046955399045433216312
0.000017428329119127834983399294
0.000017859566967206771113171188
0.000018262609969854552396028788
0.000018746209614163422002303810
0.000019401371259913958186669319
0.000020291189980002320318369299
0.000021443571709810038520855474
0.000022847455781218495323619047
0.000024453199101901128655663781
0.000026177497268102119481851531
0.000027912626816525597575873591
0.000029539061048922566222324493
0.000030939860485149168144690390
0.000032014855888299783551100702
0.000032692624101655383536332855
