0.000033135192107740875410229475
0.000033884342626787641937057688
0.000035343318268713721662290655
0.000037868729601374091862237004
0.000041809854321172716705781736
0.000047489034488193407530266799
0.000055177089662343674933246696
0.000065063650346836954339174719
0.000077223199907237833434711649
0.000091578702835710593501208909
0.000107866053812505396014218007
0.000125604158492826256839081100
0.000144077020796308600527821375
0.000162335325784294882880270938
0.000179225099682938260759607063
0.000193449550849611906933739336
0.000203666836579499005172727566
0.000208621382358524596473126067
0.000207300144983300752878074835
0.000199098936641639448832941106
0.000183978864329551459241146594
0.000162590154384865297806234130
0.000136340703947143888647569598
0.000107389622286285839553379717
0.000078551379709518981929450288
0.000053103524472522103190737230
0.000034500140072075620477961427
0.000026004569397500873310924430
0.000030268695016004389439613978
0.000048901709085194029367690827
0.000082086690289316429779316320
0.000128314342856266413311905339
0.000184304520291696271629133808
0.000245172529151699823430493597
0.000304866120319396635435921228
0.000356852569754366087066005386
0.000394980862675470083787698794
0.000414393811023682227985542870
0.000412332801609321248064582432
0.000388675464480568212417149754
0.000346079500700271559029269630
0.000289671314117970267291990449
0.000226304301835891221936214457
0.000163500542179126047773185526
0.000108260767819006424464781113
0.000065963265354324063238777853
0.000039562339267282702396071742
0.000029241072600907660171149632
0.000032581932704867548687265727
0.000045211691440126506669541784
0.000061778091415716404046984400
0.000077047638308786384046290829
0.000086893140982409824719240321
0.000088971466834918743545219944
0.000082968922763699892242508782
0.000070394833803622951793124707
0.000054007630569263037254544579
0.000037036374554022755351337381
0.000022395359298100235621951232
0.000012073492869692368088699146
0.000006820595955951841641152870
0.000006167911647336104643602785
0.000008734083599869566836670746
0.000012703236493820317434800225
0.000016333437674381459008346451
0.000018365250291476741000993786
0.000018243588910840911356241872
0.000016126106000627208648945388
0.000012709798172505170862391088
0.000008949212282523902678367696
0.000005756027306314143537316515
0.000003760407357301824450009986
0.000003185812419058420607778778
0.000003851438202066832135737375
0.000005281251663960751610322076
0.000006874383401288688330555126
0.000008082861410168328875937294
0.000008549098117620232114080570
0.000008173152583355389183680448
0.000007102402408953609403352222
0.000005657405551706492977776745
0.000004222272847289157222049841
0.000003133056788580311662387699
0.000002593477257425674510843763
0.000002636133306652162386579750
0.000003133082288757483177364790
0.000003846507719606769598488620
0.000004501476691240654189637808
0.000004860113827518101817638883
0.000004779510263976141311076298
0.000004242372344644320045757048
0.000003357144902830191018531332
0.000002330844169740628894272640
0.000001421975571168320805166352
0.000000882859598900107108512836
0.000000901405601873488804067782
0.000001552733927943305347943708
0.000002771081887411568304421328
0.000004351151006040012451860522
0.000005984046015825236628426706
0.000007325482062292217833531470
0.000008083967156489559518833463
0.000008107178687590715213313365
0.000007439915691638270637815571
0.000006330434721678198575626258
0.000005174744747614670198766328
0.000004407860760349857359317784
0.000004370940835433765520089220
0.000005195996584019228696602229
0.000006749316418185010589189925
0.000008659064617044152123198804
0.000010425631419884510254309992
0.000011583987343604036881930357
0.000011866205901647712659015277
0.000011307996947439328064028558
0.000010258447336914952797070830
0.000009282977066793651578567419
0.000008985629566834650054835999
0.000009805654330657636504075571
0.000011854489332214449698321701
0.000014848311599006678890462496
0.000018161620019856153569227930
0.000020988767248502771119948035
0.000022565961224155526654647219
0.000022387457726794558114744721
0.000020352359018372442444472226
0.000016801033910543298929536962
0.000012434423661934019075423971
0.000008143653350055992296051624
0.000004800517619538278949885453
0.000003065261107597982978621547
0.000003256806709549483379783838
0.000005308145799394153927072606
0.000008804873955135842739051430
0.000013085962944225208262638040
0.000017377222370364516266334418
0.000020929174192351751457525158
0.000023138250508603624972089538
0.000023638270345372539287410324
0.000022354590271678340606623797
0.000019515736778725268133188181
0.000015618955523452152540095708
0.000011349980702678295777039580
0.000007464993070507355110005093
0.000004652906991994799971697552
0.000003404945647174524248421016
0.000003921313930515919689463733
0.000006078713414694510779284591
0.000009467965047649532574517914
0.000013492271515866099325397544
0.000017499957375820577795688671
0.000020916743660660891076814166
0.000023344770359741633493962792
0.000024607647736022211781836688
0.000024738221125508324832898560
0.000023922275750006893131529434
0.000022421717364242106445507835
0.000020502222994184865956148606
0.000018383764984211196756450427
0.000016221268864031301832435636
0.000014111508966537883742590510
0.000012114941713454599884797376
0.000010279283571725255659991619
0.000008654734037766863001431110
0.000007296641068265005320467136
0.000006257388975926072064402683
0.000005573199066071380376025633
0.000005252434493106354697106349
0.000005270247208661311758817660
0.000005571224191736184601191073
0.000006078544054981171886173266
0.000006706164110627309098144888
0.000007370184230668088703358233
0.000007996572506437676133286482
0.000008524242471624775803278572
0.000008904275951732152548584800
0.000009097284772749766827552344
0.000009071214456042854355896296
0.000008801366398787514907088407
0.000008273349287660511857485021
