0.000040195904315873734469199974
0.000039819193954440188355607677
0.000039754493247408980577395354
0.000039922276827681236078398941
0.000040248346993838859302159566
0.000040666943679061671578639503
0.000041122797602537656646692205
0.000041572248332095028031628325
0.000041983564221815178113192402
0.000042336603410554415221657421
0.000042621948546218734246975729
0.000042839635833683821183100887
0.000042997583719531073259429582
0.000043109809809868715783313237
0.000043194508022717921459296408
0.000043272043032714336229221236
0.000043362907342804910069532925
0.000043485679364721624982122877
0.000043655020090785021102952612
0.000043879752330019806245108016
0.000044161080567574665343977269
0.000044491031089664952386571878
0.000044851220007175910493499305
0.000045212088996412100826670366
0.000045532781316195752776415651
0.000045761858545095054472823248
0.000045839074034979067654924090
0.000045698412708883976471145594
0.000045272567297238071608485310
0.000044498936737926681026129849
0.000043327093373250422927382003
0.000041727466825528071795153168
0.000039700737890119838292054405
0.000037287141985173805373496303
0.000034574580734802021523503074
0.000031704180497325229655131845
0.000028871780053585017518239311
0.000026323844954312896173356795
0.000024346557403107364525888731
0.000023247362956673054345483470
0.000023329078081696002285472941
0.000024857734645544097786982671
0.000028026557864066226890761846
0.000032919682346536411786039333
0.000039480198473860062934742698
0.000047487658979698426687816176
0.000056550051141921751148445435
0.000066114304799683157516133891
0.000075497621281484983868544092
0.000083939379034832936284961369
0.000090670363716892471406781639
0.000094992994147984801257648957
0.000096363578377861011442159778
0.000094465962650188876155096795
0.000089265677685484762140383230
0.000081035109122385727878877526
0.000070343328050263644372029626
0.000058008714880061510387430912
0.000045017805158779417495570896
0.000032419070967651462782110894
0.000021204727128053035877311427
0.000012196289067758860056082081
0.000005949916332854124246946100
0.000002695330773568605574699343
0.000002317524063743227349617716
0.000004384223180397064595164268
0.000008215161070097484334899193
0.000012982767676194840108529725
0.000017829073673466058497921738
0.000021981265990673489038251254
0.000024848879406780835049596209
0.000026088957866494650141616501
0.000025631065135204818879882671
0.000023660758785007520382066490
0.000020566849303343513342880872
0.000016863261821224705420876194
0.000013099675062102688005922016
0.000009775837970386299489067468
0.000007272583840936568012750570
0.000005808592235064197959988966
0.000005426775337638159782665398
0.000006008842221240339373229504
0.000007312121572956104272153662
0.000009019844632056940659831264
0.000010795158667924709773372136
0.000012330079389729953930803300
0.000013382946751571215393940631
0.000013801034730955926728554126
0.000013528036895793901550665364
0.000012598580581060851409438972
0.000011123338446720076893746085
0.000009268639240414868810916289
0.000007233942264369347337248442
0.000005229528822595372912344133
0.000003455723787915260395494244
0.000002084249808401918970332143
0.000001242109923417148514780597
0.000000998646719971500013666998
0.000001356907538812347062021990
0.000002250829475159133767560478
0.000003549738884830224527444208
0.000005071059258026650034970398
0.000006600954734545066870834810
0.000007921121917283347819071712
0.000008838444562973457295789077
0.000009213155131764149205356521
0.000008980844260675438991427776
0.000008164293238583167095639981
0.000006872618919708040535537438
0.000005287338622692700890973606
0.000003637252559718982589635631
0.000002166021720268233849074476
0.000001097576363221636759249394
0.000000604776971217869490550652
0.000000786038085737028412390808
0.000001653104914715157260253616
0.000003131192441749776395238953
0.000005070675101417277014258841
0.000007267837529303237138875084
0.000009491132582563134069148642
0.000011509047713310080143398959
0.000013115996433142562796773586
0.000014153444676334017013276563
0.000014524508815497197243430186
0.000014201288642210632500416378
0.000013225054540089661473745500
0.000011700014295799817293274384
0.000009781750019896629427590060
0.000007661607135907212722978829
0.000005548421472322593412610653
0.000003649053296134700175625811
0.000002149280384989859963245197
0.000001196658919895998935282511
0.000000886930151788854204944392
0.000001255364920788195384534895
0.000002274052994724849204841209
0.000003855561765737416811590261
0.000005862665875082837055049922
0.000008123089814114993928743577
0.000010447539042894252796461578
0.000012648847243501787698805039
0.000014559929815108907662397908
0.000016048442324106262989007188
0.000017026567225119199316517998
0.000017455101972375799637303070
0.000017341863756342057483654864
0.000016735213110061175048517285
0.000015714098769662366330808825
0.000014376349346388079966999052
0.000012826951327598910221903031
0.000011167786388312246203136785
0.000009489833534108338118661687
0.000007868283234331513101159419
0.000006360476424493821426503319
0.000005006166557328865780826955
0.000003829365908384097807147517
0.000002840991162691127120619146
0.000002041639173349403394482765
0.000001424043449381388022089204
0.000000975015115442741864601852
0.000000676894247097208487647731
0.000000508683629957407595356136
0.000000447088740100554190125682
0.000000467652936222078054369773
0.000000546082952677188274589169
0.000000659743694198225836483140
0.000000789198751238993755701095
0.000000919610015791640978214934
0.000001041798102525246846460517
0.000001152802299139295813385745
0.000001255850578866093932896026
0.000001359736982214202756475514
0.000001477685348454802752296761
0.000001625839260186261348519366
0.000001821549529870670289463945
0.000002081631586410580290536550
0.000002420741047875595211824043
0.000002849975918597513898592594
0.000003375768842231670062876145
0.000003999092212577369508401306
