0.000150614257713459789812457390
0.000147229080887509278761926534
0.000143947604014087507905139685
0.000140722733124218503776917122
0.000137503481719627703230846016
0.000134236234899804909468865044
0.000130866337339441093402803151
0.000127340185353619860224999583
0.000123607965480778086812818639
0.000119627110809423077650986977
0.000115366441757324425737910034
0.000110810824789382426545057692
0.000105966030812076585565159603
0.000100863320993779611461395318
0.000095563153569991446693518422
0.000090157317005034375641432665
0.000084768780032614697897939970
0.000079548631619409855292995859
0.000074669679096641902466685581
0.000070316581582155653074028834
0.000066672800496063371424905475
0.000063905110554716320400009399
0.000062146874707003264695984179
0.000061481673156732520872831682
0.000061929114933238662947523334
0.000063434686067449232941412030
0.000065865262104264189562362330
0.000069011432671616288565472064
0.000072597094382077873714331773
0.000076295949878879966259137557
0.000079753720537079390243834220
0.000082614164365379778539634492
0.000084546501655387924951956524
0.000085271664219631733644746974
0.000084584920849900525029185783
0.000082372854205597060986768221
0.000078623285641860136334184428
0.000073427450359901064798513748
0.000066974403874470067490713709
0.000059538210816428372221253973
0.000051458895923536179600136370
0.000043118442795533301983325336
0.000034913361515423536386194814
0.000027225570140862677170944320
0.000020393578600147146728848238
0.000014686205808681543875807499
0.000010281222692016411761188090
0.000007251275434445978905972311
0.000005559082832156970705535150
0.000005063144318706128910938073
0.000005534056892561020407281247
0.000006680148274012055175925633
0.000008179720533589111898281794
0.000009716050527591628616563488
0.000011010685378827572781504016
0.000011850688882809577999639938
0.000012106375497859311735873895
0.000011737577080134169957856619
0.000010788336911452735158815919
0.000009371741593328626750863432
0.000007648013135640640010434917
0.000005799716367836870569232605
0.000004007881115834657359943503
0.000002432075202306410796891959
0.000001196238231736855730827601
0.000000380736389273023954897031
0.000000019964078891279084070322
0.000000104146536316248708007317
0.000000583881428504178683168825
0.000001376318091951550184412630
0.000002372492645682497694416182
0.000003445930956392401532602287
0.000004462937670973251587510852
0.000005294851727552227179708372
0.000005831966012946011476117316
0.000005997940707021097218626816
0.000005762664104357202394591283
0.000005150949562679173989365646
0.000004244469237050754089127236
0.000003175047460718783572911246
0.000002108819090184330080053800
0.000001222564426786333161554544
0.000000675384148661905971005074
0.000000580337773778462548537665
0.000000981343594676932200006662
0.000001840274050323264699185501
0.000003037737083297696183555817
0.000004388707766983858855902329
0.000005671373523349984076974157
0.000006664825813538146769172965
0.000007189144914824866515782546
0.000007140463388791280640460497
0.000006514038574734294739061128
0.000005410223112551141761458577
0.000004021212655145063275756011
0.000002600039920677897045848959
0.000001416788953401951210074811
0.000000709717197872911790625420
0.000000640313561372982376696309
0.000001260955216197035580168520
0.000002501751222213413131654526
0.000004179718941916054245695918
0.000006029260984852364967806222
0.000007748798749920285042214196
0.000009055189267128385059279355
0.000009735867129865953878615527
0.000009688881570593944113985348
0.000008943132888098519095074722
0.000007654763079805242427110408
0.000006080124519055338495291275
0.000004530169715519881497767154
0.000003314612050661092146656376
0.000002686120251500101253655951
0.000002794765407573926542175594
0.000003660965647836792508145127
0.000005171676986558759812461633
0.000007100257323701809893210391
0.000009146126614493050005060687
0.000010986874117639507147025854
0.000012333448177487635281771895
0.000012978823916286807979634903
0.000012832043151609464411589540
0.000011932393011856298265438089
0.000010442130845781239154826565
0.000008619863853817444712419188
0.000006779783441603858516483899
0.000005243933962250840388882520
0.000004295309087683435114333672
0.000004138835865530183389792308
0.000004875487655499716359362543
0.000006492289239664947235832794
0.000008868332752838630042612270
0.000011794569413354408346419205
0.000015003422703870272230286705
0.000018203366787590824087171917
0.000021113544961031202465764900
0.000023494140804482408423862344
0.000025169340755548620989058908
0.000026041087054618461372416244
0.000026093177012423188188515455
0.000025386434788972136468963858
0.000024046553504471019968363396
0.000022246737799240169804453754
0.000020187486226895357086397881
0.000018075791711878750001258123
0.000016105774929472254779509385
0.000014442367778663594196425154
0.000013209190807398190074979649
0.000012481266628995230577115275
0.000012282718567981570852208975
0.000012589151447244279483561255
0.000013334027521567757643291240
0.000014418059788960857552043635
0.000015720466694404169579260544
0.000017110877336075723786348521
0.000018460743612543255103529416
0.000019653290880149817574599341
0.000020591294828956543277488633
0.000021202273812515912241195154
0.000021440993700618556620394670
0.000021289459912808241697293465
0.000020754789904255111621491151
0.000019865501643012994258856788
0.000018666814737434233277416432
0.000017215547518179825480909989
0.000015575120812949500926150592
0.000013811067373077642338511338
0.000011987315737433091547992775
0.000010163387157798107335304749
0.000008392527987727003819747908
0.000006720706325138881059779328
0.000005186334467421794023689677
0.000003820537868479100290406651
0.000002647774396253052108917564
0.000001686611345090587045289087
0.000000950488299808524030473048
0.000000448328282993679503362611
0.000000184904519730609038831798
0.000000160922253011776968624336
0.000000372830221981847602807941
