0.000000641260367309016697962573
0.000001686819183623603986648645
0.000003084507918352489791409066
0.000004633443260980461161327622
0.000006229741479022349866874388
0.000007858992224555295542909837
0.000009592131532951672496481628
0.000011583609514715059217253822
0.000014069964187334023811922108
0.000017366408561377576268234396
0.000021858861069104097138221174
0.000027989044100937009352950482
0.000036230856450548580083639849
0.000047057150098593114367819673
0.000060897199845864835533650744
0.000078086389859800716924456698
0.000098810804928773764838068061
0.000123050427248239943123567230
0.000150525533259339422539543896
0.000180651780794612655707542803
0.000212510489256365384764732585
0.000244841701303117015124655165
0.000276068429268285279142014499
0.000304360342244289596227990735
0.000327743128082503393759539190
0.000344255049233670108906057994
0.000352144511111616607349633634
0.000350092418577653313911668409
0.000337432474584741979271862444
0.000314334082730188140754334913
0.000281909213565452324359861258
0.000242209003521280067262183566
0.000198089003863607710127781036
0.000152942733930468957505993677
0.000110328053087657525156879690
0.000073534643409525708495841356
0.000045157855849668087407783323
0.000026749606243791080033723323
0.000018608648517531318079386987
0.000019751377295758344168011972
0.000028074383101668965112768586
0.000040687341386391593549623491
0.000054365801215125236691555477
0.000066053074069199503581817368
0.000073331487593264070351181672
0.000074786345869781367863039778
0.000070200203320373123294997897
0.000060539157244903131103661020
0.000047725139346280236662609098
0.000034225978817998772450389988
0.000022533430183639547163092220
0.000014630597487189556696026219
0.000011564450417075269899767551
0.000013227637051976287669500902
0.000018413047914296704304741581
0.000025140003882553885183881448
0.000031177742452223700477843826
0.000034631792280268864487029895
0.000034433129529823770613450318
0.000030591225495167262871283598
0.000024137822212838662622787916
0.000016780151938826963150825505
0.000010371249558729210983164942
0.000006361111377179046718689012
0.000005396059804411279577237258
0.000007182988939440216035478906
0.000010647399609179439346098688
0.000014319448401383834875984051
0.000016812800197547137507269807
0.000017239427962371340155058042
0.000015434723336332764257036385
0.000011937824826270689208634022
0.000007755512444897631670623697
0.000004005213364032251609594178
0.000001562289931389350615580157
0.000000822302418334785571537205
0.000001639648259631572520310470
0.000003440214095862838685429110
0.000005450488681601351541555593
0.000006956309756124158962637630
0.000007507282092905717870974600
0.000007012317365825268401075508
0.000005713960189319572989064076
0.000004068332601699083045712884
0.000002581560762088974194820639
0.000001657600635845969597244212
0.000001499101971618128884038623
0.000002080001085001454787969588
0.000003184880946649927016095212
0.000004492801907073114857295738
0.000005675655181459970737792992
0.000006482881370443194934830369
0.000006792987483363681672937119
0.000006624145118438137326869700
0.000006107911499942827181534270
0.000005439136398237249106545153
0.000004819599282755020738311987
0.000004412039431793439327037561
0.000004315420686800593604297727
0.000004563392129183252126224495
0.000005139079645711498589978443
0.000005994021295590407773332554
0.000007059626312123393935096024
0.000008246008262008414446231179
0.000009432616684016356282472052
0.000010463040386941151215546147
0.000011158076206116711217436466
0.000011354535437484174190581228
0.000010964167183405918576648980
0.000010033077121927064893620700
0.000008774166881807751185683164
0.000007548693913355139400761691
0.000006788720962120477228174224
0.000006875072037576868967093027
0.000008006510526304497102432350
0.000010105867936751495924784135
0.000012802147015214572692959859
0.000015505042601332016212120624
0.000017557279123816841507992048
0.000018421909511209278180379062
0.000017846926361213081706517600
0.000015954046558418250219019835
0.000013221097077849771212745486
0.000010360308430087706048003393
0.000008126860300044359589305247
0.000007112843846914967450584949
0.000007585355102648724974750277
0.000009413618004269208718948550
0.000012104075045130342145856608
0.000014932508601572753447763418
0.000017136855532205598864111534
0.000018119678350924515232997850
0.000017608115162342943913614812
0.000015730937956087954695833658
0.000012993668261019052055107136
0.000010158234588474886585587886
0.000008057330432128491707038237
0.000007389751635400586400289399
0.000008547489171568985600983825
0.000011516914378199009615631222
0.000015877090182781368579755313
0.000020893247509063166204553233
0.000025679709112276279255829975
0.000029390604102566278085523904
0.000031392696076410975193800301
0.000031382848871967705044021268
0.000029429635984503741004923716
0.000025938589216853698233905198
0.000021557636422728953433727850
0.000017049295321738538869834473
0.000013157982776792701972313343
0.000010495918620272364242258616
0.000009462677982197515390554859
0.000010204675957755812395252176
0.000012613871600917853316257272
0.000016360398304797184082688688
0.000020951188345419531828314058
0.000025805112911710134204583411
0.000030334165668825769463998188
0.000034019829870449012259106536
0.000036474458248303808362116019
0.000037479711917013531759321904
0.000036997858938796822727591851
0.000035156428402309083708528192
0.000032211306710926581426627374
0.000028496735193273399705873872
0.000024372047431719565894342461
0.000020174191506611184463359718
0.000016182547824100619376572197
0.000012599118657348201287451278
0.000009543773845503435612996727
0.000007061644323167991436191425
0.000005138357186724109962100340
0.000003718612410215935146023079
0.000002724329504087760016046819
0.000002069821173177008400497108
0.000001672769633200213980104101
0.000001460890035680935525650272
0.000001374913236315213259806293
0.000001368888298374882003330681
