0.000824565795771804764882628724
0.000819502159660891117860803678
0.000808053713420967792586957490
0.000790274887267096155622769782
0.000766232066520202911852344130
0.000736027702800466578254845462
0.000699832096660501601186055165
0.000657920366940804770411466151
0.000610711203607721721253742686
0.000558803053644558057194702272
0.000503002581153938021878146980
0.000444339786275928455908101888
0.000384064287719642640482609064
0.000323618165343096870524564057
0.000264582541753535067322739005
0.000208597757289184332048573300
0.000157260412043895119989581066
0.000112004393735108068869132936
0.000073976797557842724007218238
0.000043922756935400864269219978
0.000022094959863958480448045685
0.000008203381403965123396773880
0.000001418052152232676238328328
0.000000432364823101771340037016
0.000003586811919362205523526942
0.000009043984272528252788122746
0.000014996462079537656376698913
0.000019881528339502293638079919
0.000022572086594280069458224799
0.000022513105429259655163292536
0.000019778029972326340702295025
0.000015029728604147649982463418
0.000009384618055953472656651598
0.000004194795757525999640752835
0.000000778920448883514788545484
0.000000145538598301896771250786
0.000002759818184735718553444832
0.000008403719519365203207187341
0.000016168685198938825668419500
0.000024598528771318737136094071
0.000031970149561659112345986256
0.000036665746830208551518878041
0.000037560033874672672283851621
0.000034328960208529848713993049
0.000027591166893185219285370563
0.000018824053366624397468217719
0.000010049765662969722347023886
0.000003350891452919018343641153
0.000000332763022176893222847682
0.000001679104484188660396736621
0.000006935964893312233899632258
0.000014603163035257166887871845
0.000022525620125717929037286250
0.000028484465850768842681318971
0.000030820162688787808703654025
0.000028901919832563219465732668
0.000023298805756467464502272244
0.000015597564263678858817712553
0.000007922005222040776393046049
0.000002302612981125278036388139
0.000000091005392029768369934145
0.000001596572885903363912504013
0.000006048372892478775107358811
0.000011879981533930924364082446
0.000017234356331592380742528600
0.000020522803332624174404378442
0.000020865557826060314542413257
0.000018289959756966758862122002
0.000013646128910796026886429952
0.000008289589813638623461470277
0.000003646386195909788285982479
0.000000800244412315402393846430
0.000000220241756957535683738550
0.000001692930075107944462803420
0.000004455767919384305581636824
0.000007470970991605822988197369
0.000009746417365984305405924269
0.000010608871461237205543722342
0.000009860155717202545309408614
0.000007787605661895490729933721
0.000005042510204001524406905790
0.000002432740349831889857675719
0.000000691813544149651124548234
0.000000285194327811721626954680
0.000001299085539527039925820104
0.000003433117428695439368502339
0.000006092432910158426979940760
0.000008552041584533827793816914
0.000010150860560996290905453297
0.000010466952045485417125162894
0.000009430037815419137296182525
0.000007341824440564192009583012
0.000004796654207618019559412545
0.000002520260079789825571682871
0.000001167161577522672142432324
0.000001131227435877122480979836
0.000002424115452362245865907927
0.000004660769733354475369421169
0.000007162482018196219654324573
0.000009153359372362480873754759
0.000009995575642451965777865973
0.000009392770284589435275993639
0.000007496148330046398648740004
0.000004874605329208019481872401
0.000002351582887438304327124830
0.000000754654574184624297349599
0.000000654551782066999830024892
0.000002177202136828481026487687
0.000004951660602022099490584269
0.000008214290346557316115604086
0.000011038868184965028963273950
0.000012620537270837983676876302
0.000012523191254274484041520560
0.000010811533328658597274030302
0.000008026873725554006607407938
0.000005016733922296395241119827
0.000002675054520764034094641812
0.000001676595248199837186439177
0.000002287640185260268553259179
0.000004307095543415452984687981
0.000007148213794447143055760686
0.000010026969726794273348228180
0.000012193052346713471016529176
0.000013132080509842245877338320
0.000012683183105364236853396763
0.000011047096855722748434962439
0.000008694815171505609462804243
0.000006214219342423894895839631
0.000004144713636076036680680034
0.000002846164948238645887325891
0.000002432220104545871505155770
0.000002776223792417251081695142
0.000003577644791918783217046264
0.000004463314749005803165301295
0.000005093052909865814796759077
0.000005242747622866984770191676
0.000004847236048716063280448162
0.000003997253641325816843473881
0.000002896390407689217108279075
0.000001793070048965161025826499
0.000000907465461621229486082623
0.000000373178347740328603330249
0.000000208568418360965842812418
0.000000324003169320949621837863
0.000000561185119293875262391942
0.000000751834951906383688538396
0.000000777907182492088347421490
0.000000615690264858388728510944
0.000000351475293609037487484967
0.000000165199698577700703074718
0.000000287760563854760066237749
0.000000944659049352659660681508
0.000002301334438782023254289107
0.000004423577016702406244973243
0.000007260929545552082667379638
0.000010654138984749022921313596
0.000014361765931143430260726393
0.000018097588351543679051260799
0.000021569933862030053739727159
0.000024515965606317765629806535
0.000026727016085533262173623906
0.000028064028265221822346087155
0.000028464145878955620576171437
0.000027940235802689230518863761
0.000026574913154863786781062843
0.000024510046450280905457486808
0.000021932292174575138593616355
0.000019055244239882356943041261
0.000016099266549052743742898725
0.000013270748874659183801777429
0.000010743046249864554507968094
0.000008641462043307083148719998
0.000007034216879273619018296277
0.000005930495542152873711871583
0.000005285596486860382199721338
0.000005012177658438240560327855
0.000004995808023315341552515224
0.000005112611355980538658410652
0.000005246737554876063894162413
0.000005305647387188900758459281
