0.000006711407343851219704268518
0.000006726558359207132945737501
0.000006621024561539345958853867
0.000006368334615000736463987559
0.000005959860195522681186662377
0.000005404582328003541603661953
0.000004727256797936727298616814
0.000003965428589007583085610312
0.000003165686536015811882490822
0.000002379454016871474822359626
0.000001658533133456218190804441
0.000001050594957334825316045985
0.000000594847544710010645011206
0.000000318198514640142330812440
0.000000232318091101993740607394
0.000000332047632452273081697430
0.000000595539197976845772240318
0.000000986329467283595779945123
0.000001457261178783957367323517
0.000001955824475364227906225853
0.000002430186916803377307092979
0.000002835006391848342417684372
0.000003136138829177120158485815
0.000003313569583989779400402462
0.000003362256478534102416624862
0.000003290969418539529646938399
0.000003119533556326958229028062
0.000002875053821249272793147056
0.000002587708979936931390230821
0.000002286610911373994409385730
0.000001996120948211792972705860
0.000001732973092045907047211318
0.000001504583645449114475171285
0.000001308962934335380040343460
0.000001136577712603041601937496
0.000000974251529977444647638660
0.000000810726186411247138012667
0.000000642943579501079622775942
0.000000481632389462859608222727
0.000000354596333411615658645622
0.000000306317121006962496445052
0.000000393083441268605647095054
0.000000673686328871151323863893
0.000001196581569305359254296170
0.000001985170720084887682147651
0.000003023477517266430413477550
0.000004245069039241577445241253
0.000005528613483598998605973284
0.000006703777005243839187003697
0.000007570736756541561658390843
0.000007934758034442916760798498
0.000007653598176423556315238310
0.000006690215610169180854359221
0.000005157687612261668101145372
0.000003339637396378510108771193
0.000001670376235517809035158740
0.000000666062945600685073500847
0.000000811164884514835784543713
0.000002420505362576250196396778
0.000005511220552415209486269831
0.000009725436804866947730369847
0.000014339335554410723828173621
0.000018376807985475792408527548
0.000020819617875707051692438232
0.000020877828666025044057185517
0.000018262450023458096310183252
0.000013393624853033275076620752
0.000007485314588662207939786294
0.000002469834328615068803441891
0.000000757324183591722699450421
0.000004858946531706641146089801
0.000016931224068871392185713781
0.000038317452134087120422384354
0.000069168094118545082882310027
0.000108215199366857515702114445
0.000152757111739174012907116484
0.000198880658703078105377370921
0.000241911012389956067356044933
0.000277038416679334224303199452
0.000300032128890306024147222042
0.000307923442576783041799148855
0.000299530272461181546264641362
0.000275712012634332930167968545
0.000239286500098234781704412133
0.000194604950461795445267043636
0.000146852618246456087611889751
0.000101205291934730286836779944
0.000062007644667065042200747305
0.000032137755951085414797378792
0.000012681321734635929776645151
0.000002968487539996972013686552
0.000000943656829406504193237049
0.000003765260978863754948067332
0.000008486828467730898621006023
0.000012663297368239967118693640
0.000014757255523765333926167025
0.000014278459157398547352897829
0.000011659734046524510312978218
0.000007934798011107710739506227
0.000004323720594488425195383707
0.000001841757651191655072790937
0.000001027619563043608262993501
0.000001845668249962699409221596
0.000003765561423624646489489998
0.000005976090026573091772968058
0.000007658768691831636726483068
0.000008237762524306457511649900
0.000007536600261762399925236956
0.000005803683535775671379014842
0.000003608443694882288937069012
0.000001646944392949950149897666
0.000000519752766407471400138675
0.000000549779590400802211737406
0.000001692788595144747281482419
0.000003563371548735046901855861
0.000005563633058643051147208747
0.000007071424769987975129535620
0.000007628775617012395989283667
0.000007073705136986176454172784
0.000005578458307880132974556665
0.000003587508565921440983697253
0.000001679461013476440469120114
0.000000398490837923706404982471
0.000000106866730877137689287318
0.000000899568877724233714205250
0.000002599630569870345297257353
0.000004826827503592138312183812
0.000007111462029674172815186649
0.000009015453545087550021115870
0.000010226474216033574593087002
0.000010604533118364048758326332
0.000010178187168730690699623535
0.000009102860396876702426356351
0.000007601896823356746587326167
0.000005910601114729132966624670
0.000004236590459036687992676763
0.000002740270165099837578994357
0.000001531284393437585782110763
0.000000673029633278549727082307
0.000000188143163781716729567370
0.000000061694949611930334690354
0.000000243074979722849368494813
0.000000650051048351464692007587
0.000001178187411932650371622702
0.000001716261108058581790925955
0.000002165030929932327775292843
0.000002454442665216312977359342
0.000002554204208942162429758511
0.000002474674684740550173369777
0.000002258238636248036451865430
0.000001964372716044884605712936
0.000001653258160045089434486828
0.000001372555913228449921801460
0.000001150185514413859435089798
0.000000993552201246530676106224
0.000000893665131254824198533526
0.000000831646493509254415259636
0.000000785335741253011890125244
0.000000734632997467388624822393
0.000000665273381007730773659017
0.000000571367592930286346960221
0.000000457100806466294703698519
0.000000337615651273617081123659
0.000000238675421350093781687148
0.000000194548312928811407066231
0.000000243819598491082643841057
0.000000423433055174595451960253
0.000000761924111530937581986578
0.000001273243825847117640325500
0.000001952595993749319991839193
0.000002775301459150914829292125
0.000003699005342907062355374591
0.000004668782721548621954753798
0.000005624099535177603091814190
0.000006506293298983701615565648
0.000007265287656090371463837689
0.000007864581570877509942305364
0.000008284032746091268435413395
0.000008520446251372583475604087
0.000008586368307541981638670095
