0.000084869089135389136628780105
0.000093542763146887703950421722
0.000101800944907561491436023826
0.000109483515210849767550563283
0.000116439381205522702049555417
0.000122528946316340233649994085
0.000127626359247677654412678194
0.000131621579129602759130127088
0.000134422302846256625560167342
0.000135955800705234424591294484
0.000136170697806879627180659531
0.000135038721217408498121229088
0.000132556408244032447379598394
0.000128746740055864439733132598
0.000123660629290892228049347779
0.000117378152276916919655516680
0.000110009378723092163081254125
0.000101694617436609671982591929
0.000092603869623981191049749695
0.000082935266049327308187852359
0.000072912265542479656548445488
0.000062779414957891280040479243
0.000052796519151658498456188007
0.000043231147264467784628594327
0.000034349510084381762085002643
0.000026405881246419331959129906
0.000019630897576252096539900852
0.000014219251683737311396345596
0.000010317468845762956734628257
0.000008012621495933395468925370
0.000007322955617827053410135666
0.000008191459216131209339611247
0.000010483369483646506176675872
0.000013988471932711350363340297
0.000018428779354088084568201802
0.000023471791113328146225272541
0.000028749040217682861060154859
0.000033879071493081208861497533
0.000038493412396804191138652285
0.000042263567422119136343140744
0.000044926665987609735867288480
0.000046307199997440174352517084
0.000046332366126051483261241021
0.000045038918721963195550099524
0.000042570143676262802660131834
0.000039162537351456342738821592
0.000035122925463261601215954333
0.000030797950410116272258048697
0.000026538930190451403933046479
0.000022665880418172418660693532
0.000019434846901180980051999578
0.000017012522120403609447161428
0.000015461388351636977763663497
0.000014737401314243885378472976
0.000014700643851431491554524605
0.000015137651353590310772867164
0.000015792491640205831706722864
0.000016402424747620003505103534
0.000016733283092457360967950444
0.000016609729011967000629739627
0.000015936285442684918167407029
0.000014706399390827033690407576
0.000012998583402756720684128461
0.000010960608849342640022358000
0.000008784488821283776709180138
0.000006676303911962066195645658
0.000004825580931274447547168257
0.000003378833548299280762353602
0.000002421044716733455345143364
0.000001967466421750171621520790
0.000001966380945680237068539774
0.000002311707721062872910021977
0.000002862845570485393778905909
0.000003468150706076393699527419
0.000003988108866849720328894534
0.000004314589602508262467189890
0.000004383478108946741682216876
0.000004179275201195659622370199
0.000003731691510407911272097616
0.000003105580329903989634989653
0.000002386534220817102169484841
0.000001664967794013433523048250
0.000001021473953357693695731968
0.000000515723678792763244745599
0.000000180314060572703739866341
0.000000019942786787457632597293
0.000000015301324821926893888919
0.000000130311304605023457105708
0.000000320901186650272946554474
0.000000543480705209811288419644
0.000000761588286908373599514972
0.000000949764732214741872821082
0.000001094405231163690046043875
0.000001192009186971404968537268
0.000001245749682984529270324682
0.000001261531812648474557169071
0.000001244670472459413259277180
0.000001198024148856017997007107
0.000001121954124793995597689916
0.000001015953056730508804859523
0.000000881324767622044254998537
0.000000724001628886910253300919
0.000000556520998968708730752326
0.000000398360273307284878148025
0.000000274210723985885675770295
0.000000210269527404061815231844
0.000000229137786575787310025946
0.000000344317915650403151549567
0.000000555514827507104771357575
0.000000845909332577007414416005
0.000001182286049614063095015331
0.000001518409305479868645031172
0.000001801437428967018820655352
0.000001980560981896730441358502
0.000002016558739337427675779096
0.000001890682320172309991768763
0.000001611265028836775078498948
0.000001216713998952465988296007
0.000000774049385367926355032615
0.000000372820602253652842965196
0.000000114950532051031767527697
0.000000101718531619066223995212
0.000000419586776168191115493183
0.000001126824072752906227842611
0.000002242847479207863483361210
0.000003741889028716567134908583
0.000005552047967533083989652171
0.000007560086604178879751236679
0.000009621569177435151975271571
0.000011575233081044301286749269
0.000013259916670622356186159604
0.000014532022633850088399630127
0.000015281414598561453819808992
0.000015443835394175071240975908
0.000015008369941275962773782546
0.000014019093865091334120617783
0.000012570766776349288183106147
0.000010799150890204523969080792
0.000008867166621703515425804813
0.000006948556673968677585236965
0.000005210963989325498966630364
0.000003800314590206462634741332
0.000002828146796488037091485629
0.000002363088756975548339697322
0.000002427126129195330710613997
0.000002996703304265876185459973
0.000004008146728489606957568977
0.000005366456917526151124153179
0.000006956233856005124110944652
0.000008653398472802404037544817
0.000010336443051802799445110584
0.000011896154765932954956633022
0.000013243062342652655270780482
0.000014312203114751358059425490
0.000015065145934475094799398498
0.000015489494024387479476252694
0.000015596304438882772100231910
0.000015415986554430190680516077
0.000014993283995288189989298841
0.000014381916165003817982656793
0.000013639376574526142302939968
0.000012822276464112265957824045
0.000011982502839267298051632339
0.000011164344768455019922797494
0.000010402640299526895052554566
0.000009721913502709181827197808
0.000009136408040839664437739870
0.000008650879019088922219481858
0.000008261976317204818717429039
0.000007960037700200412212137371
0.000007731106722849368225272161
0.000007558997338283227748951566
0.000007427243124919249239550539
0.000007320793147649054332477478
0.000007227347381544975132643908
0.000007138260563144400588930522
0.000007048981953182189849149795
0.000006959037012469604168720359
0.000006871592442052068698868893
0.000006792675608695334240835512
