0.000003738968689781074423349400
0.000004255943205953648254184860
0.000004832332179810339728063227
0.000005449561556030431539907836
0.000006098158281464968655976363
0.000006775009309426331300415906
0.000007480470380121442835899895
0.000008215660500685580244686207
0.000008980280458978358063232110
0.000009771265089214905638788887
0.000010582497566594149319193358
0.000011405678639686715056191131
0.000012232270534877058378356827
0.000013056249922096771045655107
0.000013877234921104102710240867
0.000014703424740796768396431868
0.000015553732960592764637472452
0.000016458530960242573847312347
0.000017458565470427374192226994
0.000018601877787582251863075788
0.000019938908647060558975219746
0.000021516361971973033920691593
0.000023370727456394897969494881
0.000025522514704881404679895004
0.000027972138258666619903920411
0.000030697983529531269774378449
0.000033656545461923273562972192
0.000036783836124098001120214657
0.000039996749165510458263669835
0.000043192997123239393851557022
0.000046248764540214660806634328
0.000049014339367967472873947876
0.000051309479475207902502038870
0.000052921733465360675874658569
0.000053611860825708057326412920
0.000053130424592703086306404864
0.000051248294587889714295485949
0.000047801245470580777273059137
0.000042745453076054523234086902
0.000036217163017942192299297027
0.000028586943797960689733674705
0.000020497498297437516140851593
0.000012874491474591141253647382
0.000006902363041154756573606309
0.000003961302453844543503816075
0.000005526776953933972309361729
0.000013038328613258348958204441
0.000027748911885450737788280304
0.000050569161193457693825696608
0.000081922340336310843066786047
0.000121625393099509298742121055
0.000168809841705281715815850641
0.000221893737318537033736259856
0.000278612832248223158543298794
0.000336115735168566217953844966
0.000391123837573225025844581015
0.000440151867326027466768845198
0.000479778686306201742565319401
0.000506950426604027754896864000
0.000519289923977443203251258552
0.000515379080070616424000262690
0.000494976276724616907030929180
0.000459131433236101120249489371
0.000410168405266279228506276500
0.000351518681335303542680875699
0.000287410614903932989244728091
0.000222441872836357613712685022
0.000161085146344893201256556758
0.000107193654243124738417725084
0.000063579291102152903558328290
0.000031729795807517290214504191
0.000011711891257160828252906030
0.000002277654368327633911943831
0.000001156612523347574754146311
0.000005482985743013429191924576
0.000012283006786164499534201242
0.000018936827325678603432378838
0.000023535836625054306898811862
0.000025078367924224814826091381
0.000023480258999661096007373004
0.000019414390914162071139457966
0.000014026890246290943845106254
0.000008599749420060783219378099
0.000004235486324637343466157583
0.000001628297306758862015974953
0.000000961229308647564751301386
0.000001936738576020035068337962
0.000003916694341140527668330366
0.000006124936634168622360619230
0.000007855915221251512543798601
0.000008638019309290006063502786
0.000008317395483222224180524552
0.000007051851491687731977799254
0.000005228117391609669809134867
0.000003333222376784880609324260
0.000001818247409093940761916136
0.000000989504406763011839606617
0.000000950479894729007440222349
0.000001601853108605574147190278
0.000002691324083730653349169452
0.000003893830568469531349512763
0.000004898188813575607100138376
0.000005478364937342898528848181
0.000005534794820558906418121476
0.000005100724159572092195839149
0.000004317623415175598280144401
0.000003390185069663651271998708
0.000002534167546181278211681097
0.000001929496751235197418006392
0.000001687543459112492258257314
0.000001836773510455758123854257
0.000002326402436228168886999876
0.000003044278771873121967683025
0.000003843419314103441239286515
0.000004571341637708866540400210
0.000005097140681169604321083203
0.000005332574156467191444069148
0.000005244796255853604891668425
0.000004859586000481357027837997
0.000004254971633738731140754116
0.000003546204397931883406619273
0.000002864200298439920173775930
0.000002330789671227799028386521
0.000002035113997212229250486758
0.000002015870753515982550499366
0.000002253456953122008446960571
0.000002674278195997561878078557
0.000003166836202028323657398610
0.000003606320762100985200535389
0.000003882145977481955694563063
0.000003921934039208902049455669
0.000003706243382656675645420640
0.000003270709081759090272497866
0.000002695548822316669337309687
0.000002085624618908265521735482
0.000001546495460134872612601928
0.000001162536477157656506696516
0.000000982141669825056410703459
0.000001012697798350284878788913
0.000001225196908116734209240719
0.000001565902914064173011312567
0.000001971065914630533319430380
0.000002380566181757807083755208
0.000002747420433778883696928968
0.000003041816198631416404737481
0.000003250133377125409866635012
0.000003370713751604628409942570
0.000003408634188185001519965549
0.000003371419598686968887104893
0.000003266756885307705457829755
0.000003102243392488014631390219
0.000002886409033570614395019420
0.000002629926890149170906217559
0.000002346097528338959507636114
0.000002050194829907630595245815
0.000001757837111576449091326652
0.000001482957028389477824127977
0.000001236056443029010434701311
0.000001023258430968736535076474
0.000000846329477310446089356928
0.000000703503801819656144580139
0.000000590729307675235313299913
0.000000502922805998588863629997
0.000000434939703399231599215916
0.000000382147153635804542565164
0.000000340651073949711602243079
0.000000307310407949528709323862
0.000000279668785474074495875244
0.000000255875835724591176310497
0.000000234604930796781565802901
0.000000214938766250628699234533
0.000000196202365226298827343980
0.000000177763315715532544159129
0.000000158865302827723531342290
0.000000138587211686968198051206
0.000000116011488508484058244433
0.000000090642837104589475094485
0.000000063055132866370795680189
0.000000035679699904155041868739
0.000000013599126198016133435056
