0.000001152303580449446936112947
0.000002112429034919458459876014
0.000003324901004306931245831135
0.000004767059572962774865588931
0.000006424258654358459045511254
0.000008287336699176938911975271
0.000010350312786561311194930349
0.000012608487874552530094793973
0.000015057047958532207435414230
0.000017690189665026287391905863
0.000020500715202748922769138140
0.000023479966223518915734158607
0.000026617878262213005765299614
0.000029902835450574639724555942
0.000033320894959053486519048176
0.000036853855619179180184291633
0.000040475613759998500730975107
0.000044146355005952898355962161
0.000047804459441497960524736915
0.000051356616855877136043010550
0.000054667562893281604395698953
0.000057551947700297447635398029
0.000059771884509585048914602490
0.000061044312884527118638101906
0.000061062006989086222699322781
0.000059530495308861072355395561
0.000056220212261723206406075631
0.000051029149838533936994842272
0.000044046860177391857675902043
0.000035607008474460282582141346
0.000026314068815787550306749612
0.000017031252183466126222475406
0.000008821796515154132182915184
0.000002843862272319146277234445
0.000000209020902757968218264623
0.000001823526506602372776515370
0.000008237842383686847411400182
0.000019531331324179070606239517
0.000035254761107998272833419923
0.000054443899956018860077176097
0.000075704931851286474627817091
0.000097359563787127389945970368
0.000117627511397717295104671520
0.000134818806587553294881048904
0.000147508977478143238218702415
0.000154675913391503849032490581
0.000155786114388843763452208169
0.000150827353990351189670302001
0.000140292109155866235193493852
0.000125120010482671068082968779
0.000106608048965271636127939703
0.000086295671736750994098609502
0.000065830242531115184352261127
0.000046818488097317058230315695
0.000030672345142560141916139582
0.000018462452302993419544097781
0.000010797457758277313332080649
0.000007749749244968782933558164
0.000008845929544834319724583120
0.000013132434653887713465070936
0.000019314044930814072567951123
0.000025948339554371568297774092
0.000031666090201404930313047736
0.000035379813194011987059154484
0.000036442659492182524684934092
0.000034728051811552569790812056
0.000030615412215221887834350895
0.000024885726044907934245264264
0.000018548511310757726980964419
0.000012635152924411811826629903
0.000007999729365530671587212683
0.000005166221774739016953895566
0.000004250917252147657894936761
0.000004973004367713343971241745
0.000006747997366533807358189839
0.000008841392025537768447718094
0.000010547367223654329794740175
0.000011352123193218534367814054
0.000011044955153864487304091191
0.000009752013934783361389637898
0.000007885653963854485695435075
0.000006022476266197970685262707
0.000004740920410612638525075201
0.000004460002600975407330741347
0.000005321369412654587056671525
0.000007146456508140291832354481
0.000009481301938427069995801375
0.000011718155256201566943126055
0.000013261659893194406453992631
0.000013694148743877737248696158
0.000012893642058098236751178395
0.000011070331851870553508429378
0.000008709742645033323357435864
0.000006437275394635139684148834
0.000004841858332133410453099621
0.000004309045607283085724736535
0.000004912067275774838562025365
0.000006393189370890534256369666
0.000008241750868203798335571812
0.000009846951118219400848809858
0.000010681269035457889205625349
0.000010461006564851718704544682
0.000009236785307926440993027579
0.000007387089780524212336899371
0.000005516147297514352657705171
0.000004285191185627874782050097
0.000004225280523695146160840803
0.000005584819733318751826928704
0.000008254503940338676611174901
0.000011789957300310645408334201
0.000015524631084631508885687129
0.000018740699145634422340600186
0.000020850698791645091469126871
0.000021541335117940277007510252
0.000020842911120385882432380284
0.000019109196943323631344684860
0.000016916782679566172838082558
0.000014913297738910645182097703
0.000013655158654639649933406655
0.000013475475300677846332911280
0.000014412411900455189401573826
0.000016211310613250616265374263
0.000018395230979881061129281930
0.000020383061528770930341579806
0.000021625420162848473491518791
0.000021727468747530754390523064
0.000020533700172194821605923393
0.000018160333256031896658876795
0.000014973107901690832892698142
0.000011519143177913287643364393
0.000008429084395824076387159982
0.000006309136604799387009769561
0.000005641943167136108588184586
0.000006711549889862911482904008
0.000009562162679401270363598216
0.000013994292296207960991016525
0.000019596154490372812628437571
0.000025803496993822456226450740
0.000031977713227547499509530876
0.000037490346248323661514870869
0.000041801943588545191574784576
0.000044524656257206538802987522
0.000045460810995723080203505251
0.000044613564823654753969429942
0.000042170113352103451331061995
0.000038462062298553575836849994
0.000033910764443035990955803427
0.000028967108264300233728310088
0.000024055164049268272296678087
0.000019527375207618397545336619
0.000015636103115516339920679223
0.000012522986454432258264686528
0.000010224483421166216665153074
0.000008689697712221406956890554
0.000007805444699572229510045086
0.000007423489182445494530672523
0.000007385733671609982442453519
0.000007544479160208735322057805
0.000007776334621570244284198895
0.000007989620525431698325104918
0.000008126031127027528297630289
0.000008157852815873350158307198
0.000008082232800315379870432705
0.000007913945423038798207657392
0.000007677904588490638669454405
0.000007402391733891491198060394
0.000007113657369269917225568928
0.000006832242095261612388143197
0.000006571074985260708126936623
0.000006335166429882709140464572
0.000006122539726819027221553157
0.000005925954610811699797281397
0.000005734968564176066849668797
0.000005537946562745666903961397
0.000005323744034477287627308336
0.000005082922590081252549841506
0.000004808485713904748872003607
0.000004496220615841666322777363
0.000004144790710897662727502013
0.000003755738096086721788832664
