0.000000492534375216399784283474
0.000000794363365207082248961340
0.000001305935390464114881096318
0.000002059108654891848356506545
0.000003069561892394384098573142
0.000004330716494342882964927073
0.000005813041231060004909714494
0.000007468661461367785116217868
0.000009240707408626563056086578
0.000011076517857615098848803568
0.000012943501336501089034759088
0.000014846030758142353850629822
0.000016841223945774231040032817
0.000019050994119372263100849543
0.000021667564541663861954349027
0.000024949913865216344474508986
0.000029209400639815781357787328
0.000034783985857858248534266177
0.000042001796115557578413599732
0.000051136016616073859365147053
0.000062354173564035654487788807
0.000075665855441644063188351421
0.000090874075551952698944976894
0.000107537018123178288917483891
0.000124948801642637142682995544
0.000142149618057954720386562575
0.000157976079142830059349675298
0.000171160336192743357027618023
0.000180480140545162645766830156
0.000184950936113758635567089206
0.000184036443766816368728528319
0.000177839280969394671495092952
0.000167223082747194873570045770
0.000153818000674771717967842521
0.000139876336945375396442203808
0.000127974405710196603627032408
0.000120595128026278062194007190
0.000119663218196618402781525314
0.000126129039361076272481379523
0.000139698591442261298980684336
0.000158782351581133264516523806
0.000180689854072522954444093846
0.000202042058846688143709108276
0.000219324730276526549781201947
0.000229475969887826391092194855
0.000230396141060402163567785716
0.000221287545579103132626502815
0.000202767339046922744549492079
0.000176740790747504197041178875
0.000146064319985488087587366390
0.000114062414496196487100759809
0.000083985577729090576818218872
0.000058505349790252890961311100
0.000039335572563516010401868384
0.000027046103909486082360769804
0.000021098325847618656274720661
0.000020086787772532045757284402
0.000022127332976962165128446969
0.000025299842949227336285321355
0.000028042625536398419855378325
0.000029410080924341824068057177
0.000029143259536360869806949359
0.000027554757344121986583490580
0.000025280536772874373919843538
0.000022986291673820651487768554
0.000021123568868164377556164227
0.000019808013389744043156789205
0.000018845956374572736568336756
0.000017881748147378365902757796
0.000016595873446096069019680547
0.000014868662766062404597473996
0.000012842313787111435643604161
0.000010858238874369859322099180
0.000009299977276363434783952241
0.000008412377507353458334351734
0.000008178401922865251251395374
0.000008310693536994765825347102
0.000008365632057938982322565016
0.000007933766750564319653916956
0.000006825521811790087499058084
0.000005170609252067053022939788
0.000003384635825154026166186648
0.000002012413611658892875956204
0.000001510483099307372562009185
0.000002058304547669457497600150
0.000003476581927710469288085333
0.000005286840780645487441764124
0.000006887770557924000465422829
0.000007776111979467709053566796
0.000007723153391385590606633797
0.000006838589819810288305949354
0.000005501765768942403681104805
0.000004194861208990818647666769
0.000003310252365731726975698864
0.000003010194599217723880689012
0.000003190497114938748088184195
0.000003554073591367395892876404
0.000003755494984345950167152700
0.000003552342948782820442944243
0.000002902060537417017213146324
0.000001970395221456287480606227
0.000001055894089515448318160199
0.000000467551115122080048800384
0.000000407090158869372718412519
0.000000899875321474859590060134
0.000001794793119066927968770241
0.000002825146200377182231756011
0.000003701385460556579448079990
0.000004199525502490206508069380
0.000004216650234747394242055315
0.000003781496675060846646913414
0.000003025625217286094889606500
0.000002132307025654487397958205
0.000001282984755739111322941698
0.000000616292314114676506547452
0.000000206248584941504764448319
0.000000058804044726877779189969
0.000000122074520272430881346164
0.000000305378311520261413506246
0.000000503651532730261711863148
0.000000624596055088155487674661
0.000000614834053379017060425940
0.000000479120207533553175158550
0.000000285420227239071926287977
0.000000150527034258349018818352
0.000000206463539901566606266174
0.000000555566290594798744485370
0.000001228483457843901247811148
0.000002160876714421545377196789
0.000003199715696025588248651173
0.000004139973002429063974032947
0.000004781175782361740336659853
0.000004985456437322195459202999
0.000004717882062209570893235311
0.000004056282858052318572063266
0.000003168703454672234438204348
0.000002267385550155997191558790
0.000001554751585690245402901835
0.000001177352941989951564535845
0.000001199047777932664870826100
0.000001597458223997371896775497
0.000002280922605187340598608759
0.000003118574479773338063877657
0.000003974349665802408140076376
0.000004736255971764174837990938
0.000005334532670052202271281528
0.000005745856588729136952024487
0.000005984895355868314076200429
0.000006088246008532102316170107
0.000006097803422036230359634147
0.000006049863301762248391315636
0.000005972845013221509630836799
0.000005891868206863552995668047
0.000005834816986942273349490019
0.000005833901469543172890459652
0.000005919505053127416035877763
0.000006107862653265857750867120
0.000006388291905899097587306218
0.000006716997115427173999698679
0.000007022108368459930354747549
0.000007219757042658526315494043
0.000007236045333910010546546541
0.000007027126842264313016863005
0.000006590421649000987330976019
0.000005963672115720337074955444
0.000005213253961894593729300626
0.000004416776826115560925498961
0.000003646177206019351770525678
0.000002956127983086444718763795
0.000002379674535698038064695028
0.000001930037605459258389289717
0.000001605710072152604466408084
0.000001395790451727921508301997
0.000001283621897109826716956412
0.000001248439146030259510905969
0.000001266028417361016337664001
0.000001309865120764856611808281
0.000001353770654666980975265773
0.000001376168608634912074632577
0.000001365033000986697580951285
