0.000138812858702010524271364122
0.000129168633035725761472323203
0.000120003627695607130465051127
0.000111327466287927187983501642
0.000103162578949586892520205728
0.000095545775728704274978517197
0.000088528917011723476620903284
0.000082178620195705160919076582
0.000076574960546204698407825318
0.000071809154768018025301670737
0.000067980254748468748942843987
0.000065190920050249451266934086
0.000063542373198495255472856291
0.000063128663964763292917176107
0.000064030372756889762458042126
0.000066307869428422730093651560
0.000069994220628443528124315587
0.000075087823104633708102412237
0.000081544856090675079079814480
0.000089271719574417947589035915
0.000098117778515665856264513223
0.000107868973245285230217957451
0.000118243166556168175884526661
0.000128888430517044069029131137
0.000139385750664222359072180746
0.000149257737128896791813786882
0.000157984769690214650562573584
0.000165029474990005845750490332
0.000169869499551556922718742459
0.000172037244177096747830071899
0.000171163706862901166417395560
0.000167022084871649788935174530
0.000159565625591825407470283893
0.000148953720304477151351041364
0.000135560676966015372906654290
0.000119963122239494978044441198
0.000102904502425999109485772742
0.000085238381209891547285809055
0.000067855666403351832974104318
0.000051603907777089962115660282
0.000037208759636500282163944220
0.000025208101687693791110754168
0.000015907936979658115984794658
0.000009366163473514078013177839
0.000005406126424683144706035721
0.000003657253596687855899102565
0.000003615923084741285819642548
0.000004716809887967920075758053
0.000006403844499579779814659244
0.000008190759507443173741765736
0.000009703751753707634148944476
0.000010702454474292802608374926
0.000011079402369587305307889122
0.000010841678114509860380481124
0.000010080817640245114967978597
0.000008937989214270783582048756
0.000007570958768401666786175899
0.000006127725552446670275700148
0.000004729466130943473526010781
0.000003463120289410739133706321
0.000002382065868523102442842190
0.000001512161478575437679853794
0.000000860077131817647976204952
0.000000421186268477382994339186
0.000000185135984469650142079564
0.000000138273738138445854835721
0.000000263134962513820721992364
0.000000535995646016842420041460
0.000000923954893966882417998389
0.000001383097171958651294766175
0.000001859014643867104004396540
0.000002290413828504973828216647
0.000002615789227528056857456466
0.000002782348841329425149707230
0.000002755671044192332099035401
0.000002528110885368635493556429
0.000002123885862841944680934423
0.000001599131461898466434628000
0.000001036015966148928310499970
0.000000531132507412882776150881
0.000000179640365880010732217850
0.000000057742386747731157926140
0.000000206789912589285968991026
0.000000622388266786642846311911
0.000001251239306699913961853357
0.000001997161318883159102105128
0.000002735985065619748247853172
0.000003337173758970700913347547
0.000003688444497885905479461722
0.000003718740414563421678439958
0.000003414865676391295039077307
0.000002828024416408052106375109
0.000002068272770563835389440958
0.000001287187369124843086524057
0.000000651430953888515188071639
0.000000311870575227547375041009
0.000000374047788520406839322399
0.000000875835310319193480671279
0.000001776978181953040854490445
0.000002963085799567910497598518
0.000004263903173699447965319751
0.000005482875521276365764623655
0.000006432696449984383130964258
0.000006970183440591514289065393
0.000007023757972848666025398288
0.000006608071363857436926188098
0.000005822690312356398187527452
0.000004834785765212259462254418
0.000003848860217274633183342624
0.000003069086101779484034794265
0.000002661302314135460438056279
0.000002721830709011148481088526
0.000003259007408021769837348693
0.000004190930194578368518784281
0.000005359880470851327205939092
0.000006560784331879835942747357
0.000007578526836036677258919697
0.000008227397500518646774204240
0.000008385680787852034572199891
0.000008019414572334851351023341
0.000007191380838320034915513330
0.000006054042895139430343926391
0.000004827891148422733441408685
0.000003769010861445628849433201
0.000003131256107284341874897248
0.000003128992723081127115005405
0.000003905943794908209471276796
0.000005514396823843152797416534
0.000007907204071148877391555197
0.000010942979528236536858787527
0.000014403010840891544884424975
0.000018016937092136837018224726
0.000021493362063719557069957009
0.000024551327140239616807996376
0.000026948900375480847692094208
0.000028505911111806002107647157
0.000029118893647026534505150783
0.000028767414972902609056424478
0.000027511992808149501670792608
0.000025484648669822691931761971
0.000022873726561680942655869694
0.000019904929330397946331786263
0.000016820606935178166396142180
0.000013859220663795857232279338
0.000011236658909944392020405744
0.000009130744009562752138515693
0.000007669886496782544273208629
0.000006926442583557940041991997
0.000006914933638161770490591744
0.000007594909447942363942549767
0.000008877896201593845731643920
0.000010637583381362555699908498
0.000012722190699543714013344982
0.000014967835402704157509020874
0.000017211705092219435045321901
0.000019303935629840129119825023
0.000021117289256737114557481438
0.000022554003243691059856510309
0.000023549501762420811733049486
0.000024072994397712409403531503
0.000024125284641063313747881558
0.000023734347511792115562913319
0.000022949384713998549303231103
0.000021834119737637412418619284
0.000020460059208394166185233237
0.000018900337304803359843438301
0.000017224601375477291865124380
0.000015495215795900513878818536
0.000013764882464424909038164073
0.000012075619717932734367964870
0.000010458919400978040992818315
0.000008936819831343753258497825
0.000007523590137441191894171130
0.000006227714709925724419930550
0.000005053889278228661072103322
0.000004004786045504211882480224
0.000003082408483981439586892612
0.000002288931295639200637175026
0.000001627001973017652280018713
0.000001099560704549102442176929
