0.000005694265242800900746796954
0.000004462279634501805248431028
0.000003451315547808764909172401
0.000002662012568746864892471659
0.000002085395928984478890704088
0.000001704831621779154483665541
0.000001497972230982864158630591
0.000001438566037156256423556718
0.000001498047047818068634803933
0.000001646870387710965048677788
0.000001855600144170110221464353
0.000002095790421024070340554838
0.000002340721518983264868603430
0.000002566059926700100245775069
0.000002750502958781718768483922
0.000002876447954111100436245564
0.000002930695287426714983720303
0.000002905159128609190875749523
0.000002797526421655926139367941
0.000002611780173170835637227842
0.000002358494535846268636838322
0.000002054820839846503656347249
0.000001724116143122119645833502
0.000001395214090840623737897188
0.000001101391160688251608825556
0.000000879124500437797785036748
0.000000766754031104903777937560
0.000000803138340296177501631200
0.000001026327215359370206854009
0.000001472173174610533889726245
0.000002172695207838960350236242
0.000003153928255029012673877741
0.000004432985315288013163179809
0.000006014162727191520873984767
0.000007884150205069405392688253
0.000010006750468690230160381978
0.000012317914932776977184210841
0.000014722272443313945712302197
0.000017092556365661313824049275
0.000019273312689845279116820920
0.000021089921390697128619285197
0.000022363268547863551972574789
0.000022929430714396566040689379
0.000022662621273021080171242853
0.000021498611821033258623050294
0.000019455119007882740785747577
0.000016645455132236315837560015
0.000013282218604017504578703769
0.000009668965391249633752187784
0.000006179526505723227846548617
0.000003226652446920291592751331
0.000001223607444235478470151868
0.000000543807212088324355685621
0.000001484248706583793302551423
0.000004238107613933666319465041
0.000008880462262191164793693685
0.000015368843716280657487119332
0.000023557610958647488635063494
0.000033222537358079204535508955
0.000044090027383739833751006426
0.000055864526318485260261877123
0.000068248204355162377619803404
0.000080948875851926072001393808
0.000093675040681358333685690987
0.000106120335365015740062590022
0.000117942828880408161294074398
0.000128746753082641904623525941
0.000138074832464479179067531889
0.000145418077039212841278584265
0.000150246813595265036374998280
0.000152062341453719230546445806
0.000150463725178993825825485287
0.000145219876664749047599431431
0.000136334215108829267344356384
0.000124088582196049137217064295
0.000109055084248783370039562191
0.000092068977579982594480409452
0.000074161939216022700993406758
0.000056461994330187367460444775
0.000040072711780843038348494389
0.000025948774747353344492014487
0.000014786722671004818766395464
0.000006948082596896086733076394
0.000002427415619299683066195606
0.000000870755702613254205907665
0.000001641744630260166800875396
0.000003924940152556850750213691
0.000006849722749466740645009864
0.000009615054794522706342239059
0.000011595619718018661985833168
0.000012413505239147471694168522
0.000011965884006254595944406666
0.000010406895483990804158200630
0.000008089709567367605840665888
0.000005481157326613682704305550
0.000003065252298550441898929890
0.000001252801463114244847355189
0.000000312114814934593601299519
0.000000331127134591901019315528
0.000001215035532692887719111814
0.000002717041009385196269646998
0.000004494150316527653113137051
0.000006176193397366565285798445
0.000007434788829179472284731413
0.000008040020133454237695252650
0.000007895695310897354104182413
0.000007048531948523606755385891
0.000005671538028495133237146409
0.000004026337261234658041527540
0.000002412470366915782859443956
0.000001113322207028935259022495
0.000000348146600283059781678186
0.000000237879595113944589163975
0.000000789500465511637984507667
0.000001900223514503954103674549
0.000003379420732334115557755775
0.000004983442193015422420811905
0.000006456807326940468575934839
0.000007572760996676263603206037
0.000008166879319462162930241822
0.000008159040435584030459591556
0.000007561287266751520772607633
0.000006471491940652676775529249
0.000005054893846200300843341142
0.000003517213863418380030364824
0.000002073953823415944697542389
0.000000920614337580469077127257
0.000000207973349820858677217751
0.000000025429217839683088798166
0.000000393954751247002728104923
0.000001268681627092925206666454
0.000002549768762534435970873968
0.000004099185142517594055029933
0.000005760469650491867763474584
0.000007378452480950741280366773
0.000008816294857642567727872181
0.000009967923774458086372436683
0.000010764861258897815023518121
0.000011177409651564255532295994
0.000011210999417230193701865495
0.000010899109441294741436128367
0.000010294457433512775463018037
0.000009460116471495841645599108
0.000008461889542990541296179317
0.000007362762259209182876310527
0.000006219677097310751152665215
0.000005082354050669952033071879
0.000003993521232036905130389614
0.000002989769570348477922957717
0.000002102310454529561387716817
0.000001357147636556203867616317
0.000000774495184336178013282672
0.000000367590748170304588244103
0.000000141288516810388640990197
0.000000090919287712964708571674
0.000000201864830664543358326976
0.000000450135670770413889364182
0.000000804016980502292469298420
0.000001226617832058796929542476
0.000001678979556454829052557134
0.000002123305356178663826918155
0.000002525876674799916860703715
0.000002859309410019125080072711
0.000003103945155328842381888942
0.000003248332337352518785374405
0.000003288894948957125485817067
0.000003228987888884260494662187
0.000003077586285601144459628687
0.000002847853112626373704491158
0.000002555786126449419185061593
0.000002219078012389966270243198
0.000001856249472971734202310563
0.000001486047778203311977166857
0.000001127052208229258612107843
0.000000797397046436817602152144
0.000000514512401502386246321451
0.000000294790538126204627647465
0.000000153106696601336487318360
0.000000102154477703684386011483
0.000000151592981597270549178023
