0.000001454617444699454374421933
0.000000918257283565125356657166
0.000000509404439071258821400000
0.000000229726067452467775240057
0.000000073947389136863651716858
0.000000030977607405276603432458
0.000000085065106931470460662250
0.000000216936604071184170876052
0.000000404905715413266962661941
0.000000625960436539132415941259
0.000000856854042023089427712601
0.000001075228245933785386860820
0.000001260790336816345529472928
0.000001396547925283155688186681
0.000001470077863084800673165514
0.000001474773131237066197085596
0.000001410977428383393780146962
0.000001286886766882964692915062
0.000001119075603137311370144456
0.000000932496514929908582432422
0.000000759811161100422375146829
0.000000639939347796263392404207
0.000000615764532782191812385097
0.000000731008514289999347063949
0.000001026383453465925125604554
0.000001535240300833189257018619
0.000002279049018659790650518163
0.000003263152440120449994945739
0.000004473312487934692486982007
0.000005873593108163373133624556
0.000007406079153590831943361657
0.000008992802532454111281729620
0.000010540036824606180453425819
0.000011944845991113069622090517
0.000013103464909949808181411843
0.000013920795026681114588303079
0.000014320068132040402977172081
0.000014251610680181973006075760
0.000013699660154805068794131757
0.000012686350543964532562547440
0.000011272276566586275934949909
0.000009553423183946023792244284
0.000007654650429946618846741360
0.000005720292815578859754407394
0.000003902715831377746479784272
0.000002349836981000914091382605
0.000001192657593272352688283482
0.000000533780995207888635093775
0.000000437747731861581678103291
0.000000923843626346610769490913
0.000001961873432207916928841831
0.000003471270365962915611934836
0.000005323837598617947778722841
0.000007350375026039715470717664
0.000009351394132720669444031221
0.000011112011809179098801594020
0.000012420885368648170175897086
0.000013092665344247606882123296
0.000012992891131039440241355318
0.000012063573393350798210752264
0.000010346983756418297206616623
0.000008004540644668711152462555
0.000005327304125576675534537493
0.000002734638114165980363407318
0.000000758197688907587733637939
0.000000009615028005051659230448
0.000001132052225124967164877096
0.000004738010015771169084657435
0.000011338163725781512139695155
0.000021268191786735073393801304
0.000034622179852253188807841011
0.000051201860164235838605937406
0.000070490407307954980244829590
0.000091657636112985968685276661
0.000113600310073890944169601458
0.000135017157709924003105086965
0.000154513594645228405626696810
0.000170726689309099333852204339
0.000182457277423396041710415560
0.000188793965127964560174467223
0.000189213543806331216303590059
0.000183644294365888657936253248
0.000172482683242347660740670379
0.000156559602991019220646906618
0.000137058842224339276060635084
0.000115396936295856673555630667
0.000093078948779048943304448294
0.000071548174968760915428192537
0.000052048629357383801327750078
0.000035517267687383299141438281
0.000022518449432975343193780865
0.000013226853763623659806462213
0.000007457936096458476762851176
0.000004738223449690048569922680
0.000004402410387990251044933350
0.000005701188746766268551115220
0.000007903459641278296314852343
0.000010378972586772540150946986
0.000012651968963485194359609373
0.000014422159943020123619959738
0.000015555239145613355793151822
0.000016050044185511722403094173
0.000015992601689289496038389599
0.000015508170471342955329830532
0.000014721051702544220253152107
0.000013728814280096249923280097
0.000012593464276532386684863407
0.000011347896985472821188185855
0.000010012591104939885957138615
0.000008615595178261963805392380
0.000007208725492780104476939120
0.000005874454519427428195968866
0.000004720772181173930979059677
0.000003864651817934621712811744
0.000003407860587990449054417727
0.000003411012979025425178539882
0.000003872499268621346179121510
0.000004718078375390025420521665
0.000005804708559121880321837218
0.000006939102753019670975949407
0.000007908227274248275930849245
0.000008516236204782541048411218
0.000008620747460516126929532151
0.000008161265847807618379109416
0.000007173963465236826363114701
0.000005789634065198226698354973
0.000004214887932832976363427182
0.000002699863519731559159502143
0.000001498242942028151384060964
0.000000826679650669220550878802
0.000000830655364935566120607765
0.000001562361879739788791179042
0.000002973805524322695770673150
0.000004925491201189207947580898
0.000007208344825082617428292295
0.000009574485877571175379812524
0.000011771394320859736965737691
0.000013574024702861144521092579
0.000014810374129460551474680649
0.000015377607365383158196953800
0.000015247694682906408808259133
0.000014463249107998358997063601
0.000013125570161993643154862456
0.000011377655108299301344224573
0.000009385110758800777747135058
0.000007317588518670046364466338
0.000005332740281778296752290824
0.000003563937424848248547383425
0.000002112267527146792216066577
0.000001042729427547050200360485
0.000000384134003821006749674618
0.000000131983418884767741217342
0.000000253512168246522137726522
0.000000694084242901481562789670
0.000001384211109345983079085482
0.000002246556031562119515283338
0.000003202405661812754083470891
0.000004177213346165568182372183
0.000005104947650197231496832680
0.000005931110859749478000999944
0.000006614419233141626802805098
0.000007127250382432778078934440
0.000007455053481303557249442772
0.000007594977202559406194697783
0.000007553994720938583149686795
0.000007346796198328076700533387
0.000006993682925246434340152933
0.000006518642827356906830043714
0.000005947724525660577868271632
0.000005307765884210708491001279
0.000004625480083058063129951374
0.000003926861927611314796683281
0.000003236850719548879828826437
0.000002579172659136765159194633
0.000001976283063993006058374361
0.000001449333728522163405432735
0.000001018100701332251789861375
0.000000700820433454376882134165
0.000000513896291750653787895262
0.000000471452297820857641288440
