0.000399404134930724647161576213
0.000398261055873164453600826507
0.000391672399497167578880096883
0.000379803304195920686352205831
0.000362961332996746303351104368
0.000341590877382342845546697729
0.000316264617522918345393634354
0.000287671838410260628012687922
0.000256603315305108515935461622
0.000223932418781250329019999468
0.000190592077724821405302832455
0.000157547311745930408797417011
0.000125763238499709980276752841
0.000096168807815642630290944859
0.000069617030248366956550996887
0.000046843142826227988852368089
0.000028422940555880799127358438
0.000014734302869209141577302308
0.000005925617780673191483753557
0.000001895178622647784577790711
0.000002285519810364238612709464
0.000006495925653900815008063175
0.000013714927361241053096248960
0.000022972556917999777093518377
0.000033209654685335674622129187
0.000043358968436305100945058616
0.000052430566157987466651118486
0.000059592661186885727058956674
0.000064238684656267461487236248
0.000066032530889434593772760462
0.000064926297545336061466797473
0.000061148233699503818229341323
0.000055162466884569957164576037
0.000047605758599655154821896075
0.000039209412094945675256001116
0.000030716062241599490390420862
0.000022801213818892364723492708
0.000016008157003241597817616571
0.000010702623108866247251028635
0.000007050734346851289256253616
0.000005020931727958311972977168
0.000004407996496535953294274371
0.000004875193207233338897285159
0.000006008978306020607736679696
0.000007379587759556718966618295
0.000008600132708366464251263650
0.000009376703862027909922418137
0.000009542640180855595154695535
0.000009071801436826055996232553
0.000008068501623054442597115718
0.000006735513613672293726077154
0.000005325668413548368471251929
0.000004086151555919553017223473
0.000003206647580706116463459404
0.000002782211151706869875336898
0.000002798875737677870700886992
0.000003144977028866383051645267
0.000003645080826674976155640740
0.000004107807939434729472291761
0.000004375292211042528755214360
0.000004361577611741846787439796
0.000004070211167704639899922459
0.000003586914012286586316084194
0.000003050006690731727135713729
0.000002607337143130570723245426
0.000002372086613304386533689506
0.000002389966481305378511417045
0.000002626922896331268488038764
0.000002980512103087355411901952
0.000003311311367844403973960139
0.000003485038090440191995480210
0.000003413079629577033245632590
0.000003079706782185259406829213
0.000002548148948663441420514966
0.000001943794606834975058964063
0.000001419292021545600044902646
0.000001111418688637940416631504
0.000001101855743512157900004171
0.000001392858552970880845340825
0.000001904634101717818788634820
0.000002495229023507400885925449
0.000002997581899596380213413992
0.000003263778351958124620971549
0.000003204683404698576381199396
0.000002814451308014622210086370
0.000002173499263217761583454101
0.000001429228166876729616216208
0.000000759543517033406645252839
0.000000328570371931028551775128
0.000000245791623864616653599984
0.000000538779674826461262891557
0.000001146103518592141862626451
0.000001931866127341825790312679
0.000002717992580294045624578030
0.000003326169450668326308285117
0.000003619216183361422979202111
0.000003532077312638090562887418
0.000003085360100132326696535136
0.000002378662624364089206603894
0.000001565764058879061555311666
0.000000817937066510784612375696
0.000000284245329837434016708624
0.000000058160627161269432469186
0.000000158128598234827784887836
0.000000526276208454204828534890
0.000001045110432627060924172069
0.000001567820794420844601911786
0.000001954649203652462878798854
0.000002106460728461924677377146
0.000001987453236151426420728243
0.000001631697553360873619829373
0.000001132245531831387433711281
0.000000615890978560829612108878
0.000000210226463510415679385201
0.000000011489797638442365966165
0.000000061342934573880446463358
0.000000338254265125267716848400
0.000000765220820738887409336797
0.000001231240519420349294139666
0.000001620415353659975122508946
0.000001840798744070294115483615
0.000001845546861829707524372125
0.000001641398622346285648634532
0.000001283210678268526211236178
0.000000857092279144064808680083
0.000000457515275416134259810620
0.000000164868171996558378997148
0.000000029103955762395200932568
0.000000062817050330398259281408
0.000000244112004577506795800063
0.000000526950194375943244636299
0.000000855036532297403992999190
0.000001175069907268241126607668
0.000001446182793793695458311912
0.000001644121890315170009152753
0.000001760511132259123958472211
0.000001798825921432201467830550
0.000001769198038753842398951147
0.000001683891189896050953362251
0.000001554514783095911500089494
0.000001391158520071680589132060
0.000001202959137398478245401358
0.000000999320706260291581252467
0.000000791086245539355861654187
0.000000591254187782789519959366
0.000000415159983214978667062075
0.000000280256323790155054172658
0.000000205672276863982035783744
0.000000211649549787896122257384
0.000000318832019907548549704951
0.000000547310610144380879815609
0.000000915346353962696731761670
0.000001437801484147680519020329
0.000002124450361626234308698663
0.000002978453889247154331933101
0.000003995313246554249738112102
0.000005162555662149823842912034
0.000006460266438465446530879308
0.000007862411190970511326711265
0.000009338739399710618642978799
0.000010856963060912023057765635
0.000012384880238056708318550997
0.000013892159020543112181076371
0.000015351593242858082866966404
0.000016739760147091861327856704
0.000018037125147892927223749332
0.000019227728923139506895167647
0.000020298644500466804085209160
0.000021239402749892170494359911
0.000022041557131677419299883511
0.000022698501824540399685612227
0.000023205584314681287937728177
0.000023560478526769389054969922
0.000023763721256974642729404776
0.000023819273786627988894349511
0.000023734958310384697311194377
0.000023522635942563606447144875
0.000023198034969572339921914383
0.000022780195881472333320830193
0.000022290562380106420363066674
