0.000009256574963846733462282876
0.000007562725648639706704822513
0.000006125513009498855944543090
0.000004947901871364121887677482
0.000004022345376559957253110623
0.000003332946469772637407741377
0.000002857507886246291958927922
0.000002569358761087302129287081
0.000002438899177592649405798371
0.000002434854104136754878459983
0.000002525270332150234150835446
0.000002678320578636519156974071
0.000002862995654064696017510440
0.000003049767850398977142752088
0.000003211297390673658562200128
0.000003323231424280898853345278
0.000003365115694103616849085009
0.000003321407877331404779512949
0.000003182554434494288952289549
0.000002946074672203737757709887
0.000002617589624279710384371824
0.000002211738735008867529725426
0.000001752939167496536293407985
0.000001275951539975470258378031
0.000000826210143217816296419228
0.000000459844233003098681091127
0.000000243254419854475296536962
0.000000252019512421097327122904
0.000000568813257315059177418820
0.000001279940156655218943455876
0.000002470097592087052139906214
0.000004215081094453355664162988
0.000006572401699917275145351476
0.000009570183493648389767339581
0.000013195222533879383459455570
0.000017381640039353492076896687
0.000022002041041240583309082993
0.000026863362893075666429452270
0.000031709541050182850547602131
0.000036232645499144304078627254
0.000040093230961806616005974058
0.000042949365881504948715217257
0.000044492318670983441056352575
0.000044485418909695125259853160
0.000042801449307790421605450504
0.000039453323873841668887382100
0.000034612966260808643347360314
0.000028614303800437498458576063
0.000021938077009742952078403047
0.000015178521159704306007836791
0.000008994569017662992150750033
0.000004050638847015573348778021
0.000000953888850267276043013191
0.000000195687799559724914152519
0.000002104760473325581072171408
0.000006817993412141101306021135
0.000014272415869383295748055833
0.000024218774675030186384902878
0.000036253904223350742839354632
0.000049866306343652641011512244
0.000064487501292859389975115070
0.000079541145801230399140814564
0.000094482770789006739059479045
0.000108825144474927602194005982
0.000122147340399275438965406848
0.000134089016487376971138376081
0.000144334529545170358764624718
0.000152593688560550259534706607
0.000158586714443692685608949811
0.000162040105950255906765850034
0.000162697709871802837205273518
0.000160347770964617316723915819
0.000154862756761590182911711433
0.000146245110310599149257629326
0.000134669557563478535597983887
0.000120511788664308649434916965
0.000104354542150132144676631663
0.000086965265030721847628984722
0.000069244130103159639883121657
0.000052146479152192950871913535
0.000036588762266681439236024054
0.000023350794014279457980762592
0.000012988867165612288419188416
0.000005773518759729210496377868
0.000001662538369517401945756746
0.000000314609442244614562374916
0.000001142633096551923560889991
0.000003399389869732375182121787
0.000006282879654630298932424699
0.000009045405151529268097162356
0.000011089839578849758168683538
0.000012038684544000095163964088
0.000011766116172920403466989683
0.000010389434914101214742178023
0.000008223081732885674909202221
0.000005704473906673950420946444
0.000003305287556104055139900334
0.000001443732642178836898214393
0.000000412544065302097624910963
0.000000334063812637870468493309
0.000001148579254518244005433734
0.000002635996698195774227946840
0.000004465082811955606732138950
0.000006259936799166128742772514
0.000007670833214871065699222256
0.000008436468357366775345606950
0.000008426866600627919625808755
0.000007660249111890396697959089
0.000006292216874787708971229240
0.000004580686683730826918496768
0.000002834215112646673742993492
0.000001353932280937184212424806
0.000000379897385686714965728051
0.000000051281691910840104262265
0.000000386749857827372733170017
0.000001287395015887115363084538
0.000002560379259806215190619976
0.000003957820347159857822831250
0.000005223072629825832286323047
0.000006135736764594121115518315
0.000006547544222043612138664352
0.000006403439699579309210011012
0.000005745231133118739437026616
0.000004698469307362435801558084
0.000003446132529304491480618691
0.000002194720079054614590127791
0.000001139201180561944608916414
0.000000432872260433320009866273
0.000000166730827917864191829925
0.000000360848039051930093291498
0.000000967876674246139264969025
0.000001886724478152384761910076
0.000002982917744494631931163062
0.000004111483753734844468256081
0.000005138320559905949315231913
0.000005956861950810485935477179
0.000006498130768560262638072582
0.000006733700694666694320405283
0.000006672367214684190575221812
0.000006352246685636121511337685
0.000005830466479844590497029575
0.000005172577951101604558262030
0.000004443409548022148221335659
0.000003700431240595597146838484
0.000002989993818034642358188232
0.000002346188985844832611624014
0.000001791653599326013093353334
0.000001339459175055153997569834
0.000000995272862464112695020726
0.000000759189727679434958143600
0.000000626934771207287079190307
0.000000590429967050398314497425
0.000000637946580720857807723695
0.000000754175053308985597403898
0.000000920536383879555906886542
0.000001115952725954241400014005
0.000001318133500870174419037370
0.000001505266516618800230270991
0.000001657875455189339230425809
0.000001760544317084074429348396
0.000001803224491406737130027920
0.000001781920127347093450352004
0.000001698667355892559899862172
0.000001560851404011195513819713
0.000001380013625708749843605874
0.000001170367480020702790244509
0.000000947260172341977973787836
0.000000725788811647904677338910
0.000000519719493191508284612946
0.000000340782269710811557092856
0.000000198341855152905243111263
0.000000099386346697527977729655
0.000000048741296016114207463631
0.000000049404800147758366684912
0.000000102906671211085818989999
0.000000209614306414985090033510
0.000000368932524715146058777378
0.000000579368936996378922074723
0.000000838457569012170832238552
0.000001142551248970821357555565
