0.000008803220787609163192630538
0.000009689983973110515529233652
0.000010412542385055694699560504
0.000010919139261762708488436198
0.000011174638635223331444121415
0.000011160481854859779680348014
0.000010874616303088217197209651
0.000010331498628675802478149408
0.000009561971137826636295037504
0.000008612607443561266399667878
0.000007544064747080945464174657
0.000006428075669977117790395305
0.000005342941619856987709585860
0.000004367703617281659220108851
0.000003575495379640238509659934
0.000003026847310145645473887900
0.000002763835596557119897415762
0.000002805911117861186112470723
0.000003147995941885910665839019
0.000003761051684038865199728122
0.000004594900844486318813658047
0.000005582737392584795825089660
0.000006646596625112440194895272
0.000007703109474495285839386674
0.000008669103748752439035684184
0.000009466918321379861893014561
0.000010029513268291829662052367
0.000010305463717927113392294931
0.000010263683031103634107385203
0.000009897321669776146268494854
0.000009225927224279477373162020
0.000008294856877207253017776981
0.000007171264789456324940030915
0.000005936743463656993545019339
0.000004677689358083739219328501
0.000003475355746400546620949838
0.000002397991008990158802449688
0.000001497193135916132007514115
0.000000809614309962904482261860
0.000000363637676255998429586608
0.000000189012163621902608950435
0.000000326114079215582034509979
0.000000830879867939451315902782
0.000001771751596524286169161491
0.000003216265350350589378948443
0.000005207124286345134466262238
0.000007730531849144135945963059
0.000010682845727972019420244643
0.000013844644892503254649755023
0.000016873223355064599594463348
0.000019324337107210988104515764
0.000020710879192076356736934573
0.000020599729602653162264169415
0.000018738917706909463429133106
0.000015197082641461548857975822
0.000010488459934838624627233099
0.000005651893178636776998214654
0.000002253706198691648089507764
0.000002292444121995019051899476
0.000007997717278904077959256376
0.000021533531833193117921865928
0.000044635673232073335813929055
0.000078229921546790401592347264
0.000122090435081457859096618068
0.000174603236536803200834241934
0.000232696312638274111286862400
0.000291983579123548540792260075
0.000347143798795546208290491164
0.000392518207387611869733923253
0.000422865909793954932935355906
0.000434171690983088469882600346
0.000424367646153930638472373538
0.000393819869618518964265313498
0.000345453519651266584625237677
0.000284446255311611960470141724
0.000217504007049907217537579318
0.000151827166054968192053856169
0.000093955931932733014323548548
0.000048726925226020975027551446
0.000018562787972372382319262082
0.000003249543690066329308500665
0.000000246401571175002212160053
0.000005446696541749364894381170
0.000014200549326525366492369844
0.000022349990881914340464225316
0.000027033152355609543402402417
0.000027084280116404725369293541
0.000022970522101202100518930332
0.000016331478257524386710815983
0.000009287523526877127622676175
0.000003730333752149257082363553
0.000000792932630170231445706987
0.000000625467685961934840910064
0.000002501427207183919657903321
0.000005179456478741488421337590
0.000007377950427051669202540337
0.000008201111368255266799009301
0.000007387590880899892205714921
0.000005321833693200888850587463
0.000002829311598693075492259516
0.000000843735750332600773168678
0.000000067392975898148528865796
0.000000737468604764326708520721
0.000002567633756676559774248785
0.000004871896811461203797416746
0.000006817903983771232101734720
0.000007718274839160425674928351
0.000007261860853157352531481346
0.000005611914352943696321807544
0.000003344982876862098152432592
0.000001256717892520772448554573
0.000000101875170998866685405712
0.000000353384048759622824927479
0.000002055380995244903094575951
0.000004812292036488936197637534
0.000007911960223724649428952288
0.000010539784453052549617222897
0.000012015367399215499778840181
0.000011980172148646270319618037
0.000010483676566928006764476723
0.000007949221209645496933802154
0.000005037797427847234068036195
0.000002456759709706233400555633
0.000000772625077927761896857929
0.000000280315068895563078835208
0.000000959187915745715480460819
0.000002517338321941264950954787
0.000004499724079785686673663321
0.000006420616024068979491305938
0.000007880142828965538872709046
0.000008636589112857783411512924
0.000008624795691774705364246283
0.000007929122587336828487407023
0.000006730872582155432314228189
0.000005252118518962318915641561
0.000003711767855108214121543156
0.000002299587047198559446942656
0.000001164785703152566905812593
0.000000411278676563129449094639
0.000000092867971729838589193911
0.000000206550489233504702960814
0.000000687621422124538919132231
0.000001413018706207579347562306
0.000002217893709684618956451060
0.000002925393741463931840298806
0.000003383566257621024212334012
0.000003499114436375939845625706
0.000003257516076884062708625672
0.000002723008624289879622907542
0.000002018528553531352187145383
0.000001292195533243206967890658
0.000000680825130174822205630653
0.000000280927770663913449072257
0.000000134062405763127305817500
0.000000227979902424450085074464
0.000000509943784025826022066009
0.000000905726434545025500051814
0.000001337708004789316484122916
0.000001737706943489663383094440
0.000002053315963160538034758956
0.000002249174097548244564916033
0.000002305846104810642684769051
0.000002218662338671859757699856
0.000001997537018261792646038871
0.000001667287139123857122024195
0.000001267062647468674379172397
0.000000847511513769419827187858
0.000000465114927942288835916828
0.000000174288735883697295824915
0.000000018829982785468552575297
0.000000024710675748208366917546
0.000000195968623025552848219464
0.000000514659591486168935920657
0.000000944816461268693924851656
0.000001439435883060816937645265
0.000001948924098419626104307205
0.000002429285293762613079544821
0.000002848594893269501036008181
0.000003190836325504569440114373
0.000003456821304554379966034140
