0.000040473222262426017273393569
0.000043375148609655259199398281
0.000045667710999531123156232326
0.000047265919500941244257938983
0.000048115668303289487763279436
0.000048194492624487880261599515
0.000047510900433939911408857265
0.000046102435971695864924506381
0.000044032675742644357159017582
0.000041387385278392890830545525
0.000038270076009427699383416699
0.000034797197010975234210839596
0.000031093178442737584674538526
0.000027285515539146682010554143
0.000023500048071036126686068901
0.000019856554603652232666435515
0.000016464747746862018094263919
0.000013420729461851049716812796
0.000010803946942209712061199953
0.000008674680999294126615526031
0.000007072100215030516112582441
0.000006012923815685514935299848
0.000005490751157526966907745578
0.000005476131366559377626783076
0.000005917457407245932482996696
0.000006742768523436789806211646
0.000007862527813484967539512348
0.000009173403368331159874480077
0.000010563020329349640663574306
0.000011915569647932145789614826
0.000013118063984060495549507398
0.000014066933224687657108813339
0.000014674566074444086283918784
0.000014875345932560706034520834
0.000014630713137690742729367030
0.000013932821212384996069724198
0.000012806443966907222619007467
0.000011308925918728802019041363
0.000009528133868814002814941026
0.000007578538917686933536774305
0.000005595708898246929946637598
0.000003729596655336311977421444
0.000002137053248658364052587049
0.000000973972895642261407409988
0.000000387398892674434835867647
0.000000507811194054455730746331
0.000001441710570585282098136741
0.000003264547445369274484709742
0.000006014045496619837756783946
0.000009684056247235253613980105
0.000014219245768418099020195464
0.000019511129971373653165488127
0.000025396191918756737281905045
0.000031656971159940033334889709
0.000038027047335773796535567798
0.000044200695627244585505198626
0.000049847641858004631848933635
0.000054632796654781031007314107
0.000058240147277838773774965436
0.000060399217171374479926678619
0.000060911781309325098866108705
0.000059675978953861063451905022
0.000056704718057515416133537722
0.000052135413484402236446169088
0.000046228693006752561139166557
0.000039354726051610966616398080
0.000031967195745876221307704007
0.000024566493858214443043921221
0.000017655268470087398074682208
0.000011690767764733872208812553
0.000007039279944145323511701939
0.000003938192362041338464196012
0.000002470682713557663821228420
0.000002556812918057415579355975
0.000003962935007469767260338944
0.000006329055223210343677413357
0.000009211434606881143788122482
0.000012135568036460570774822364
0.000014653104597237243757234040
0.000016395513066455346854561823
0.000017117511075856655722911975
0.000016724479485148686193005108
0.000015280139390338971983789376
0.000012993407221735223556081246
0.000010186194079567474168965951
0.000007246565095481515690839600
0.000004573728882755908601751797
0.000002522473603683911820523078
0.000001354725084983612632284072
0.000001204857116936310826345725
0.000002063385675504366864021957
0.000003781023813406130036521118
0.000006092158477085762006584743
0.000008654068353223392812828552
0.000011096036821882721614416015
0.000013071237384898241570049121
0.000014304051970077601797564845
0.000014626332673756850495183982
0.000013997880404322600878669336
0.000012508801272766102282373545
0.000010364039824286537525076073
0.000007852879025922628370326613
0.000005308180034193973562898616
0.000003061342289376456812349239
0.000001399258496595989211010972
0.000000528926760604956448241234
0.000000554007098744359878806916
0.000001465721473553249384576876
0.000003148405608559539181428265
0.000005398045326698201759412464
0.000007950545574377403031671521
0.000010515479781295279686952407
0.000012810738074574552460482488
0.000014593812709683382135153820
0.000015686310406700094656961761
0.000015989480599473479137569154
0.000015489883552070293749013119
0.000014255589398178741120299697
0.000012424335393438321501228747
0.000010185771789934666979766942
0.000007760261994591544134074364
0.000005376696481103886854097801
0.000003251503596460750387822734
0.000001570588587519821201411328
0.000000475401223822785594876517
0.000000053803082575063494247566
0.000000335932982577384120010988
0.000001294880482715743277185552
0.000002851676909493779696162796
0.000004883890838718604920822963
0.000007236955663683377834322769
0.000009737249714478302828010205
0.000012205891014478496652256173
0.000014472203550621463489069332
0.000016385868358044622427119319
0.000017826897804001053311241665
0.000018712765395288106980717716
0.000019002276080037695295005956
0.000018696052299684987388610907
0.000017833809457233958269389146
0.000016488867852630625839829501
0.000014760565550861934314662294
0.000012765374786348332572299621
0.000010627571493453473846146559
0.000008470264389751272826926086
0.000006407469603084806650077077
0.000004537740882719798060846491
0.000002939660438429755136871243
0.000001669288186328311212691753
0.000000759480919537567045062454
0.000000220844777618158637899338
0.000000043984047297975527238705
0.000000202659106096493784018704
0.000000657462263150586962357944
0.000001359653862604556222602519
0.000002254861235878830871023730
0.000003286418176654445888994205
0.000004398201685499722923735483
0.000005536896862156032079235312
0.000006653683642253561096461048
0.000007705386923866664684239051
0.000008655163352880570148094319
0.000009472814515480545077353094
0.000010134819827923404790288170
0.000010624176107231818205777797
0.000010930117938324198712581742
0.000011047776549870875947281443
0.000010977817445407232077201828
0.000010726080302639682254777290
0.000010303229792188188228296321
0.000009724413587683120919515078
0.000009008914198061245871568953
0.000008179774423072695848399398
0.000007263372232859735747718087
0.000006288919729313469038399845
0.000005287862593657970064497682
0.000004293161046140890563054242
0.000003338440699837966752741743
0.000002457011448370367658798836
0.000001680764127869481503076273
