0.000001230348906786742469945560
0.000001524277510726217575769354
0.000002093802984078522912164298
0.000002925856675252743068746429
0.000004002309943306428523409051
0.000005303299013685614117898440
0.000006810658181583486791795846
0.000008511278770255410082976912
0.000010400210533838555795470467
0.000012483314678208785647364060
0.000014779267488360937584431637
0.000017320706325674398314527769
0.000020154311952094188837994806
0.000023339639270257377372946861
0.000026946548342636870174236080
0.000031051152897315872805465709
0.000035730295631562123098278611
0.000041054676105311497386063380
0.000047080891416721196379800013
0.000053842791656255568422465019
0.000061342687479472692360649155
0.000069543060249632697293088734
0.000078359500460076740710121945
0.000087655624448251123629130555
0.000097240684346913986986320200
0.000106870489500204013670787984
0.000116252103254820327352635212
0.000125052576266277977023316792
0.000132911737990640456017962800
0.000139458803178759929057919931
0.000144332268317021541505218440
0.000147202278723367171921893037
0.000147794343304944640832623848
0.000145912966790093451881910047
0.000141463474457348826855696000
0.000134470054556082963632610006
0.000125087891677275138196598347
0.000113607281212692575529839278
0.000100447879093302095548922992
0.000086141819196380788482142465
0.000071305354356607719094190978
0.000056599916741464436243259223
0.000042684942863986437158827641
0.000030166281057917657408735945
0.000019545245643370732927315836
0.000011174129103006141510291520
0.000005223989151338632349317638
0.000001669641265482825241025741
0.000000295003269367412380505279
0.000000719425237517726983049640
0.000002442732489674543938120137
0.000004903873257037888253723461
0.000007545802296050964803062269
0.000009877999300198041086234005
0.000011528114560616737485436965
0.000012275722587218120232153105
0.000012063854070451960964283425
0.000010987434366851448928285168
0.000009261384272633952998462874
0.000007174286975016718677128531
0.000005035623375939809627239822
0.000003125251926787342808409164
0.000001652957864539719792264499
0.000000733714105650719282697046
0.000000381229321017433584193522
0.000000519014367975637270553229
0.000001005215511461684803166949
0.000001665383029652047792781313
0.000002326503899820925211046688
0.000002846100391140926791193073
0.000003131790102626755795898464
0.000003149013810739594608961505
0.000002917147313413415592094633
0.000002496404751691760283047704
0.000001969404818195609606655333
0.000001421785466077710500428497
0.000000925813666612389376190772
0.000000529742335318311518033998
0.000000254056157699842413129836
0.000000094116198651703401576719
0.000000027417726945840663789280
0.000000022961671814239803743442
0.000000050195282409188915667204
0.000000085527254378611052086720
0.000000115362497830758480282104
0.000000135657861421496917001572
0.000000148900225916812354084719
0.000000159946974225936332024656
0.000000172251100101650402837737
0.000000185648512622517520987277
0.000000196249211223927159147471
0.000000198246425534050428850637
0.000000186846219137030268467480
0.000000161186551259909477560250
0.000000126137026212230353299523
0.000000092226526621382837764244
0.000000073524833516090075544657
0.000000083939440990858866468209
0.000000132902818008470128183546
0.000000221676704867965585103794
0.000000341417953825286046612669
0.000000473751503474632651884471
0.000000593978297532295930884032
0.000000676363012651817340110949
0.000000700369203008109690116150
0.000000656384240722327972577361
0.000000549490204087645388730408
0.000000400197119024353284173073
0.000000241688381074767749504028
0.000000113897833735065377448602
0.000000055474403007165511999366
0.000000095229133452730538711378
0.000000244877714588486012290672
0.000000494733248234594258374314
0.000000813492071294696588484494
0.000001152486562992231481928609
0.000001453903039138070263144712
0.000001661652651756777974813360
0.000001732999108043387264654618
0.000001648805697572641719590974
0.000001420416233188465575203435
0.000001091705793368669619918063
0.000000735634215513503050788355
0.000000445564592293861413807831
0.000000322504863647885807803541
0.000000460136395750897978652031
0.000000929890165716107898658850
0.000001768357546418361886817676
0.000002968983638083498405958521
0.000004479353466770069222503605
0.000006204558474605058282188349
0.000008016259478669220808820343
0.000009766277925322202290402129
0.000011302960808739152454471984
0.000012488246957103294086590013
0.000013213337478519885086897245
0.000013411120250604081655804167
0.000013063961423977947943543022
0.000012206078314026345068448766
0.000010920362754849994888308763
0.000009330151839912381901698257
0.000007586977187857545360698871
0.000005855715464440478186839648
0.000004298781899965828381883666
0.000003061043362816033618165751
0.000002256983635827445503987563
0.000001961352117574735386362718
0.000002204103878956007635660057
0.000002969941830674202702000002
0.000004202257414047303699534269
0.000005810794575115546127573943
0.000007681988522653012394815486
0.000009690699491118340012430800
0.000011711996898755711174000896
0.000013631751920954098493800680
0.000015355043726855220322319653
0.000016811733606598664727497378
0.000017958956667839642541923198
0.000018780664656541684490002886
0.000019284674690135805296027638
0.000019497901017136412858210895
0.000019460553320423066425834055
0.000019220078251663479205080948
0.000018825520020729094404629209
0.000018322810917621228191673813
0.000017751307513698634705807261
0.000017141694488706428912278001
0.000016515210015496747009318412
0.000015884019400902433085190357
0.000015252482656274802744330796
0.000014619024414329075654567919
0.000013978313545832332656583714
0.000013323485186298778849833813
0.000012648180132693093827875135
0.000011948227978975158397275703
0.000011222855521985672396889470
0.000010475357500332363973457803
0.000009713220443436979386004140
0.000008947740385970820212158637
0.000008193219090102182847385782
