0.000029174910094290350563370207
0.000039546841976863810494500356
0.000050715445748127541310268374
0.000062475154329997133217412808
0.000074745936118956565643971224
0.000087555493860199748857968405
0.000101017978235773918643108926
0.000115309017791103134587676893
0.000130636724411096430843032268
0.000147208381339242156630314762
0.000165192710251622638505802909
0.000184677960092925362231564002
0.000205626663314443640937292934
0.000227828929667388279962231268
0.000250857748696594468063025829
0.000274031968665437676221929841
0.000296395148062160809256104788
0.000316720681535788352485571995
0.000333554450785627479465766942
0.000345304527416386388468522162
0.000350382164306797761962886106
0.000347389205627731561566717833
0.000335335090177714498661104559
0.000313854178204317968078895795
0.000283384634282554887310667802
0.000245267198565168290276539143
0.000201728519054828148117028408
0.000155729759388497192903327848
0.000110684590232649972436906882
0.000070076553807374767062626786
0.000037028048279314206567627843
0.000013886308858063680870772484
0.000001892622608179531121672871
0.000000989738287633801614668412
0.000009802104526627881210315216
0.000025798797981019416954411722
0.000045624084037673008726766072
0.000065558140301411857485749946
0.000082051449839118568724966041
0.000092260984856595975667561960
0.000094505893136170710769512759
0.000088558571389428489988894511
0.000075699177830919215032370873
0.000058492626120982407831976058
0.000040297519423954386585690762
0.000024579535489184308632605591
0.000014162525628252807714541756
0.000010588956714147680263733362
0.000013758615463245359769031348
0.000021961506165408715366554881
0.000032324246590250589887712007
0.000041572797002079365526715227
0.000046913511888757845229910165
0.000046785080015858224340968147
0.000041258544286545579551049590
0.000031960357592213461757311987
0.000021537366966919437808597459
0.000012827048219168163007970589
0.000007992146891164851298583124
0.000007891466423753135556737673
0.000011881187344787432847229014
0.000018098698988757122270779054
0.000024121844980861913750741499
0.000027775443011629080702646483
0.000027815253013181268456526299
0.000024270244027817406155724672
0.000018347328211006308306503174
0.000011953877045539152215725132
0.000007019060679004954761124688
0.000004852962159879854213613039
0.000005755696827692872355583444
0.000008991070216006368567276605
0.000013108447121896877316828134
0.000016479738045241437211689897
0.000017855140444147987786958215
0.000016749599746868252218975556
0.000013543725229719001757551673
0.000009288491114194840280945953
0.000005303486843062507585160135
0.000002719863843659759277966281
0.000002124088700007811979166179
0.000003410825554639567230787341
0.000005874091664687360090193243
0.000008485061924877132928353787
0.000010249590474866192882060292
0.000010524026289929007442957784
0.000009194105165240245419993464
0.000006675059084124810374332327
0.000003751000302769654576784310
0.000001318309432759671300671887
0.000000118547463485504457039306
0.000000538794795613594901174026
0.000002527981556329146192518354
0.000005638867772965353185516714
0.000009169694207268787598851326
0.000012356627978041649504803087
0.000014561949648542887948200232
0.000015411984736166848229937248
0.000014857793939702113660363859
0.000013153904263145273212647773
0.000010769924721668515881596237
0.000008262858758709362792110875
0.000006142855190245476459693242
0.000004762618797747057056526151
0.000004252567791847292459649944
0.000004512391336999864906176245
0.000005257203242961969329497506
0.000006105049280373452623947583
0.000006683905894237420015273170
0.000006732057497873251764844340
0.000006166980391946875380009170
0.000005104911403359483320957193
0.000003825215574474423347879192
0.000002688097693748850538001099
0.000002027515916583652494137487
0.000002049364376288655455318278
0.000002765010236979000750410368
0.000003981200939792633327848383
0.000005351216000234644350913062
0.000006473579870550941761935156
0.000007009608721445316095548499
0.000006784685410332626278044794
0.000005842840521818810780262359
0.000004438556993915187236102518
0.000002968901009216451457821797
0.000001866666535412919352901603
0.000001485561546179629078545128
0.000002008792584812623431480150
0.000003403647581034134184769461
0.000005430710403310713802155045
0.000007702109520490400880357411
0.000009772662178332126132421914
0.000011242633433760290196171128
0.000011850592703731897438056316
0.000011537926186775289270252179
0.000010471609873185273593531458
0.000009018487051007859474577658
0.000007672767292313013382182643
0.000006948536826361355282625533
0.000007259041222620908299239823
0.000008811163770737027181806714
0.000011543372036435873076443137
0.000015126565371953940364389661
0.000019031045195767546664936815
0.000022643930523752733640708082
0.000025406244168984927451560366
0.000026933220879636390188279979
0.000027087368875185035947423390
0.000025989204788892161302523570
0.000023969576019632427363184948
0.000021483222145039058975516180
0.000019010656501360624718319561
0.000016973224122637639219284694
0.000015676796898515455076263125
0.000015287775692740282972546806
0.000015835627433393760564277197
0.000017231856599622032973984434
0.000019296120450945305774964611
0.000021784019478361943812725482
0.000024415079678387303701789235
0.000026901480572286425138779642
0.000028977615055219778210111176
0.000030428509740909144489374311
0.000031113117945200262815137748
0.000030977922234678406773929205
0.000030057665314175558140142447
0.000028462877755852766234251003
0.000026357056177015024021285244
0.000023928674458244000129106960
0.000021363938275183787257214749
0.000018825247402474646333430178
0.000016438225524119674168755864
0.000014287720859318037134092459
0.000012421134504711354553719606
0.000010856270432679524591719489
0.000009590723893177951128448215
0.000008610427633722141690496982
0.000007895988316288437427830325
0.000007426488293285595533577397
0.000007181217804706497217516990
