0.000002695400510777253531846664
0.000002301238781812667182958589
0.000002223964886985157875048079
0.000002468113999746755883666748
0.000003024570936947353244660715
0.000003873040737574038342100682
0.000004983246094718058327320467
0.000006314351982622890812886333
0.000007812679453800381413697621
0.000009408417429456066263435653
0.000011012643855034575645908228
0.000012516378868146584271074488
0.000013793475088046798992472836
0.000014708807550236222414972130
0.000015132433630059163951614432
0.000014959219646751306548337380
0.000014132040596192195855028070
0.000012665296743306713421473031
0.000010664440082348521278031092
0.000008336735993449731046403203
0.000005988801694965792633753177
0.000004007648757620051107198461
0.000002823959986511800909834806
0.000002858967857710490222480654
0.000004459285980730119727788712
0.000007827024881072762381743410
0.000012955111520988902629788336
0.000019579518450069950647558434
0.000027160660187733786703366198
0.000034905082808754548881220031
0.000041835341599105855972615814
0.000046910363024177894231310504
0.000049190686763865070711253952
0.000048033395830874553293111939
0.000043291590124703663322071334
0.000035484961596458927473272948
0.000025903833960875474208811892
0.000016611253743952072775211248
0.000010317806768731975920316141
0.000010121638584261833122683073
0.000019129526525922348526541350
0.000039999751068271779236816543
0.000074468773574545342008694504
0.000122936256292802603608954604
0.000184183090551001682477760824
0.000255283612464377691279177052
0.000331747684158395430165794382
0.000407894835804537892777477115
0.000477426698997165032886669245
0.000534131313923684979128037043
0.000572628671277531546904282500
0.000589054871126583399869314217
0.000581584805139662521823729069
0.000550710871692241220320962469
0.000499226619814324831456153753
0.000431905966018279968785670286
0.000354915093187491712325987159
0.000275037853539062239829893208
0.000198828280488717580544097419
0.000131818526138400307591222460
0.000077903002278127247417702228
0.000038989940697914077878585143
0.000014965023249289712191042491
0.000003957061644885883780551738
0.000002843715679780147200775200
0.000007896117813086606381065176
0.000015442368109343356652593190
0.000022434216758303260965149925
0.000026827178092725746433224593
0.000027725971694148283475198774
0.000025295829067821902968668524
0.000020485922962403300224762392
0.000014644748721431625722907283
0.000009122007704773798549132899
0.000004944726232221423449259435
0.000002629158635205684736783601
0.000002151297511944032643483801
0.000003057603601190048354837832
0.000004664634861201987207251270
0.000006280047973617345003416110
0.000007381500203595484878771240
0.000007711696129125278755065548
0.000007279221463081339881320570
0.000006285159643556798605675343
0.000005015013994864950229999375
0.000003738733636420934640159572
0.000002649418053906994986658897
0.000001849958665930352141746002
0.000001375809963210598709000966
0.000001229716885209574168025433
0.000001404722557348682018582673
0.000001883485853939825067150963
0.000002618347665388762278827848
0.000003509397782400137536716568
0.000004400710307721582575815698
0.000005106494665353628383539560
0.000005463214819539670233665331
0.000005388446738956440671308896
0.000004920108833418268129693707
0.000004214845012192319767671198
0.000003500237921533438675787469
0.000002995505665106018943605846
0.000002830466670173680562676288
0.000002995687725142180633515314
0.000003345785408524417384136182
0.000003656938225769075153108369
0.000003717416832116268659522715
0.000003415798544928920055902769
0.000002791638415059565682808766
0.000002027856006685237761629848
0.000001387023112169862717828715
0.000001115665741424393039702605
0.000001352756514794862922630020
0.000002076209655350713674363834
0.000003105916596628614326507274
0.000004160361425332086201948120
0.000004944904212217390484108547
0.000005240482480345183742033444
0.000004964327276449758721799891
0.000004186777841351237315820934
0.000003104404664469886295912479
0.000001982922884548792332446484
0.000001089615598697976064836851
0.000000633672359059921827111614
0.000000726581493664599786492066
0.000001367297444492196936124745
0.000002451222972487494814104216
0.000003798895087342315477233964
0.000005198611211604970188326306
0.000006455571622397284124402796
0.000007437932872494482794282003
0.000008108556048617019860157151
0.000008532235524655058784117626
0.000008853288886529650685073937
0.000009247092314407374372044884
0.000009858660613817639531463247
0.000010747644805296725832675225
0.000011858825359230465012073258
0.000013029557802803709511043490
0.000014033158550458628050536074
0.000014644680032040731417343309
0.000014707877415775804416219613
0.000014182327033282902920712822
0.000013157237510011206998473965
0.000011830140768022291477830181
0.000010459673022121634527450626
0.000009308137036731181673159322
0.000008589863273204692908913138
0.000008436580615993748713749359
0.000008883856652590968602193483
0.000009876245270662478535498088
0.000011285115097989008992171098
0.000012932617590327332628228479
0.000014616899591145159079054634
0.000016135911315967008838228106
0.000017308736984876325345301604
0.000017993806743311154157372034
0.000018102952772677096467558028
0.000017609777458976578709028138
0.000016550858149465041334281665
0.000015019161454347107600764896
0.000013150450027385390475024099
0.000011104914276727956932576576
0.000009047215917341989126080129
0.000007128274395433014656506265
0.000005471460409707467223796619
0.000004164648706785219213195957
0.000003258219141807307389353647
0.000002767951045785619444282617
0.000002681070270941679123855202
0.000002963550014591815179299233
0.000003567057396229986965333894
0.000004434509744286126293447061
0.000005503864125811018939498590
0.000006710342932442196337472409
0.000007987684669039020224660594
0.000009269154258456710002568417
0.000010488961901730105597831642
0.000011584479685015634220480139
0.000012499294347348449712347199
