0.000068321477135600965926130745
0.000067062763572287703833091355
0.000064111484455703035036100434
0.000059666455283447838249446388
0.000054021639966519248085563554
0.000047550365717301396864449131
0.000040685565133807136193981602
0.000033896471858331882740823782
0.000027662266261673608614595279
0.000022443339569506619491550195
0.000018651129201651325535508963
0.000016617865338879050799217318
0.000016568024941645402862890751
0.000018593752041181332553074906
0.000022636878975072649718656981
0.000028480352556013563056474397
0.000035751698952547197526974365
0.000043940530546209080077751236
0.000052430934943005425214520437
0.000060547907961280652178355510
0.000067614940137808931478607954
0.000073017718776185092013214506
0.000076267059419069782567023041
0.000077053079443038948424804513
0.000075282673446652856232702566
0.000071093783767589070234083071
0.000064842754010242657260187915
0.000057064867236909436317912614
0.000048412372759065039405472486
0.000039578089995591070576318876
0.000031215244327255684637575928
0.000023864948424987485718629099
0.000017901481225724128908041027
0.000013502475657586937080783043
0.000010646946713030954836964360
0.000009139648362788056174086000
0.000008656413684663989886280792
0.000008802550191732532366690848
0.000009175301767730684721871733
0.000009421736850341771429546804
0.000009284802963595263706727059
0.000008632255001913947760859569
0.000007465387636381627480311983
0.000005906851779594879528001786
0.000004169335438339341785916707
0.000002509556035575305145315494
0.000001174660386139295238517167
0.000000350268279460190541657735
0.000000120288672869741980643040
0.000000447548611406296662384752
0.000001180828501983915306184801
0.000002088395779263573598746482
0.000002911669980914106898244693
0.000003426940149511356349101496
0.000003499919779872326206112115
0.000003118687392951698159987385
0.000002395482839767293142054254
0.000001535863834706329208453597
0.000000782717588342003736003711
0.000000349918963104784906982672
0.000000363731126259298698998420
0.000000828193264614084369450490
0.000001624138039890146358875484
0.000002542022923810822933755188
0.000003339243825150985939530799
0.000003805843165012851433216855
0.000003820472175218076744506856
0.000003381601408933676342337968
0.000002606214327692267443138370
0.000001697323945365135122696223
0.000000889959622065120543155754
0.000000390519785260560350956380
0.000000325349795143942379412326
0.000000711149835332425805042053
0.000001453556057856610869331122
0.000002372856406500974056189004
0.000003249267425149955597135296
0.000003876026071520897364937070
0.000004107485833618844621570234
0.000003891362771938555147196396
0.000003278498675143570807483280
0.000002408857526040907678541950
0.000001477733355188871650250093
0.000000690274928398463021359368
0.000000214695788124083607591809
0.000000144590731729950049058104
0.000000478669594929610606580546
0.000001122366619511417928391466
0.000001910932931239320600161260
0.000002648747841992256694346880
0.000003155751412268982364995934
0.000003310038488527950904447006
0.000003076332472782479441058157
0.000002513281868879751305176189
0.000001757651368019433376212006
0.000000989304542263204857283055
0.000000385892626523859616099771
0.000000078969949501263032509897
0.000000122969695306524283654067
0.000000485043022325168124721218
0.000001058051944762800641611721
0.000001692588689507551512266085
0.000002238624046882546739277789
0.000002584835278460641160355868
0.000002684618593461526751874167
0.000002561982699516063524312025
0.000002296676026719767126695613
0.000001994126688712388516749137
0.000001750149245878732730906228
0.000001621562045166989927976841
0.000001611549211633737184709071
0.000001673597608212533651970999
0.000001731796571647473716837979
0.000001710162385301915554926483
0.000001561051473030027756779751
0.000001283402987249184176065308
0.000000925163598794573373905827
0.000000569516037792624372521229
0.000000309695225804709374771992
0.000000220584447624163456636162
0.000000335942932995399262247592
0.000000637972365380847285536072
0.000001061834165974476141858533
0.000001513099490192804199754180
0.000001892431382130035647301655
0.000002120123555623067523163115
0.000002153785607633997825540589
0.000001995037718775435988435418
0.000001684579083763594666033926
0.000001288269695016885694086408
0.000000878974143776690549300333
0.000000519400175353939763015323
0.000000250122739520957769397252
0.000000084956779730654594108270
0.000000013571237682274254896696
0.000000009402491403882853517127
0.000000039948964720823685860310
0.000000076497450737478941200525
0.000000101046265646856376005922
0.000000109291488716199211630828
0.000000109658485361451167453941
0.000000119220054510944106395591
0.000000157822560136317791814321
0.000000241855495853531264671742
0.000000378943482577509877835690
0.000000564528722382594680330881
0.000000780938578967057919798852
0.000000999149329245033924085540
0.000001183083942723600694870811
0.000001295929249715248239536460
0.000001307644997368067628687981
0.000001202599592494630750344692
0.000000986151288686936612856737
0.000000689041462900901110061314
0.000000368698869590968573786580
0.000000106955970327680325791437
0.000000004197799589594227123266
0.000000170516271618030330694290
0.000000714929287506950771845769
0.000001734051730647334204957048
0.000003301709190323129268225099
0.000005460842894218486474997194
0.000008218692835327347877131567
0.000011545736044195901081818589
0.000015378296766045247782319846
0.000019624238875455369748987064
0.000024170784745285633834249728
0.000028893330457606790514189787
0.000033664152909745664789958886
0.000038360097702083204951155337
0.000042868636830990661593099311
0.000047092019943985484659899898
0.000050949546091527781409812048
0.000054378207632982408586096168
0.000057332082995650106012168468
0.000059780884061979411682810626
0.000061708019446693292077606163
0.000063108448711418342570375617
0.000063986506872808543823841210
0.000064353798896513001890837269
