0.000783512950299084312555386589
0.000778660506039327874813760211
0.000769093096083836623780283226
0.000754881171821933740807841762
0.000736107141837525616109849658
0.000712871922747275411566536540
0.000685304554070955860775593571
0.000653574427576714784768330269
0.000617905430878078957938892568
0.000578591024779716626112724409
0.000536008983428459362223506002
0.000490634255286883963660671260
0.000443048190541439320180860939
0.000393942273466194124026396040
0.000344114546144208164821232110
0.000294457158601330124675365951
0.000245933962956177733227836057
0.000199547796273741041275448516
0.000156298047366100869084992731
0.000117130217458961805965071690
0.000082880363982892348538589200
0.000054218425993568241944963598
0.000031595311164404652165375864
0.000015199116801787324057353666
0.000004925821061800947978624472
0.000000369123179717240609852070
0.000000832811325249110900555746
0.000005367157390120917189867567
0.000012828531376893253387557782
0.000021958922216472958694128206
0.000031479626124364725196693587
0.000040191313820754771379394760
0.000047071288228985631591893418
0.000051358212385936344280233656
0.000052615058899391762593789057
0.000050762546780772900242070106
0.000046077828271708678705212425
0.000039156509206331576106521752
0.000030839979512312440520713230
0.000022114152384276240342854056
0.000013989630917012931744683284
0.000007376535610492505421072716
0.000002969193554410923636754189
0.000001156098972173072031026419
0.000001968626054797968086604700
0.000005077784926023930017150582
0.000009842107506601224922509683
0.000015402218268719466699430767
0.000020809889757621455812870367
0.000025172790998422041314338746
0.000027792129518743258686716557
0.000028270099163569468086803713
0.000026568002953249597326412096
0.000023003810826240150757149988
0.000018188526137612735008447507
0.000012912124340283812997981668
0.000007999676890083794915733972
0.000004164409568194400281860613
0.000001885364458900363214598293
0.000001332616503653121904380348
0.000002353468110231635284241561
0.000004520659196844016217272863
0.000007231040699075364152563061
0.000009833118847183830926327215
0.000011756582965798551484461719
0.000012617497100848114574057381
0.000012279032935435324347807177
0.000010857930586564432725183577
0.000008678869274951791612082025
0.000006189870609432469847669377
0.000003859343504837663802690267
0.000002077907240852454431233277
0.000001085406885388543018463930
0.000000936496983992832744366809
0.000001508688915191799785001786
0.000002547152536864992298105536
0.000003733021316788354648335798
0.000004758022142458372805541925
0.000005388528824342296714414082
0.000005506189292121097355442970
0.000005118827108246605691026926
0.000004342625802168993172239567
0.000003362912809278256894788411
0.000002384816096532267420092521
0.000001586006764433100134904201
0.000001081779983335760135360862
0.000000908651413968259367067988
0.000001027655459910736624604068
0.000001343902027141635559834114
0.000001735717624566055963182304
0.000002085440389022647384451373
0.000002304687717557143494345696
0.000002349217387202138019767573
0.000002221597391946385676835809
0.000001962945073856323421993301
0.000001637288305939679939753377
0.000001313224809056805077140751
0.000001047438775625554019027877
0.000000873509713693111558547146
0.000000797743776169771853657288
0.000000801954508428000929586401
0.000000851628316599459234985587
0.000000906987568954367337426198
0.000000934191514147290362935112
0.000000914221794459748876430279
0.000000847720764447142223013904
0.000000754990354897285638382382
0.000000671334788098473742034861
0.000000638797355363364815908963
0.000000695993651659466536945394
0.000000868104879500681083852418
0.000001159112859635911470007792
0.000001548010502766352659267859
0.000001990030678429449208807853
0.000002422989095653051251291624
0.000002777788977925451722848652
0.000002991196126961056260724642
0.000003018383304844906233569551
0.000002842637300787283979603814
0.000002480091793255428675657936
0.000001978326567896540429727101
0.000001408954543698860139579708
0.000000855605688560050771623421
0.000000399698529363869495425023
0.000000106823485199914362530741
0.000000016346167313559890703648
0.000000136042446990489674603622
0.000000442420590096340822576200
0.000000886175005889618532073739
0.000001401253423245091689878670
0.000001915517507952714070499798
0.000002361004455887923137987015
0.000002682269376841056715467942
0.000002842006692796849832104416
0.000002823871853661240550532234
0.000002632946915834069804142163
0.000002294505759156115840132709
0.000001851647774319097705219683
0.000001362095645645221450470322
0.000000894158062439776507102432
0.000000521694987772351368911521
0.000000317979147116046288390413
0.000000348617432665261274457705
0.000000664088182052487490742354
0.000001292821833946096240301727
0.000002235959608099833287949039
0.000003464871116265141960167441
0.000004922178103814190880719269
0.000006526480624347547908662391
0.000008180338019008772092871551
0.000009780468723561989356600488
0.000011228732312870532246895303
0.000012442327198714236025783864
0.000013361795073515440656969008
0.000013955821784742984795245693
0.000014222370726851295521706540
0.000014186265657788897962638883
0.000013893848212389366480828089
0.000013405691928489069810847938
0.000012788518867298202582997481
0.000012107436553625203743984190
0.000011419424678466594280136504
0.000010768706526022968225858936
0.000010184300821690783704740087
0.000009679722951256964995868370
0.000009254535035765225876674099
0.000008897259940936220730476475
0.000008589085039877880300659453
0.000008307782010823792971741103
0.000008031342238934135663373619
0.000007740949961538042255757355
0.000007423061716054144632069133
0.000007070507594890490524132572
0.000006682658900621911891740210
0.000006264806078036496909792769
0.000005826954950445057075712838
0.000005382278726855203667442211
0.000004945462559408053615712161
0.000004531153487569423261253215
0.000004152688781793388579481347
