0.000003013071505061946775671502
0.000001989690972077141040786968
0.000001262159102238572168871197
0.000000841454718894210110813618
0.000000724023443294494816790724
0.000000892637445379920350294306
0.000001317475806071241819196417
0.000001957434419457232740454473
0.000002761710077958310404822907
0.000003671721602560678788569485
0.000004623428765744232491570129
0.000005550086893373837371222588
0.000006385433488605821916652295
0.000007067247381551789131267152
0.000007541157045026819430585344
0.000007764510260434593440204663
0.000007710059913784495495381148
0.000007369177221831789695511480
0.000006754279453908493415599176
0.000005900157681791410807319552
0.000004863913138180212337774357
0.000003723259529064997961164294
0.000002573024553497342799480074
0.000001519789339997069815439484
0.000000674742592537131647785411
0.000000144998962200911749680484
0.000000023836258292203197819022
0.000000380532992835397236780422
0.000001250713862092575447880699
0.000002628300040693171989495368
0.000004460266139893439744186152
0.000006645374251252186930370453
0.000009037842008798346361570647
0.000011456480646998086676564138
0.000013699218891247343869287806
0.000015562160540873453025423334
0.000016861503930426789313974309
0.000017455912689716726029966892
0.000017266419688274957724982706
0.000016290810663068159240681951
0.000014609771216023424754773541
0.000012382921601484404974585427
0.000009834149368466984445901619
0.000007227226869671365066345389
0.000004834333609987783433252061
0.000002901507999443215058755271
0.000001615944337144237494103779
0.000001080200245226459327327058
0.000001297669929005992923122460
0.000002172143523582657382848919
0.000003522111840386684392849651
0.000005108034573394251484494168
0.000006668506101665383958691270
0.000007959574729960291534407515
0.000008790763485270160489484272
0.000009051798776919313759925338
0.000008725645945353136564807961
0.000007885908781765728527016548
0.000006679508954241383464085074
0.000005298251814257314701306356
0.000003944854821636771028911007
0.000002799852474593521328575033
0.000001995324517305702743583638
0.000001599733741464546759534484
0.000001615681079284519765601079
0.000001989644454417877012040571
0.000002630372243714476154037487
0.000003431071690617080939718353
0.000004290177439188686780134358
0.000005126336656167290208030440
0.000005885054722164401964034329
0.000006536742689757288728505391
0.000007068127315786195881701284
0.000007470594967697815546811297
0.000007729670612405033783753536
0.000007819353724966261620795381
0.000007703581798451697752131567
0.000007345034227677427882325679
0.000006719328351217754611386310
0.000005830920982713278430376556
0.000004726142811422206880893858
0.000003499000430471638906342741
0.000002286681726886523793721741
0.000001253853515737762745573111
0.000000567409804300657362552776
0.000000365770134632711835579160
0.000000728593701709172849109589
0.000001653428769480272112526445
0.000003045123415381728731467746
0.000004721810971025745072419434
0.000006438256632862662465145893
0.000007923853081881115022980927
0.000008929272484531285245142052
0.000009273428172150428958498553
0.000008881551543166046300574121
0.000007806164330629337749171276
0.000006225481495683907366494279
0.000004417889690219230930130073
0.000002715856192384042222076439
0.000001446985823854140828199975
0.000000873009709522336323537324
0.000001138520255396859796108932
0.000002239912645321407456343006
0.000004021403422547561136370271
0.000006199818292270707696493826
0.000008414104367935923870316407
0.000010290429150231103461957810
0.000011510391063366371636883523
0.000011869049260251423688573499
0.000011311415472041143814516118
0.000009940367357393534690360518
0.000007994737345174443183550526
0.000005802362284042382674939618
0.000003717847962317475070186893
0.000002057647929988415991432596
0.000001045198911051543366778401
0.000000776327948890611771665723
0.000001210578038829601493585721
0.000002188557498788284734882268
0.000003470152204657018558015295
0.000004784581772528063475693593
0.000005881588216511285359953173
0.000006573741233542750145280552
0.000006762593124413467590163272
0.000006445439872773351194660055
0.000005703736639049249615538058
0.000004677799050298835838060212
0.000003534579926954073591973803
0.000002435736004376305380097166
0.000001512022061964469798388223
0.000000847760092493799593506493
0.000000476413095583479988727341
0.000000385832482048280148431366
0.000000530062516333418523046129
0.000000843920825005717820482235
0.000001256887224882062857383644
0.000001703850741942436003724241
0.000002131594078926471893360110
0.000002501146675696569914102829
0.000002787025550080688669838790
0.000002974777042912580409683319
0.000003058158896151382338487491
0.000003036902188650726694527007
0.000002915458922030046100672216
0.000002702653253221864734990232
0.000002411834230362074619124710
0.000002061020430140633767017010
0.000001672607497470840912052797
0.000001272408480822734260374651
0.000000888029782891963010864117
0.000000546780409700335289174909
0.000000273425306600501784353363
0.000000088113771163337340841117
0.000000004756885079594161310039
0.000000030024765979338938136594
0.000000163019634511815749862068
0.000000395582274156496155788365
0.000000713123801676243410855964
0.000001095845594342113815623709
0.000001520211548674896194320713
0.000001960556702534765968098159
0.000002390741679121508075613273
0.000002785783062006324204155829
0.000003123400108863666554558005
0.000003385417823907072105353404
0.000003558959284161347326111684
0.000003637352605766032903134369
0.000003620676612021234465896898
0.000003515878982572376446676544
0.000003336423326791319416914378
0.000003101455823910411573865378
0.000002834523572239138669689919
0.000002561919637032090651235748
0.000002310767697366016907965661
0.000002106986859062057217671128
0.000001973291236002545539281617
0.000001927378263832965414029032
0.000001980445591328916468985616
0.000002136151686368499832627136
0.000002390103793491196830782886
