0.000002539094009940819126610679
0.000002908473978074042989069425
0.000003231196627920353200156059
0.000003491480561848541563631189
0.000003677740455654134175587314
0.000003782942919165194472228345
0.000003804667032181678847888332
0.000003744893082513857223965568
0.000003609555259341846977208437
0.000003407904352991472949957127
0.000003151734616692379165449420
0.000002854534341834842769048027
0.000002530621716917935920630051
0.000002194325532125885375894000
0.000001859263841436548231729692
0.000001537762833484350465974855
0.000001240443520894329486136233
0.000000975986709287649231971888
0.000000751068876130390624502398
0.000000570445216716914697008549
0.000000437143312795898526862328
0.000000352723344671797717445202
0.000000317559429452419076803169
0.000000331101466065574026066947
0.000000392086721010053463216125
0.000000498683383733811488243187
0.000000648562087296193371761734
0.000000838903590578330724248344
0.000001066359630622672510140512
0.000001326988431411019375008651
0.000001616186570401455150047506
0.000001928635833053520533356693
0.000002258278871962385444486371
0.000002598332574556870343496185
0.000002941344311321980960525308
0.000003279294272791378716923197
0.000003603746700967417829078801
0.000003906053121391464170259963
0.000004177610512253682604664161
0.000004410175630670219523049060
0.000004596232832374771229433114
0.000004729406695094817104029448
0.000004804903237402509350039998
0.000004819955576327265805546950
0.000004774242653598264025471918
0.000004670244158917535811953881
0.000004513491609334651300975642
0.000004312674973917930423491802
0.000004079566332116661136618536
0.000003828726918923729977551739
0.000003576971846869598282449548
0.000003342578367384441536742283
0.000003144239427371572478324240
0.000002999785005611695625225887
0.000002924719254643973203347486
0.000002930650933822374491939666
0.000003023726036255769597223351
0.000003203201844002408546626878
0.000003460326944184580385806358
0.000003777707466140740066206294
0.000004129341231061447755441244
0.000004481484179146069657655865
0.000004794473663136938410673192
0.000005025568646248291383813334
0.000005132777284992760288937375
0.000005079530513220904781391055
0.000004839932547485734891650356
0.000004404186577830495499092343
0.000003783671656003213613813632
0.000003015054042642350916715935
0.000002162774019286825423859840
0.000001319277353006347584105291
0.000000602474318549114480289292
0.000000150114602851432307392947
0.000000111057202875743530671757
0.000000633769572598560410628355
0.000001852774143165069126106166
0.000003874125416113268393009713
0.000006761293189802044198714794
0.000010522994447665199281506838
0.000015104515346304050470746354
0.000020383871342147775275249408
0.000026173768420909742423580147
0.000032229780264505004136292576
0.000038264500410003498827131441
0.000043966741464030763405709812
0.000049024222981436663332862474
0.000053147702387034098680564098
0.000056094231838645017675180210
0.000057687214878429528394556541
0.000057831202698006100952881486
0.000056519886108568328510984996
0.000053836446203097668063847214
0.000049946237544015144392117039
0.000045082590989034531379128085
0.000039527237189883561300270814
0.000033587378906281061625906798
0.000027571719753005419938822820
0.000021767762719163580862127838
0.000016422434944365937089377772
0.000011727621170080246724358279
0.000007811568421469685272683602
0.000004736444651497016444156949
0.000002501681462908048543444242
0.000001052181753144091364156852
0.000000290082604632545024764734
0.000000088560930954240324729457
0.000000306155669024148005077945
0.000000800232625060100434571291
0.000001438495399044479403302958
0.000002107797399740956843398670
0.000002719883932343380959230882
0.000003214043972036317287055938
0.000003556944071597183721657447
0.000003740131107959506071085039
0.000003775818985556009858920714
0.000003691621075187346588740260
0.000003524867206633792151508188
0.000003317068016353454982885450
0.000003108978206475024693615852
0.000002936580582338066144172054
0.000002828179016353621843903434
0.000002802662279055734277806704
0.000002868890683961728353652083
0.000003026069798935076992409945
0.000003264913758677329477250013
0.000003569366315648312207309267
0.000003918639720422995693059620
0.000004289346632605364623429429
0.000004657533418318686591747240
0.000005000467963251354232680299
0.000005298084639645508573931130
0.000005534036949790969496000559
0.000005696349667162911388886351
0.000005777694034320705234256121
0.000005775330918024670815802499
0.000005690778773868848046152587
0.000005529268041373920312476272
0.000005299043777920888593450238
0.000005010576199851973367013162
0.000004675735737162097025842317
0.000004306985626591011909604194
0.000003916640548343435471081563
0.000003516233536174125829954764
0.000003116024641958566671946394
0.000002724673414193546024423490
0.000002349083683897115339920267
0.000001994414656964332748168489
0.000001664238529537168591215563
0.000001360813447906255298187417
0.000001085432944729194025909212
0.000000838809675552447557892420
0.000000621452286338777315937473
0.000000433998843342311034795660
0.000000277477319089583510969987
0.000000153471919619654400567980
0.000000064182512822017023290686
0.000000012372405363116448340605
0.000000001206970115638972223762
0.000000033992238341720520902873
0.000000113828789603947986313892
0.000000243202295002319091123718
0.000000423537872702826173029110
0.000000654750673593300696848660
0.000000934829228984641250761441
0.000001259490309279553767770991
0.000001621943638522984179920709
0.000002012801274708222233508726
0.000002420159644027681320729633
0.000002829872368194113622295828
0.000003226019790319586071054110
0.000003591567402708305644493635
0.000003909191241663383156984112
0.000004162234727064403319498481
0.000004335749204221857437951005
0.000004417560177799774993228146
0.000004399293284520592540380417
0.000004277288678190488726540888
0.000004053329945363032714639780
0.000003735114318367659401497541
