0.000004046162291259016760395801
0.000004612657640789718861186203
0.000005652994234222595141051409
0.000007122193152982783434360760
0.000008980265303303025447244877
0.000011193105094206750243579843
0.000013733093634600951509004522
0.000016579320853533051349781857
0.000019717154524982335951546059
0.000023136779025640633636025714
0.000026830338972149119224379007
0.000030787464657634121484655609
0.000034989207575977788989510936
0.000039400731461072134229322445
0.000043963434518813819073916604
0.000048587476683697134003259849
0.000053145924476061154025433031
0.000057471895102812893779513359
0.000061360173921680993846562713
0.000064574769177387292208754321
0.000066863688069764562948646414
0.000067981753808685704029528274
0.000067721392347641379706041365
0.000065949887122447578883220609
0.000062649632979989105076648603
0.000057955628679398284131777525
0.000052182315335555860661993083
0.000045830637433590150895713899
0.000039566740383732987372100015
0.000034166760532821206872849951
0.000030427979342240365622385828
0.000029054685017534947902642650
0.000030535940551246991815723814
0.000035039790849532591104562029
0.000042351584905402366205973141
0.000051880784212842943079000563
0.000062749912078712013715521556
0.000073962197053260164431726098
0.000084624195067245676295415724
0.000094181151889758052886056361
0.000102611525507814127749876831
0.000110527312218469442360938015
0.000119140448516770044106415083
0.000130080981705642777105161323
0.000145084919238265173339202940
0.000165601398049188854293828355
0.000192392340789382442021310249
0.000225206975231159240618053485
0.000262605607067641880388031428
0.000301982932793675915277703536
0.000339805656675119707298832195
0.000372039332271237440860622847
0.000394703001179436748380863209
0.000404464232859732414088888008
0.000399176291843179778095346277
0.000378265267398296184311184964
0.000342897092657944949512655031
0.000295888893349094091785728144
0.000241370524188304119619224997
0.000184243776793166307535754012
0.000129521611979777843525613035
0.000081651680810158460419381776
0.000043932989063852742790423217
0.000018120247199793389892121323
0.000004279010812465042971983881
0.000000911277924912561776532821
0.000005323507211974646874310529
0.000014166026071375655513966824
0.000024042928356550970122587282
0.000032080887864595020945567699
0.000036356166478038618654171354
0.000036109434685682789613770521
0.000031721734662265413157069410
0.000024473018243091656099934272
0.000016147193417309840742261337
0.000008575656638330337287485367
0.000003219105132046050853181522
0.000000873657142377531860459291
0.000001555385657380192143166221
0.000004574788115696267008086773
0.000008769349450375087009872110
0.000012828171752126016770100686
0.000015625314566437026471933114
0.000016481544080608918754387096
0.000015296167853161946281704761
0.000012525503504788568806364857
0.000009023280668921409466000198
0.000005791250786853860799509915
0.000003707648069741936983805593
0.000003302817489073947009882957
0.000004635821803069361137612184
0.000007297916828154687372788231
0.000010535993196475224335448284
0.000013459707280608219001345575
0.000015276993029769030986442235
0.000015497960049366683019968216
0.000014057189468840953979226691
0.000011326039137805882019995572
0.000008014183999205762455987981
0.000004986598100751725780408353
0.000003042319332604360449521293
0.000002710144229315251615948209
0.000004112001758242256080843301
0.000006928226881836326876760827
0.000010474099911730939044046326
0.000013869603081458262405214685
0.000016260895053964047351525990
0.000017038338176000080028500358
0.000015995722884100356054118408
0.000013389129647104832954987094
0.000009878634627473337355939298
0.000006365802536227497790595215
0.000003767039650493989762767601
0.000002780193200170403524035864
0.000003704431218828020878935285
0.000006360372472378338492974333
0.000010131846268207986232049757
0.000014119205779925376886981513
0.000017365147396629455130330488
0.000019095246018339298956553035
0.000018911883680212360713500386
0.000016892767874147425661863348
0.000013570303338288990221884717
0.000009798865228951919313150377
0.000006545289597813403298885975
0.000004656289903614002436446455
0.000004660517030319801357431727
0.000006652081916816647607216921
0.000010280021953963921962091690
0.000014840780465579081733918689
0.000019445695381510461958356542
0.000023219149074603504298965409
0.000025479087142917950648121281
0.000025860163493408325565987155
0.000024357525616397612410087004
0.000021290699110093944085948456
0.000017206134340737608094933780
0.000012748948976977434328341707
0.000008536938320416958365585702
0.000005063634275928386256073691
0.000002645087060688340007124243
0.000001411376290101632219019527
0.000001332707240399507715955486
0.000002264013987651054794162514
0.000003991971284197874179195363
0.000006272988488724249247119498
0.000008857656738085255030226185
0.000011503519977926413486377100
0.000013981883667497289717995823
0.000016084846386838813397848064
0.000017636345076050618325882308
0.000018507193852262920463324497
0.000018630615765236020953858967
0.000018012999287140136318126002
0.000016735130597585210832697195
0.000014941620263291076665143446
0.000012819639141453265587388029
0.000010571145343022831926231564
0.000008384497100945679257198023
0.000006411244014084027697305407
0.000004752164258215279933486933
0.000003453966644028550099249780
0.000002515406025473016896922256
0.000001899646422173635439004449
0.000001548967178557291629319051
0.000001398328416012074639708149
0.000001385527713225139618833715
0.000001457160466095137843449002
0.000001570851175657114913780860
0.000001694949578110005993376560
0.000001807023612393604051598096
0.000001892172953334229354639033
0.000001941678983408840856994797
0.000001952041128305545341584809
0.000001924180773632485603417139
0.000001862560612735031918244140
0.000001774107434337721728973111
0.000001667026163988882613660111
0.000001549740902496988212715037
0.000001430226369954812516574819
