0.000211608406720198817876910091
0.000210886872455539589512468757
0.000210064027591717173261767759
0.000209165532059698146098714044
0.000208242598748428092182705118
0.000207365566641945459980603261
0.000206615170178894630350491246
0.000206072064974956392852459275
0.000205805296215495395597064321
0.000205860505583582199546494040
0.000206248757945423703526535708
0.000206936919961361740416191934
0.000207840527372583823992671648
0.000208820023603941497302230457
0.000209681128601697244154961064
0.000210179896045455073469443441
0.000210032737427362227152286001
0.000208931338824437510311854416
0.000206561985571184115887191646
0.000202628366559492502103206890
0.000196876488367645142074299769
0.000189119932755549302084985275
0.000179263387145542981045143183
0.000167322214876852200368326229
0.000153435853394393343588492096
0.000137873065685584304113087128
0.000121027536998655562989340995
0.000103402995841849680395962974
0.000085587909576889954744137456
0.000068220797331422329480739297
0.000051948228427449113803887615
0.000037378526462544681293297122
0.000025034962209743500576378250
0.000015312681152926290849974889
0.000008443680662181791575352820
0.000004473767469806921590947703
0.000003254574015715410815211212
0.000004452432963968969442550370
0.000007574301195327140901554421
0.000012009139910580884255089824
0.000017081389510272751289850918
0.000022111641412118627873784060
0.000026478514164437235833132744
0.000029675264792833170885560934
0.000031354923133233454364370008
0.000031358756867353506508910854
0.000029724589346536940193729132
0.000026673732768715741525602375
0.000022577811691497151814394043
0.000017909224129012652295712960
0.000013181089093518793308791072
0.000008883957699167673515653482
0.000005427091269869395124354674
0.000003091619059604966568167170
0.000002001403568554449808144418
0.000002115130994225315284315092
0.000003240304827138734214013243
0.000005066840478988346002089602
0.000007215264438257125469687071
0.000009292513451900190357430481
0.000010947319215822041369714709
0.000011917321535006354546416471
0.000012061372279989555737766960
0.000011372786748395029464355106
0.000009972223256360461304662925
0.000008081973755398599791772984
0.000005986239753583815829366017
0.000003984004703120953029538403
0.000002342071905825638201064732
0.000001255568515995793663520431
0.000000821778955050391695759187
0.000001030819790826985312895544
0.000001773811770213777128031877
0.000002866334623292709922720133
0.000004082553029120878657499526
0.000005193872523543952601549241
0.000006005555172076046784252271
0.000006385428332863534586836922
0.000006280485041257584938995638
0.000005719465057176305485247408
0.000004801986946884800254138972
0.000003677025600490165914636031
0.000002515118806316056045607526
0.000001479401337076587718351479
0.000000700341323847028465285239
0.000000258004210137393488204205
0.000000174050493331651000934049
0.000000413825018264760291757126
0.000000897170182439525718489271
0.000001515288831136717847099726
0.000002150282371607119421240417
0.000002693949733461875674128856
0.000003062977994729417073485698
0.000003208611285896090381536275
0.000003120024096905890663466217
0.000002821720904172793068138709
0.000002366153116630780428965904
0.000001823277366053471104865289
0.000001268949444249430912631631
0.000000773901349497350043985162
0.000000394678555629123329261484
0.000000167431985835719563473378
0.000000104965119019159086653867
0.000000197002649038282637924759
0.000000413308440108371769795988
0.000000709041154001018350889931
0.000001031581324930553163755063
0.000001327975877654792556206730
0.000001552115662924025057197060
0.000001670792371292433802943832
0.000001667886984488950780875318
0.000001546136766015481083476660
0.000001326213845048751232712139
0.000001043206344219786370204031
0.000000740978652248146496483939
0.000000465237271832720104698916
0.000000256372530122945645677537
0.000000143224878228541580430088
0.000000138805591162250329984344
0.000000238692329777426380154270
0.000000422368291399217994230993
0.000000657260758924042423959316
0.000000904758513121927179033541
0.000001127140869998485080990093
0.000001294201820452747864748761
0.000001388428464239498816499272
0.000001407875404151869019067590
0.000001366306738550492042133500
0.000001290668243922175021740225
0.000001216409649337997137376680
0.000001181517700987286650498318
0.000001220289932099137684254927
0.000001357858392182337607139082
0.000001606281036289910162237135
0.000001962705090784589579403678
0.000002409738060351509336660209
0.000002917807536733123170848798
0.000003449009460487041765915876
0.000003961774653633375003851640
0.000004415639408528390517016601
0.000004775478162854055313990814
0.000005014716822727429208674931
0.000005117255415786457235912885
0.000005078047475474244296068330
0.000004902475009676780539323322
0.000004604796579042328696375862
0.000004206019269413779367418685
0.000003731553313171030702218457
0.000003208961428107173756852765
0.000002666031141765842047580172
0.000002129297811507771147544093
0.000001623048085041989759160072
0.000001168753534717960519893052
0.000000784831714073779896081117
0.000000486610167070017501719120
0.000000286375460617931654071406
0.000000193417274369912395989702
0.000000214017693187657319661853
0.000000351378357776319443426768
0.000000605514524689496386227394
0.000000973169311119550667365814
0.000001447810462515138519258768
0.000002019765965270083033660832
0.000002676536392153642457874879
0.000003403295418764907375580846
0.000004183560659145698742609164
0.000004999989848185607793748693
0.000005835236544325533451565632
0.000006672787642037073514256033
0.000007497703199044413829811237
0.000008297187043063146787949709
0.000009060932782171718618928480
0.000009781211879937352118548691
0.000010452695711570686860599280
0.000011072029381237367219375720
0.000011637199275052392545256111
0.000012146757050765172458056153
0.000012598978724423307571419345
0.000012991047825486573796512427
0.000013318355657981423845735193
