0.000090519196618810959516047976
0.000099789194448245648180403911
0.000108630990885107874335813172
0.000116891031377760635655456423
0.000124427572044030857476362706
0.000131112053543065991585703234
0.000136830107639222868726527893
0.000141482266490239609515316976
0.000144984465803631905680970426
0.000147268448200510193883336352
0.000148282180852803125402361584
0.000147990400009468227662812190
0.000146375382578842162199089794
0.000143438019747388936482937472
0.000139199228382137643947324968
0.000133701682304176034917289617
0.000127011778555123969452339550
0.000119221676696210611358546505
0.000110451167664932071803794711
0.000100849051102949423611154778
0.000090593637098832096340821074
0.000079891952350180403898995130
0.000068977234596753292405514613
0.000058104354158016679424581669
0.000047542915360161508789033774
0.000037567965691555226155368824
0.000028448471174714336202156081
0.000020433988238639289904130525
0.000013740251637192864509395482
0.000008534672801187822476160286
0.000004922965855708460516384443
0.000002938250079000284349840409
0.000002533981960639263811448096
0.000003581920636281199546007434
0.000005876015756256620623280366
0.000009142635004847798516850604
0.000013056950387670659735530471
0.000017264631605233215306876779
0.000021407324252533657324426564
0.000025149805600657383272949347
0.000028206299030130532561316120
0.000030363267469726858393532995
0.000031496151042351855104534097
0.000031577984302784379514600355
0.000030678600645737066237618562
0.000028954136433930533270613566
0.000026627674062238237506598793
0.000023962969986669258645045621
0.000021234146622758958084312142
0.000018694841735528762454885895
0.000016550494776582229145434760
0.000014937150269619778900033122
0.000013909386133120022624259059
0.000013438814905190792631912121
0.000013423208460779003769330897
0.000013704857902357175827683100
0.000014095512581759636703410132
0.000014404341304306976810417282
0.000014464970000511840849712064
0.000014157842057863239852233753
0.000013424897321277034741623252
0.000012274760232599133866725205
0.000010778079636716057530050790
0.000009054141836203318387016510
0.000007251149075729652977088772
0.000005523417746475505793566241
0.000004009074061460891067517481
0.000002811571677146269002340109
0.000001987585412599507743821236
0.000001542693410513015973787991
0.000001434950989475328640983362
0.000001585208472598748645593608
0.000001892038634631398702457775
0.000002248568175808641835146514
0.000002558423111828635409620248
0.000002748382536508382383889666
0.000002776089902727964242590275
0.000002632137784496162696151484
0.000002336836189358993420183341
0.000001932819697099099180308051
0.000001475209330104020136672518
0.000001021248242415492045665404
0.000000621174939455135703090258
0.000000311649111392451612340777
0.000000112417250696823367275171
0.000000026234790832332715827400
0.000000041479723523440817309360
0.000000136500024012135618797672
0.000000284586522908829948888738
0.000000458553045280297146354823
0.000000634186983917977148823798
0.000000792222294905895800624105
0.000000918885964296884110235979
0.000001005389105053073722220378
0.000001046912072577253212624050
0.000001041643970713830402477734
0.000000990295397208322458119760
0.000000896257929488440554576867
0.000000766304302850797493609509
0.000000611483366476747201571549
0.000000447725196887312160004411
0.000000295670114684219916909854
0.000000179374019677543154797873
0.000000123792092424032492599338
0.000000151248572314393605339086
0.000000277393602496365291896281
0.000000507361739899777497040875
0.000000832928544645722749689394
0.000001231385460499457595477191
0.000001666624034794224254175639
0.000002092573920376732655676023
0.000002458734335662441171214704
0.000002717147658779891692369668
0.000002829857848968167749714427
0.000002775733015390373734375450
0.000002555544349159958121260692
0.000002194386722231654211968293
0.000001740873268164928901993900
0.000001262985486753112338492505
0.000000840943619426676869755362
0.000000557905800636030749039109
0.000000489641934134037468283785
0.000000694509247780131490608102
0.000001205054753410784288523310
0.000002022386007696395404019613
0.000003114112102099063076379162
0.000004416209249414189951801150
0.000005838670860225909894144092
0.000007274326569260214547698717
0.000008609820038897480725509880
0.000009737471182224779900696299
0.000010566646274204909673678950
0.000011033329289293514427505206
0.000011106817556311419134106727
0.000010792822189130720211000872
0.000010132690893672734199805474
0.000009198930684190479979646035
0.000008087632199474161304110671
0.000006908733294654211286095133
0.000005775268074597647409169215
0.000004792807364212777337670723
0.000004050207236880682370972710
0.000003612563161893687550758935
0.000003516954623437244539747642
0.000003771205321548839364782313
0.000004355527129167289536720159
0.000005226607414276120105306716
0.000006323474054873391559500849
0.000007574350507118076384531838
0.000008903698284554291693501833
0.000010238724716563584582864135
0.000011514786884868906432079043
0.000012679318634317246375191324
0.000013694115750435340689815378
0.000014536007535441461025632094
0.000015196100721913741496936490
0.000015677892093224997648601496
0.000015994605965918142707329550
0.000016166125546486083647095000
0.000016215861691493789806641293
0.000016167849800418364651036912
0.000016044296747132747018920948
0.000015863724887081102991057482
0.000015639787054924763893930251
0.000015380760476290702943539396
0.000015089671888103226433637885
0.000014764962477991416730247268
0.000014401570000519059159996109
0.000013992286444714482679298889
0.000013529242381380119053220848
0.000013005372814334477943993239
0.000012415732923085632998720478
0.000011758554096726748220596084
0.000011035959303652858429938867
0.000010254289911057795335884608
0.000009424031045199153289225816
0.000008559356795576428608577149
0.000007677347386088685099177036
0.000006796955500957821718862380
0.000005937816373570444635160512
