0.000003384252697419987074978339
0.000002907364940022228455974822
0.000002573116081262079802227053
0.000002414950279374565078117140
0.000002454361703977964176024915
0.000002698204078174226660505244
0.000003137536795411842867445417
0.000003748087486341986885419542
0.000004492236780956391640053180
0.000005322260944978559849764376
0.000006184435353937674207606273
0.000007023532152746125407579997
0.000007787248506271047306798172
0.000008430167700574231080725557
0.000008916958320577780578060356
0.000009224625044232783664362521
0.000009343712943031144604194571
0.000009278427131070316675781791
0.000009045673096614788671302083
0.000008673076230458821211022000
0.000008196127591927875467425063
0.000007654734068873886513174713
0.000007089600643981255229683722
0.000006538984825020359176878104
0.000006036367897917596974310343
0.000005609429343126729108480900
0.000005280383068006556323518031
0.000005067300929941431428260579
0.000004985640926611636328941168
0.000005048977313724974267056343
0.000005268034883093844277868537
0.000005647608204663238281044609
0.000006181716670122234635453146
0.000006848195574006100506752551
0.000007604562071489110021231799
0.000008387146715791530133523798
0.000009114988546840041254838531
0.000009698892440586297683893270
0.000010054594590600688991301886
0.000010117588735227218941256470
0.000009856287613296719704331778
0.000009280182349257015973743000
0.000008440635613263697910172746
0.000007423723222552923123958215
0.000006336670904429410287601702
0.000005291306042548817376155665
0.000004388959295212081880902238
0.000003711004979754139352997972
0.000003317653844898329560243570
0.000003255025595819516188523038
0.000003567582067915329856893931
0.000004310529516703465505687853
0.000005555610315568143167230374
0.000007384371746541358848834116
0.000009865684392120737313956920
0.000013018650477882891453897118
0.000016767279570209095765614266
0.000020898242229994711297805937
0.000025036315547381195396100390
0.000028652592651275541121977039
0.000031117320166751394339144099
0.000031802183594612201309424770
0.000030226640855969848562358540
0.000026231041919636331169506452
0.000020148035547240475547862287
0.000012935816854632251895421829
0.000006234657868751714476828266
0.000002313707356726356984872759
0.000003888764554637249036333699
0.000013812452704449515152257746
0.000034663014331052610476902043
0.000068282468479733719681108728
0.000115334053358165844384991550
0.000174957957600250477462819343
0.000244599913418423438662974156
0.000320068157161598092815685268
0.000395842242497941468413330535
0.000465616713214457621575204094
0.000523020414439747728142793282
0.000562416045533609045697920337
0.000579661874637674764260131255
0.000572713892891588659261881133
0.000541964451559765305124760637
0.000490251011225484225469761768
0.000422520463032990327249815987
0.000345191771611019011974097470
0.000265311957499046204272258320
0.000189637517142654125944581378
0.000123787535026602298895634369
0.000071602441605621736531867016
0.000034805277679438453386582403
0.000013007230330473746658203997
0.000004036801776525393917194329
0.000004514691530922235636607166
0.000010555812745078307958728099
0.000018463828628858924678097370
0.000025294857970454791957180818
0.000029202274954246209084669089
0.000029525342168981861645359749
0.000026639108327307326281761443
0.000021629497426257125269975085
0.000015886156169788621738509990
0.000010711367587411714660198397
0.000007026757766213363052751600
0.000005226401879961967047571320
0.000005184567732234869247612795
0.000006389021838155317852827545
0.000008145246176456026618111460
0.000009788064219075517485542728
0.000010845360163612313315352996
0.000011119712192920248563154581
0.000010680808250032577252854223
0.000009786597392865973763474707
0.000008767741731624292722178070
0.000007914587544181488797849847
0.000007398797572870868750937248
0.000007246506210614936038740160
0.000007361868210457229513030229
0.000007584829729777840890748465
0.000007758984788226191720581296
0.000007785991367885839969215610
0.000007650893434380598575553917
0.000007414401892891190667532909
0.000007179504155412274200224847
0.000007047119923283962078649698
0.000007077058441643235007015300
0.000007266558460434198934508113
0.000007551285945459451175284984
0.000007825762013621077433636261
0.000007974476594777401818265120
0.000007902956258997748814555846
0.000007559835887538777619181537
0.000006945282882216848663401842
0.000006106046749676485966033465
0.000005121200188650347270434733
0.000004084282590754136051732371
0.000003086999726734125050264324
0.000002207611250150861426219326
0.000001504739623439045785734829
0.000001015516488940464435975462
0.000000756235586843866079573501
0.000000723949375421665524752541
0.000000898282026760491549431296
0.000001243572085341420667845762
0.000001711887489484971157810986
0.000002247345092592838942800086
0.000002791665029408664151392783
0.000003290299807984874758045321
0.000003698094259149850968244628
0.000003983419946924868485676249
0.000004130075585051825195310408
0.000004136802410280810896178391
0.000004014821705819922325903654
0.000003784182029442872072786449
0.000003469815741581198048984220
0.000003098060648687666249857320
0.000002694094391642409532726084
0.000002280381550759609406142919
0.000001875958023891699535281425
0.000001496239820982824814387399
0.000001153052197365142927384463
0.000000854689250208736041159829
0.000000605966238402209073004375
0.000000408349452323169748703077
0.000000260296309726095938376171
0.000000157900547528494749425902
0.000000095836276410770382035108
0.000000068474173565314620195785
0.000000070951162147659167303085
0.000000099946703356991163906219
0.000000153965910221630546272247
0.000000233038403309021234907823
0.000000337879953561075412016653
0.000000468692681647273548624832
0.000000623866014464036340018591
0.000000798866721083757764065142
0.000000985572056182301392716970
0.000001172220224155453484489973
0.000001344050008163171894932323
0.000001484599456179697065001666
