0.000005548618014010724316649546
0.000005397677686932165430036979
0.000005340441671346258395176171
0.000005383844708746717980317031
0.000005538314904276363816431738
0.000005815678199455607454365982
0.000006227798006185001817073231
0.000006786024806989713427027300
0.000007501300862459155834841180
0.000008384566082107965088207439
0.000009446984492034380645648917
0.000010699489994433069868073199
0.000012151253680385684305398364
0.000013806901296727643166286498
0.000015662634024424988980934981
0.000017701780224358122054362924
0.000019890660905748108760624990
0.000022175904301231306038448554
0.000024484411407464490133007590
0.000026726989177972992775631639
0.000028806206055527260279048793
0.000030628321030841177991400209
0.000032118298793657886034021154
0.000033236119872512705046563308
0.000033992028962456547164054654
0.000034458220059668242802979055
0.000034774832834236405853904628
0.000035148991515595020217709032
0.000035846756963530494450968777
0.000037178961329042183861157134
0.000039482598830598151552501857
0.000043099505241500148686271260
0.000048353455904217578788760468
0.000055525832270060941392615661
0.000064829192117948447561179282
0.000076378054611303753188011889
0.000090157421744365692306902305
0.000105991993826661586464848996
0.000123522082443155262979767040
0.000142194719152284490375215409
0.000161279014468844998251781386
0.000179912334706255015986248180
0.000197178052422193351165061181
0.000212207387126678163110499176
0.000224289246561696210650882488
0.000232965759515149954065466043
0.000238089973981095648835823453
0.000239827502555826617500894793
0.000238595422050769660109528769
0.000234947116465783982898821169
0.000229427032740861817569633097
0.000222429993575832727313590365
0.000214102095125488084415010803
0.000204312681735516432591712177
0.000192710563489639568560823912
0.000178856300217034822367875857
0.000162401510354733794212755971
0.000143271489232870677301562301
0.000121803252138361729284624091
0.000098799097942998438670603178
0.000075474362914765204691375233
0.000053302800611488772330234104
0.000033787877337569178137419157
0.000018207002080048122742315583
0.000007383608664928005065563026
0.000001537068193412218531512673
0.000000243797073392791911233726
0.000002518636320448349306846784
0.000006999395272319529690127279
0.000012195495312994400054782199
0.000016748881068991148185010412
0.000019654445614322587309024531
0.000020397942333739398898312042
0.000018988830144728151310589206
0.000015888922983710969464828458
0.000011859611896107053827394660
0.000007765966979211547772206023
0.000004382122610183611761079919
0.000002238288770209666011287274
0.000001537185400496752059128864
0.000002150161884733861705456181
0.000003685098148721717535044153
0.000005603509559056454172941246
0.000007356031673229211748326999
0.000008504819852306019336619404
0.000008807688599954403065603672
0.000008249876319696849513805198
0.000007022185084443785943258357
0.000005455916984373681633338493
0.000003933162232341111278020179
0.000002794312802225626004681402
0.000002263081306834384772195363
0.000002403710927050852784106613
0.000003117043096451514749313516
0.000004173491440679707743235602
0.000005273459463586913798926071
0.000006120649345654086529203933
0.000006491803441122639708159032
0.000006287857240569628252400188
0.000005555843185988135591137690
0.000004477262531758224110823262
0.000003325792092178487731628147
0.000002403727003291476080012491
0.000001971182423326024411722656
0.000002183816688513714185989473
0.000003053254735241071794754229
0.000004439691941356588502254777
0.000006079208697532882678361225
0.000007640520549334602420660928
0.000008798910942451383681737684
0.000009310582532914574515974480
0.000009069846575379933279977863
0.000008134932420561658339484661
0.000006715264390107030762302499
0.000005122362048217380677645957
0.000003695858271305224494404380
0.000002723010856760104084098133
0.000002372407591484280548713593
0.000002659293742053965799220037
0.000003451583309202076260094761
0.000004514251164467037457132207
0.000005578687889810949403126411
0.000006416203427112238130507714
0.000006893747799522920047211524
0.000006995750053884897840807914
0.000006807127638381978933896591
0.000006465420068130318053366279
0.000006100272361498838738069067
0.000005782472559258347797055307
0.000005500878577308233417645419
0.000005175099345804202161775397
0.000004698440078356695416257963
0.000003994265926465651581935001
0.000003063817652456127110658290
0.000002006577975617737553558264
0.000001004410516313534219664150
0.000000274065853601709928064360
0.000000004238165577276447256497
0.000000298853513370579764016935
0.000001145753604861348594811873
0.000002420567849883019891153550
0.000003923056487286524981474792
0.000005432304037194570024205988
0.000006761748554114671046341364
0.000007796753012488378715440750
0.000008505092730543210478182971
0.000008921047773095678494817418
0.000009112748527241984998416464
0.000009146904523183733341871321
0.000009063912290139913808476729
0.000008870657975870999066808457
0.000008550735668769017332711824
0.000008085311845063306387558152
0.000007474709338525968895774933
0.000006751674092091931576897247
0.000005981366094513257983212792
0.000005248490913055555394384211
0.000004636576381046031560895573
0.000004206702981715643323615793
0.000003982543539713504190578029
0.000003945905845407394594464342
0.000004043305087745265570206045
0.000004200756521180583840475650
0.000004341968806097704216629199
0.000004404830470023086248180372
0.000004352302411228291671480180
0.000004175927565724368229946838
0.000003892379685414699806581332
0.000003535157609584256130412722
0.000003144336937890213161926351
0.000002757187036447733174997698
0.000002401671103510573371031317
0.000002093724161753807485187705
0.000001838104515164423701352675
0.000001631803098200412867904924
0.000001468601555678280516450160
0.000001343391262558227097461262
0.000001255203159200370290190726
0.000001208406357447246339117605
0.000001212064500460823385219727
