0.000064237861568858386444175190
0.000067468703411330401909298815
0.000070577201511719256377119791
0.000073484047538319827879739476
0.000076096785121958695759063207
0.000078312060722601837918499523
0.000080018833618544858276439014
0.000081102537781762193652528026
0.000081450221337242534845601849
0.000080956682835093551355541697
0.000079531569957277928784207532
0.000077107304650280350175051147
0.000073647554895131289894039117
0.000069155799986214450169111356
0.000063683352658837130287790285
0.000057336033698491718356600455
0.000050278574452947770684167750
0.000042735784587312826323778764
0.000034989599022287170020008990
0.000027371332333237365173200795
0.000020248825856281198616029235
0.000014008651496518498979918302
0.000009034086870942773558456479
0.000005680124048073403064695354
0.000004247231698866613987123145
0.000004955878873706857649559208
0.000007923899340719002431826685
0.000013148627794801440141930250
0.000020495424544571213171283500
0.000029693812474504661729716309
0.000040342074218586450708515234
0.000051920859120380926288087359
0.000063816119645647109053301915
0.000075351443470301826066740092
0.000085829415749543876124581787
0.000094580873674190995984215058
0.000101019710044320434991389768
0.000104699298354406144183868788
0.000105364894462485066367433972
0.000102994945322579191295669920
0.000097823631507438290146917714
0.000090337682069305345194942802
0.000081242828142503336393692726
0.000071399170307109112096344283
0.000061729777816132009845076500
0.000053112182705367161404761550
0.000046266993355613979363363114
0.000041660514736172187823769197
0.000039438143968497860192279347
0.000039402002748269941007075445
0.000041039998111752723996235870
0.000043605155684719348104655401
0.000046235069972387781464355505
0.000048093376658020821768756842
0.000048509935191858488852389986
0.000047095177196861583298562876
0.000043807392087748637198290486
0.000038959282809309402127815464
0.000033160755357415607673474828
0.000027206727474531267789784050
0.000021929501051890573360943562
0.000018042738852019392787858279
0.000016006624982087741998525512
0.000015940571132617253446561029
0.000017601191793297782389607700
0.000020430701852525729052788284
0.000023666810063580897638760292
0.000026492491220524071941604116
0.000028195492177420963911564297
0.000028305075615012631386896436
0.000026678067933133640666750266
0.000023516956761706597067848254
0.000019317341148821701027945424
0.000014757250473980511315595480
0.000010553243533772023386957221
0.000007314897227344122640577823
0.000005428742643044832610703908
0.000004995101194087051830518015
0.000005828534798857075787900141
0.000007517914947276827899763814
0.000009529023595982233688604646
0.000011324203054865529814764294
0.000012471654268252397264652408
0.000012721607393061225573069502
0.000012036162411807319990906216
0.000010571382658851012840257010
0.000008621137928737024409462340
0.000006539654247367431019418750
0.000004662296805451405433363618
0.000003241768092507412450848942
0.000002410885713450026722964132
0.000002175429174363599599761020
0.000002433354041308734518658232
0.000003011635848549393735704930
0.000003709946987058566531566921
0.000004341185890383845153816904
0.000004761746706660507287523984
0.000004888169299840008258947830
0.000004700325475548867926124576
0.000004233808387826415374727111
0.000003565402404298470722586673
0.000002795550100153724840823131
0.000002030993607836584278445195
0.000001369708325983274186331794
0.000000889239939744798324734005
0.000000638811500494066935515187
0.000000635139020888113463120478
0.000000861727652595641384067132
0.000001271413851603397652043200
0.000001791962600256455551719871
0.000002334524108659366069642212
0.000002804620828941280995624157
0.000003115023196282493220271191
0.000003199386710326977257374485
0.000003024951094480099640648962
0.000002602120476539984975718504
0.000001988584764974987127039057
0.000001286022126261250219755763
0.000000628442725254609282545780
0.000000162804288733861370510510
0.000000024346547240462662136799
0.000000310695453186306927590847
0.000001059695410682531385569054
0.000002235788226184015057190812
0.000003728483266791231297895143
0.000005364277297315976910123056
0.000006930764165922747652571860
0.000008209221882062814768660219
0.000009010222731357241351718597
0.000009206130124642667028069497
0.000008754809213757237164473500
0.000007710327890792233150054312
0.000006218541041198313237424369
0.000004497856734667192316143997
0.000002807822466793554679233150
0.000001410140943363880727706478
0.000000528077087006372515758166
0.000000310739715438760539162116
0.000000808255125257470180154176
0.000001962341687684414439664642
0.000003614363149988083958718404
0.000005529922845460213281544581
0.000007436006260313276708265665
0.000009064237302024832009742644
0.000010192577361225582636299926
0.000010678118425275145644695943
0.000010475483177272093427020126
0.000009638331183016622007836936
0.000008304869999655117312098614
0.000006671273835029953662141642
0.000004958842150498417555544786
0.000003381225403747741048616788
0.000002117142795796774186261550
0.000001292109944597672750276739
0.000000970383296136193610029229
0.000001156227584789814331683259
0.000001802177909972375288082070
0.000002821392605707849301241268
0.000004101401338499797516673820
0.000005517274182490993064470128
0.000006943125903062004621079176
0.000008261623321004353770425840
0.000009371605587440464993592530
0.000010194030974243971807645902
0.000010676325688818471599693047
0.000010794988841732872019373544
0.000010556156520359919200155625
0.000009993843932574169379684341
0.000009165785588259394738226173
0.000008147125143380001572202681
0.000007022570620889772584935322
0.000005877921629160675884350016
0.000004792012140588751870182334
0.000003830059077173167064538604
0.000003039175886332061518488269
0.000002446453905211541578700561
0.000002059607958500001016397245
0.000001869805338300201355910776
0.000001856015053799823533457660
0.000001990068635251388423781189
