0.000009397874253186764770197532
0.000008811702335708875472074578
0.000008757396906977051446768941
0.000009198201264794190595277742
0.000010102414982009263541974479
0.000011432632617472461927462558
0.000013131121110107753677752850
0.000015104259215520264076531090
0.000017209195216951488126375797
0.000019246105212142111066248029
0.000020959716502376896817743182
0.000022053987929910252770984366
0.000022223713323350874587584769
0.000021205908103698000013786693
0.000018851721195655620633016905
0.000015216021014792007867082006
0.000010656816675577059625769361
0.000005930846472464708585498397
0.000002266039438479025196562528
0.000001387548250787281296168276
0.000005473201596968825095011497
0.000017017874196716155490776909
0.000038595263618605445989345054
0.000072519998609045215206235502
0.000120432086970628562916894866
0.000182847595727908172023867817
0.000258741069155286581085495534
0.000345242095244398196265261936
0.000437534981429762276881889616
0.000529040637748588466610089043
0.000611928726732248462472085748
0.000677954927257718885022508282
0.000719548042001544470823437560
0.000730997467477115985337587922
0.000709532378509820840090105420
0.000656060982955341013764249958
0.000575367719083688124691311483
0.000475652700701370209634966102
0.000367428879178901765262948986
0.000261939894059086571514310959
0.000169387161533601120818465224
0.000097321187798900357949702378
0.000049535294264885718887227867
0.000025697867326335312719055859
0.000021794294743767273734051312
0.000031263343215398662743725877
0.000046553650543375604245379534
0.000060736217365752658090688465
0.000068811265274643711674883162
0.000068440150350580918514782625
0.000059988459009942003002935351
0.000045941988650093811474492411
0.000029906168660569768029356894
0.000015483890402622507183457920
0.000005328139653621694677343348
0.000000589247092612939773577038
0.000000848170759002122563141829
0.000004486132290992843050831014
0.000009327524401466682070320491
0.000013337162880803008404976585
0.000015165731785650484790225513
0.000014408550552814781937427738
0.000011545556247394508393852228
0.000007630166485557351589751399
0.000003860979555977573027540813
0.000001186137821048048621386467
0.000000056717417381857555118626
0.000000379877881579207667791436
0.000001650579796008206798164832
0.000003187204093084398445333717
0.000004376483201442796520984693
0.000004848073106088732489788503
0.000004537725828416825624134733
0.000003642671312112759978790949
0.000002506803105129557938859225
0.000001486995030444706787791406
0.000000845207357763256601638005
0.000000691434198692713205336771
0.000000980476109981086098139826
0.000001549535854852629279774113
0.000002177273880577164445250006
0.000002646624434230470579627621
0.000002798913856922766876605090
0.000002571480051046868471630903
0.000002013430710823613206228010
0.000001275583946676153273210876
0.000000573510647946953899714139
0.000000128536101926669320107276
0.000000099669242710156481164099
0.000000526334937192588336914568
0.000001303214595344038922208386
0.000002201646831384110770680725
0.000002937485547678425130995643
0.000003267492164925090004478758
0.000003082183397167485223761170
0.000002459270716835145238082262
0.000001651869515959681415889597
0.000001007696989569167693445717
0.000000842345161934198028988116
0.000001311101719013903856814423
0.000002330126646653189699314943
0.000003584387606573207605176364
0.000004629486373175235774447313
0.000005057654264937996647412150
0.000004669081351044346953906537
0.000003581175221402272376475164
0.000002225986810378290590409136
0.000001225248044607491541656405
0.000001179249781771115635224580
0.000002441930636297426335571369
0.000004964959692861795677743669
0.000008272814312976202135623341
0.000011585727850869957794035202
0.000014054603129980333800280387
0.000015031407603382782167266048
0.000014285192459070608563421328
0.000012092040927435886049396037
0.000009169388055847712491177801
0.000006475480080155986873258634
0.000004935873749260425361995008
0.000005178337847171559540199702
0.000007351452599960947383484107
0.000011075241469992391256577970
0.000015534304749140748756232322
0.000019686337554838926364002283
0.000022530695877428142428729532
0.000023368310490481311321019769
0.000021987582261997790523261331
0.000018729617165109111088681579
0.000014416157347918661125736432
0.000010158136926924761457222135
0.000007093417552525063720096805
0.000006120440664910133518529945
0.000007694518995414686323352713
0.000011734794033218658724018746
0.000017658175567891438404203794
0.000024522063342106682558947314
0.000031231355308372872137210458
0.000036754749901063548940365056
0.000040301973015333025156074764
0.000041432350811830057882474698
0.000040087577343849320975731343
0.000036559471372741146502453879
0.000031412550346986384090797184
0.000025381727229014319096624119
0.000019261170564346274556785654
0.000013795894774514902238519119
0.000009585680992166305657161372
0.000007011291294315079395413695
0.000006193284005178618877008288
0.000006991403100150446933680991
0.000009046346772885649120937018
0.000011856881625896899978183166
0.000014876713951246100877431715
0.000017610550401809811323430854
0.000019689440866543342535536013
0.000020911716038968742247764615
0.000021245476685003912597268089
0.000020798422026833398109811266
0.000019767783959901609621388763
0.000018385513098360011300085731
0.000016871646595598950655724851
0.000015403487522795409930993771
0.000014102098136787733081379953
0.000013032745535489410841482362
0.000012213562996816064009503178
0.000011626899353988195325048695
0.000011229786097320653960552825
0.000010962395472180227380958224
0.000010755172304873693596275787
0.000010535920277586308550017875
0.000010237585340299537749642229
0.000009806362371472039407864149
0.000009208764217760289082529909
0.000008435963927164223072644941
0.000007504205137188246695642904
0.000006451142206408594244576148
0.000005329155804041247038898340
0.000004197511005966470571824836
0.000003115381155644729923177285
