0.000534048321287368529461381250
0.000530484477856421002966991196
0.000515506777007466174614358501
0.000489749548335472991225647554
0.000454385140331568110078769296
0.000411068974510891797791156677
0.000361851137204599355035733454
0.000309057479982862001385846007
0.000255145846043296046796317045
0.000202545966280037829107887881
0.000153494530070187888606131343
0.000109879435939623913850125836
0.000073108587799486498756684760
0.000044018138061776039202110944
0.000022832329220104720829713149
0.000009182021960013818883111075
0.000002182123826150430579584203
0.000000560426637213560431441221
0.000002823074865754198882841254
0.000007436265897113087919550588
0.000013000806371872428295901301
0.000018396377975589928800486880
0.000022875918711050804630040972
0.000026097134535328306580203098
0.000028087225685128436547489603
0.000029147505234354865468436591
0.000029715349324407032898876305
0.000030210031177940556749127177
0.000030894309021530572524714270
0.000031783113685695260977603915
0.000032623058299606471222963772
0.000032952064064828629538078664
0.000032229491296806743927307742
0.000030008012458156882961129303
0.000026104278140058886572985944
0.000020720883240258236075324524
0.000014479745150382469391419846
0.000008346018547125564008073995
0.000003448078383189505523347606
0.000000826685821637142399144894
0.000001168493745610352442548157
0.000004589950366089611685717527
0.000010533939305297531141883925
0.000017822161364841271688356020
0.000024873033821786771945579891
0.000030052679212798241134866825
0.000032084107067877580673695426
0.000030409124709837491651797867
0.000025391995652505881163546811
0.000018282593786835590584163858
0.000010919117946895104474380050
0.000005232063334654946664358226
0.000002685864886014406633941423
0.000003832506086007637267031294
0.000008131332470804085644404749
0.000014110417015668201453889100
0.000019830445108045305732018607
0.000023503201750325723468765249
0.000024056273204371616397656553
0.000021450063053296626234232869
0.000016640301678415413014298224
0.000011207091144801903755861064
0.000006791228965601405485105063
0.000004544001624794411018769952
0.000004783533606796078156285675
0.000006966266468591026160908381
0.000009961195343256967947250836
0.000012504929579489637721766149
0.000013658537070557543951858891
0.000013100882580007924122205559
0.000011167617356548382984539683
0.000008647258265862550486715796
0.000006434812713690251014810820
0.000005186478694519017981496688
0.000005103844158875985846407931
0.000005913954794028534594227745
0.000007030850874030580625569705
0.000007817384335351272537924065
0.000007837323033747600094776377
0.000007003786025890160679154527
0.000005579771097965033957975529
0.000004047085863964341755419623
0.000002907092077348840392087134
0.000002494229333595487644361635
0.000002868607106919628005163581
0.000003816964858844118566158412
0.000004948867691232813747364856
0.000005843391059243876560610944
0.000006190326002271832281928857
0.000005879608906606782547455206
0.000005016273124929328194887296
0.000003865390684426268442294011
0.000002752897621973406120591665
0.000001958420980698972902741628
0.000001634306969348210524249675
0.000001773515211726445161717343
0.000002232245244613518033864911
0.000002795924255495321774002025
0.000003263999807796034198102610
0.000003523425420724523926741716
0.000003584732135629455972381180
0.000003567554169850528257156193
0.000003640801282212268291909717
0.000003940237798296143136543568
0.000004496306803140803824920049
0.000005202949928004441460037237
0.000005843623628447661144669212
0.000006168519272474341761411214
0.000005995595439442995589775752
0.000005296212075693598089038382
0.000004229350652646069972653235
0.000003106216523329778213469632
0.000002293114364563448142057996
0.000002084949031332999380309668
0.000002594899241572641310845000
0.000003702188100807744518022831
0.000005080196203404395518296154
0.000006298340625713282838903009
0.000006963747114529617028664144
0.000006853117195955744849291714
0.000005987568157945521350954757
0.000004623242183568357701066356
0.000003161076534742292989499206
0.000002008946071997641640027605
0.000001446986573086776379595841
0.000001545223848541654433169602
0.000002162002293488144627541057
0.000003020036179793553343929944
0.000003826752658636149210754675
0.000004389129314139207610034454
0.000004677142873909541077826965
0.000004812506561315426239524001
0.000004991036695742373521735187
0.000005374427319764742266568029
0.000005999048681240246874094707
0.000006741078442730557521590101
0.000007352935717837077992027096
0.000007556344688096664541962066
0.000007154850862485851048934004
0.000006121974662949007022025999
0.000004631947315469265010552842
0.000003022428270209272529957158
0.000001702955168182074435800129
0.000001039845064867196327087779
0.000001252868570534023166956092
0.000002351888204389386837915620
0.000004127613033096635696851933
0.000006195676075577986866471832
0.000008081738317674829488951663
0.000009328713227048892388812776
0.000009604681657346220036044863
0.000008790276288822758567588836
0.000007026810566449718381543121
0.000004711894527912534738416876
0.000002438496546295381559905794
0.000000885785379800734191322849
0.000000682911772880911500027343
0.000002275967351856242462193949
0.000005829809612010422950091615
0.000011188702839608289030725805
0.000017904624693005505037951552
0.000025324352462505687861400380
0.000032711839084033441542916781
0.000039375416188171560416108469
0.000044771575329314749656321043
0.000048566753470381588927203692
0.000050651692717017448512172723
0.000051115064844907629197819088
0.000050190829037800864553028196
0.000048195998715412692614025458
0.000045472942311393019362494861
0.000042345097826287112028481596
0.000039089320376722795744202366
0.000035923673682819004288231668
0.000033007021715669448448920303
0.000030446116618399429086744626
0.000028306374758918951829419000
0.000026623482095655238521911962
0.000025413885970419629897840835
0.000024682924074958776403197064
