0.000006270327122747741887219802
0.000006413355301026827900209154
0.000006795506868536976029032074
0.000007402509950965976437701945
0.000008217874889487407732199115
0.000009221119353507641148233638
0.000010386526693908535744540443
0.000011682532868791115819801299
0.000013071687380929872870092071
0.000014511061132222140217348967
0.000015952999517659942243629628
0.000017346226453879211060497487
0.000018637444977271268710481561
0.000019773684240647453871832923
0.000020705645643427009731539143
0.000021392162575506067681259739
0.000021805612211804880777631446
0.000021937757286707914249589135
0.000021805146585130547823988545
0.000021452981325366548599623343
0.000020956364554692125622397531
0.000020418146558214772746031249
0.000019963135176487921515660340
0.000019729136699210711257792064
0.000019855934367918413857969154
0.000020473674760287678735465669
0.000021692048771994474275996018
0.000023591099531542450331699640
0.000026213651200563187399807108
0.000029558628004923208040018862
0.000033574432144527560574649716
0.000038152495523705601482636340
0.000043123195237231458831674707
0.000048259052933947081491777159
0.000053292442673744547872345667
0.000057955430502943531872930144
0.000062046468040962020795876797
0.000065521812831853052500573342
0.000068599449884205597905567631
0.000071852256686334381127236048
0.000076258814853797610589652978
0.000083178632708489952428745906
0.000094226622981793541435936723
0.000111040123008740733412912094
0.000134957951533170537059339034
0.000166659211003888289674701451
0.000205832063282082025276742421
0.000250951971544180571938725821
0.000299239882681965252073097439
0.000346842921561592862703116147
0.000389237934588563508526981582
0.000421810576508011199087927467
0.000440520718120813157582527086
0.000442539202220005808714048401
0.000426738319222333590836210293
0.000393940355044285542545495771
0.000346870926535416956859592119
0.000289817633597955670501228331
0.000228048484704078044654068647
0.000167087579852201391665197927
0.000111969415929704860495491614
0.000066594015767346365162332456
0.000033283770103217828284589835
0.000012604488600336471475411339
0.000003465540747115861194697136
0.000003466065426422797651805421
0.000009414393448751407980504627
0.000017922503972571186863426904
0.000025970184922008292575327376
0.000031345075333356779755198535
0.000032892297034244602136048713
0.000030545632952976225300747298
0.000025154046736915265029647937
0.000018154955039070392556078276
0.000011171948165723553166202298
0.000005624580824268369903936801
0.000002429609011499160084034555
0.000001848591354710721999465525
0.000003501599522527553534959575
0.000006528832605042157330389654
0.000009849817914631585553161125
0.000012450845128688579855832930
0.000013629395140407994652239840
0.000013139461387199880243025624
0.000011209529936254296399004982
0.000008438261242337115694165869
0.000005603158055141320651056612
0.000003437322010366013216539106
0.000002434303221368474860958949
0.000002730465384925353162549628
0.000004091568502908715807486143
0.000006001673571132732197953678
0.000007825504481503298007463720
0.000008996912514034942299958469
0.000009180606206647876540972129
0.000008362977258552332926466732
0.000006848191267065525314331528
0.000005162244240597584142397902
0.000003893299288668325532157110
0.000003514365688522953289036699
0.000004239318664107951970345702
0.000005953844419077348452571611
0.000008241567018482591518830326
0.000010498268716890778333764543
0.000012101562700277006988857850
0.000012587119314897351487168853
0.000011780514875630751527838154
0.000009846729753462289333465485
0.000007243500408863076573697231
0.000004592888006577494789197964
0.000002509063858708143910720067
0.000001432337935268430140911414
0.000001516433564520058104361068
0.000002599212842233028747889302
0.000004261975946307095828105311
0.000005956942851807320861944311
0.000007164208092786235543628082
0.000007533353741253180226142457
0.000006971997191968865073801852
0.000005660774103646293603129495
0.000003995785713180285121204176
0.000002478835499953438508232611
0.000001587656117137158576151459
0.000001660343274951506065226659
0.000002821034499140117107529374
0.000004960627638033961871080312
0.000007771343840052871192116031
0.000010821304008223307723218602
0.000013647816080603357557902468
0.000015846778775136301394260013
0.000017139800465083051671938419
0.000017408404535639293976654468
0.000016693616154710038578445550
0.000015167011637084093831186540
0.000013084319782354695259080773
0.000010734184892981861437176450
0.000008392993700089454683736789
0.000006292769649330736333472068
0.000004604485481493624416142116
0.000003435119663662501962087849
0.000002834306415784892272866340
0.000002805755095717881751263409
0.000003319372954302862426131070
0.000004321496419184173627431756
0.000005742112550517691757566256
0.000007499018770636936394107484
0.000009499481459242829984234921
0.000011640309909959093302082682
0.000013807564719385425586499136
0.000015877390238910451332639273
0.000017719511104525270510107876
0.000019204507152773601333806824
0.000020214970902504271016387680
0.000020659245510590437488020535
0.000020485105817653560453511091
0.000019690039249713528609828095
0.000018325094058020112311544608
0.000016490604856305493406591969
0.000014324088628285551363494149
0.000011982580645805564163253534
0.000009623004608292879227034872
0.000007384451961169829998848577
0.000005375470309024655654497708
0.000003667967534935258671279727
0.000002297650781475742948309522
0.000001269540125251386515850701
0.000000566340939165103601744345
0.000000157389333516753331771668
0.000000006350299407115532633245
0.000000076587129611557537372550
0.000000333877200011986340167183
0.000000746750859298593969096277
0.000001285111555687846737205146
0.000001917973565176766276448549
0.000002611181723875950615334053
0.000003325902246884202544146463
0.000004018516015606346746230192
0.000004642305865289692042951857
0.000005151007585149115266794171
0.000005503912533908216234092205
