0.000000252239220516816746111053
0.000000049147738112636687996118
0.000000123705925405063915805095
0.000000484562444258627975246935
0.000001108291152467220968191527
0.000001943556637946564451382763
0.000002918005061499388489164352
0.000003946809601234401595711877
0.000004941776956248336196547959
0.000005820031423414581471075923
0.000006511496169276669138104539
0.000006964645007179662979069582
0.000007150262762759405044349446
0.000007063194152121188762114001
0.000006722252050920055145067679
0.000006168574715138263283068475
0.000005462755203431409812327851
0.000004681015148663905323035868
0.000003910577633095422448534974
0.000003244250759362906823014003
0.000002774125424284626095772482
0.000002584288504945547737534639
0.000002742616458797672942572510
0.000003292066975796366774088082
0.000004242386621511357910733770
0.000005563680846087539120744560
0.000007183660587676248874644362
0.000008990368989023177773633674
0.000010841623635836138372879819
0.000012581226610179277588738578
0.000014060329611943553018379473
0.000015160543554067441786737530
0.000015813972052820403466251442
0.000016014896439762383093105211
0.000015818786716467446722307610
0.000015326779384748618852889537
0.000014657417917976064158946427
0.000013911497044342295749006985
0.000013139165333029701051518329
0.000012319858905566517543600513
0.000011364320707030332697974780
0.000010143714530252095586864217
0.000008544314273721141913598733
0.000006538860807613680457177699
0.000004259329600975981685564899
0.000002052419069198556873031159
0.000000499860602524482791613077
0.000000390973446579809583168992
0.000002643875220391478835034026
0.000008182532370439973804670565
0.000017786958447803380948962562
0.000031940976645977695752044723
0.000050704374604149533541444517
0.000073633413914012959492622068
0.000099766145036340054532905675
0.000127678446761100709058028846
0.000155605323093725586786409409
0.000181611906694385783715001148
0.000203791510847576765432312418
0.000220464848767739220007644274
0.000230355291580860055584978330
0.000232719190465507968145972284
0.000227416862951534048606361260
0.000214917715110819263543001645
0.000196241071499700115701378400
0.000172841699139669437374280947
0.000146455006052459023226791635
0.000118920909230748274754314864
0.000092007025152709100341598403
0.000067250984366856305187755416
0.000045838434192095489530353880
0.000028528106013990536609335746
0.000015628910763921369150289062
0.000007027305272462443672880188
0.000002257098179977436018685657
0.000000599256417747475665851826
0.000001196674596630821306233474
0.000003168473865180130648832018
0.000005710057861774859071723413
0.000008168457606109235454201756
0.000010086864470348293182757130
0.000011217029844150647112811098
0.000011502751511245101032781570
0.000011041371073917883295048732
0.000010032574239326526676740862
0.000008724479100434924378729314
0.000007365921207309343654112774
0.000006171216958554373101556671
0.000005300065909664080800027010
0.000004851469719268965152553924
0.000004867538339795176570185421
0.000005341618724904944139932061
0.000006225712773475506529884983
0.000007434463919321915523490303
0.000008846302548738481269269447
0.000010305452240731129427806119
0.000011630155836026234662458623
0.000012631796663596663756585180
0.000013146412446879788212569622
0.000013075166055546992682876058
0.000012425152182239793788895259
0.000011338344181909857806534424
0.000010096157006385617782443301
0.000009090845897678806491375506
0.000008762399176205411136051510
0.000009509088876388944853610893
0.000011588882489052604581676771
0.000015034726454583841021668197
0.000019607102859601048820865909
0.000024801353059308997106927053
0.000029915875181425791412125753
0.000034172890189569468828972160
0.000036869573123498904294089579
0.000037527687277741365770144383
0.000036007332719846170431595572
0.000032556237783950791567395833
0.000027779276151515858877573406
0.000022530679191843916420439492
0.000017749503203977756314504294
0.000014272806048593214315006565
0.000012667094249812960220441874
0.000013115202894350902809977172
0.000015383524068867520799867507
0.000018876313773916730945129014
0.000022764114514590180586572910
0.000026156941990779912661762435
0.000028283733900344142368939171
0.000028639684320104456393026038
0.000027072126986033519442133299
0.000023790979719365382442572421
0.000019307333613450172233759125
0.000014319141231023174826142950
0.000009572560678315418473548377
0.000005729533605525680275494596
0.000003266913295569791080214580
0.000002422066347082125845481104
0.000003187593302772914002110290
0.000005346982666442797718555496
0.000008536116026466794568026801
0.000012313631348895850780396019
0.000016225742453886976562763347
0.000019856550631748531409847408
0.000022861013533653852704144796
0.000024982628643627394053345486
0.000026060395932151564303471541
0.000026029604211258626175230779
0.000024919170178078100912066883
0.000022845858589360855205431869
0.000020003920683757061725269177
0.000016648267474785691542654362
0.000013070363822214287150436790
0.000009568103408512146191926794
0.000006413157041140339153053370
0.000003820805247209676219343356
0.000001927481307963348598500655
0.000000780033911517062186858165
0.000000338408528924873453425163
0.000000490704696723710357970493
0.000001077143898524036653575994
0.000001917986988201487026347095
0.000002840171901874505151855974
0.000003698345107253691514508087
0.000004387679673033595653306414
0.000004847893777160619864865804
0.000005059690610015810348159496
0.000005036053767089051591641230
0.000004811281771717561465506567
0.000004430377892544196460965049
0.000003940636995437642083875071
0.000003386278329794206611144582
0.000002806040999121799178414333
0.000002232990323623540120838785
0.000001695472380659687555186561
0.000001218187911278193701522759
0.000000822644119090132695732212
0.000000526654518136025813642397
0.000000342965999125277018345616
0.000000277403290388198858186454
0.000000327084148288919126705912
0.000000479268920254682084080417
