0.000002759711378030286089285683
0.000001724281868017156472443403
0.000000925778713379174575669487
0.000000376435796294184916563390
0.000000076906497972919609405217
0.000000017036952956423235812193
0.000000176728469924252282334100
0.000000526899169965668001016225
0.000001030591571295933989044235
0.000001644295574243667144501277
0.000002319562080793014560145190
0.000003004969692824115400650933
0.000003648475812899275628906287
0.000004200136483044354161297922
0.000004615121146932836032259189
0.000004856885745441427296241032
0.000004900307694884080974109027
0.000004734536831649337609644827
0.000004365283741442726064103334
0.000003816255701327653014436319
0.000003129463620230932543119472
0.000002364162451662115926290415
0.000001594253702991971832688420
0.000000904073214941458149159252
0.000000382611753564199820993279
0.000000116370315933897691664116
0.000000181232749984688223824906
0.000000633934617310058400982040
0.000001503898650423299302244943
0.000002786362499273056882772692
0.000004437804366178956094334158
0.000006374635384655724999844895
0.000008475940818836600118687738
0.000010590700930553116615581363
0.000012549420977608397338308628
0.000014179496411127723401761000
0.000015323013881776928620491451
0.000015855142702224111507774279
0.000015700910880733675765129342
0.000014848074000424668335371831
0.000013354026417592029411319024
0.000011345273347114149988922732
0.000009008823652713491292602817
0.000006575870281267330468065544
0.000004299157772373663484834824
0.000002426342771427546021203135
0.000001172297374120603501176474
0.000000693587406795332775149199
0.000001068232693118785047169421
0.000002283337676951741145698564
0.000004232337495839442126973218
0.000006722548234606250981758128
0.000009492575841026207515379633
0.000012238063901194357643549895
0.000014643366980867276533557000
0.000016416112258968082042746503
0.000017321305906810630548427199
0.000017211658846848817538272014
0.000016051120375450719199609748
0.000013929164198484094065277721
0.000011064104539770091152183634
0.000007794565227580071083732065
0.000004559125655376254255559364
0.000001865079354603032409483853
0.000000248127745169388177956380
0.000000225660115465609369591330
0.000002247002252951908285536625
0.000006644599711632484787709237
0.000013590472607482385257416865
0.000023062361686682445740485120
0.000034823704128416789059692615
0.000048420870280296897532855416
0.000063199929458896338964855877
0.000078343613893780392784353672
0.000092927198381594598719512845
0.000105989863663409172563414917
0.000116615986384949042080697024
0.000124018972867604338090885552
0.000127619026566985305053136823
0.000127105890505875145394740211
0.000122478347258606556306054225
0.000114054178818886499391371814
0.000102447307895776057863439223
0.000088512689273991909427903579
0.000073263737016251054647887619
0.000057771061255805616885782017
0.000043054389930159204418272378
0.000029981163570274105761382169
0.000019184990785050531490914250
0.000011014800682931628368751639
0.000005521342087769256549664200
0.000002482230723217805511322549
0.000001460892785850735373117510
0.000001889500201418428836281672
0.000003162302189196878396127951
0.000004724355212311654532409376
0.000006141864021195874935230268
0.000007144003570365980648683608
0.000007631543841467150330573795
0.000007653822327337477923118840
0.000007361400664965815998186209
0.000006945967731238499080987162
0.000006580881170053657048754376
0.000006374827240579607773459346
0.000006347644499804919914409326
0.000006432144739951292097346683
0.000006499890709706413919688819
0.000006403605849345123067202327
0.000006025316281134414619349501
0.000005318207531543278109085852
0.000004331733689295388432349658
0.000003213383370760077432687525
0.000002185826152197006201936347
0.000001503766753431307163924448
0.000001399498887882192640588113
0.000002028863289379927195397882
0.000003429490526732670888462222
0.000005500816656342279435014993
0.000008010921177510792933135556
0.000010629711014842223906198479
0.000012982543698147754431589801
0.000014714194089401340015854820
0.000015550984776672824208120643
0.000015349318267941672815470391
0.000014121626300622484233120157
0.000012035249763024301138504904
0.000009385002595360957293110782
0.000006545058866086395554708538
0.000003909363999332162020326938
0.000001831368156029425978928871
0.000000573320410900462733028984
0.000000272916390378271433226801
0.000000931398596523934960558571
0.000002423107930541985789474639
0.000004522818344476770042073433
0.000006944614844443771176920547
0.000009384955750677944556585597
0.000011562907239906229086776057
0.000013252065080120269461010779
0.000014300903269550322867149743
0.000014640669890214358739104726
0.000014282012144099141625437285
0.000013302938586099905985760464
0.000011831396184006509077462493
0.000010025713053239527594411029
0.000008055621258685288866370662
0.000006085769320283063926540438
0.000004262788870197185611406014
0.000002706260692291565638368644
0.000001503416740201301222875632
0.000000707125154798097369192235
0.000000336590511345528164121184
0.000000380194544247800584893608
0.000000799940384073071962344305
0.000001537003586382521505383845
0.000002517919404593383153129682
0.000003660952460372242709660305
0.000004882217885234247811579531
0.000006101168191332936934997717
0.000007245136130822750922882321
0.000008252728427792300729538659
0.000009075986752926284970347491
0.000009681353486758253947420255
0.000010049583275886438498672622
0.000010174813930204943752044419
0.000010063045467249382504447766
0.000009730275019140585392131079
0.000009200504807000296897119378
0.000008503790982520694350841294
0.000007674444287589463764434963
0.000006749439281506133312782229
0.000005767044562405062678304198
0.000004765655741722430405410502
0.000003782796445352958774645258
0.000002854248351754683782756199
0.000002013275813467572448556102
0.000001289920088971715509600178
0.000000710349183397833169824115
0.000000296259243973488495225445
0.000000064331013890394843179816
