0.000025582796279350741771316594
0.000027620521844229703597659031
0.000030294247187581426877236654
0.000033770866329106180483542871
0.000038196035686085832332788831
0.000043691684955726725679385491
0.000050353128809412148994724412
0.000058245449936321905997152482
0.000067399137837283141713728973
0.000077805169462103981360689975
0.000089409828473904507653222118
0.000102109610224455148543877547
0.000115746578618660728903291823
0.000130104549526846146462188969
0.000144906483820532287504906366
0.000159813487318034093583041244
0.000174425846289297671164869596
0.000188286601244901541808013379
0.000200888316092355393230328708
0.000211683963145931904959243242
0.000220103197980566677111405327
0.000225575631851496601282605625
0.000227562800884052545118824140
0.000225600073830871925874286266
0.000219348436991907680924940305
0.000208653804881599896393906679
0.000193608394432235849172418973
0.000174605328319018876168100540
0.000152374909045748007166420912
0.000127989991899752231924169976
0.000102829480838906154628598077
0.000078493575867857802875332540
0.000056671677595736884790710020
0.000038972700043141909193034067
0.000026736281666196611933551328
0.000020850147114926396632985164
0.000021602028589564483367210443
0.000028593082876410350214686426
0.000040733433099317535954798919
0.000056329968982696539494571530
0.000073263242940918162191162033
0.000089236127986534887574984753
0.000102064067766152068834038802
0.000109967446838143268058804458
0.000111822694872905717151240212
0.000107331387436976794262297186
0.000097076040332915477897024470
0.000082446644338417748062823598
0.000065441340233252012076325954
0.000048365263289222037187790881
0.000033470297608666534636742002
0.000022592008983173410453662924
0.000016845451130969348187789089
0.000016436747916380767850323685
0.000020631557716377240833732429
0.000027895826504518979007578652
0.000036192032725803676828247452
0.000043381100731308843256386898
0.000047653555936782116344858223
0.000047900617963244349669510447
0.000043942084302474188344141137
0.000036554325148455390484189542
0.000027284491113192876692809113
0.000018087034291469913325220778
0.000010863525556768093924416528
0.000007014144894540146887374280
0.000007110383423336561172964886
0.000010771283466795308515350123
0.000016775645129756501711983108
0.000023382491363000012141344641
0.000028777705353598607529268250
0.000031531206821583141353820823
0.000030946047623713490053783820
0.000027209765411489014914642875
0.000021311643996955663383444796
0.000014752619799037448530300287
0.000009129980493118535598445241
0.000005711352672866443042044241
0.000005112913644266421235628009
0.000007165497502402323588507373
0.000010998488929928894227696853
0.000015310588461859729933868882
0.000018745944075507098573914189
0.000020267809546811420138212254
0.000019426620093719529499490944
0.000016452918825409282559818491
0.000012157458591512560275109921
0.000007675611570156702873155702
0.000004135183970799403334415306
0.000002344384658707887445676724
0.000002586061475985426074580050
0.000004569796759285494632376115
0.000007546162504439787334625106
0.000010541625104019084087619146
0.000012641284830599083341558762
0.000013237876833332780666723991
0.000012180252260392945487651670
0.000009787048388906516936517656
0.000006730949103125243283233126
0.000003834111333997603837306627
0.000001836538817923365230091017
0.000001201748495257111045417860
0.000002008966032013855951678192
0.000003954059033356228087629884
0.000006450882190520735865856689
0.000008799124555876605818511942
0.000010370327534709123046621770
0.000010763083128168220018502227
0.000009890298204494799204030721
0.000007981571968143651613384823
0.000005506349455138263356706891
0.000003042783660478102587327491
0.000001128765109654405010450014
0.000000133232239322801058234964
0.000000178060135889805630522297
0.000001126153674801761996502008
0.000002633904952353993767156159
0.000004250387250463455045181721
0.000005535352219362438596164406
0.000006165510868095691558309242
0.000006003880233919357699474712
0.000005118289337107779382140919
0.000003749101467872008298064246
0.000002238947823780759619014674
0.000000945482336790144808413101
0.000000160050045817802989967673
0.000000050832245262551444478510
0.000000640378770327872589586925
0.000001817411819592248984156046
0.000003374399802884517712516822
0.000005057780041422959980057170
0.000006617518284088882980873304
0.000007846103421238538621652892
0.000008602261897875920955165024
0.000008819600814932144515543959
0.000008503561209816790897363450
0.000007720984483451209367393941
0.000006585750121651149295131777
0.000005242399827157430701506449
0.000003848496156903021517172846
0.000002556267211572814660369615
0.000001494782279163222670317120
0.000000754875689706584904883967
0.000000379523223844628000410461
0.000000361868449607537487348110
0.000000651590219323866462355997
0.000001168285149731402911330415
0.000001818752216149198019893717
0.000002514170019814900523396099
0.000003183453126981917542988060
0.000003780408417775920914573589
0.000004284175081283943359550075
0.000004694186241955773605815955
0.000005022022895343430447885526
0.000005282815351938830086408073
0.000005488370997754640685003646
0.000005643276047604285023729688
0.000005744203613266362502787991
0.000005781855295838753841064332
0.000005744512235714191321670711
0.000005622069506105903739757394
0.000005409578489622618399396570
0.000005109607051733519966058537
0.000004733055443057292347558938
0.000004298385872751673765404089
0.000003829510481044579068177647
0.000003352813957969034091801579
0.000002893931817330398807090307
0.000002474928150177211633859147
0.000002112397623321999412212332
0.000001816770008974241795685588
0.000001592777012167889831063556
0.000001440735364267917355225257
0.000001358095486721337177284889
0.000001340664274435531141092814
0.000001383049724147487168085394
0.000001478158113318149049082413
0.000001615924003567609902538892
0.000001781773423173777149184456
0.000001955521557870619757824732
