0.000001784329516289795311253033
0.000001359091222530477638467646
0.000001017784413517823764743940
0.000000770078084929238191909796
0.000000616805039130339662176335
0.000000551131258275134932469812
0.000000560362861745834769659400
0.000000628077618260922661158640
0.000000736284242949456550077051
0.000000867368257146085966705594
0.000001005663973750727874711605
0.000001138580203589291267449657
0.000001257283651197338667388501
0.000001356992907389789832298121
0.000001436949112166832477166349
0.000001500109154050308468659547
0.000001552567710787872714994925
0.000001602678542105563817349789
0.000001659838906035704418219620
0.000001732943152985891932602990
0.000001828606229486610256859832
0.000001949386889098758223452411
0.000002092363832174652430552020
0.000002248482078193863125639869
0.000002403040421369169246792541
0.000002537505776905848843094486
0.000002632530374536584846079492
0.000002671677646040774673316014
0.000002645040010345691254838203
0.000002551780847611143111504459
0.000002400753103070809182202020
0.000002208767907646390829382900
0.000001996737425845863195885159
0.000001784624407550202692152876
0.000001586661259408047278698884
0.000001408429119293569337504940
0.000001246986383689712174244624
0.000001094349475275821089210342
0.000000943488019571024085462019
0.000000794971107650589194827564
0.000000661881247805727404112685
0.000000570862912737720638484975
0.000000558210756096251169293995
0.000000661455582201819214687897
0.000000908477046609902603629190
0.000001307204629039186618349121
0.000001839054842893126344647290
0.000002458303308704930007118350
0.000003097891476321281730007748
0.000003680293050715417720400186
0.000004130666241952851018331885
0.000004389073704478650215089590
0.000004419178577889268209758292
0.000004212228779836042255439472
0.000003786739511542946384200841
0.000003185443414759229688445683
0.000002471377019519154465262631
0.000001724368048942796892311711
0.000001038022091861813501686984
0.000000516146552208240627036199
0.000000266938633075126049777783
0.000000393494048560023487828049
0.000000980196278274500720572400
0.000002075953211944459423125234
0.000003676577622622217287646921
0.000005709490934315462671948520
0.000008024255831122480917818804
0.000010392354350387050451742788
0.000012519360224156511854245837
0.000014072308480676082412556480
0.000014724435841146401912475118
0.000014218039903945548470330477
0.000012443382852963213891397780
0.000009527036181261190516864588
0.000005917196438134578145406472
0.000002447559159924936103536718
0.000000357350146657074434009612
0.000001245383570702585326905355
0.000006942345553619117529868879
0.000019298366149892886743048154
0.000039900922393177084602795129
0.000069757831541982829887810214
0.000108996780321901995001662722
0.000156641469689474711890486702
0.000210521174968548085634778566
0.000267353932492829710933224252
0.000323015502467736644910678567
0.000372971727005647676195243534
0.000412818105711664211799477586
0.000438845082042985243017674257
0.000448536985334025990052042587
0.000440920004992658115354486892
0.000416699117831335322150593248
0.000378160695901784383535920719
0.000328858875920267647828543200
0.000273140959881478179518965455
0.000215592537255020411579228834
0.000160491961978780778037140253
0.000111355455193779987821747768
0.000070631461836886125704379480
0.000039571850203783682088480578
0.000018275224548497716201217803
0.000005870583093819700609770473
0.000000792343389192119961346407
0.000001092119811035179466096904
0.000004737540356750895790400018
0.000009860732727923170317730142
0.000014934847987950532156517514
0.000018872291724500962149238190
0.000021050454167217553380761150
0.000021278417845331697779440519
0.000019721512790749956198482068
0.000016800752729775559550073200
0.000013082504109710375273206533
0.000009171371970060192431971335
0.000005616861556438512607469880
0.000002841972415991375040209563
0.000001099247754526673868512732
0.000000456665474966368261512510
0.000000812109775846099955534901
0.000001931380035289005466154523
0.000003501465931360924162995185
0.000005188913349303515224614225
0.000006693078775109824709774707
0.000007786021240464343083674884
0.000008334270817603492653670091
0.000008301864581827201610580470
0.000007737802370393727778466290
0.000006753544603083216670274137
0.000005496880880082733030964071
0.000004127526646987712591308460
0.000002797734720482445053730018
0.000001638880215151406511501771
0.000000753186230763607685498285
0.000000208980136612043534413219
0.000000038128945399484708793946
0.000000235209650869736369161792
0.000000758926261433840133967786
0.000001536741477281923527254456
0.000002473376033761438672384887
0.000003462844918232931734392065
0.000004402461184182257352955157
0.000005206284554127584449589004
0.000005815259558226745723117767
0.000006201932696615563288830651
0.000006368979404750812295073811
0.000006342370187078707146244479
0.000006161336534568011355104868
0.000005867945678046639398212341
0.000005498892817541921173706432
0.000005081192383407193038750982
0.000004632139990959455913674316
0.000004162653713416827551050108
0.000003682254039597247293618982
0.000003203702568467050074921959
0.000002745678644021445879150941
0.000002332646524790433898067675
0.000001991978981281617315431684
0.000001749186974300298474789225
0.000001622569946552899028494607
0.000001618674842883255321723769
0.000001729674988218674305177729
0.000001933272655273291576054394
0.000002195144676942981262318362
0.000002473430979151426347848949
0.000002724412157944458323958689
0.000002908380124732367000761277
0.000002994768635955518326841789
0.000002965831582255310179855549
0.000002818467664784202380624020
0.000002564118147115373525982531
0.000002226948404620412723565895
0.000001840723318247939990470875
0.000001444884849922627162574149
0.000001080343676885673417383373
0.000000785428580493873832783455
0.000000592329024658824731759189
0.000000524249903255380186914804
0.000000593398033153663176591066
0.000000799852004690700862986428
