0.000007076795057004944888639445
0.000007909470028690100982865160
0.000008689462274392662166850113
0.000009378204543324437670323915
0.000009945707764324617880416328
0.000010370883546088298439338642
0.000010641337363776453276602643
0.000010752747724998494601562037
0.000010707946186475880939563410
0.000010515803951827843213361058
0.000010190016567197497922791193
0.000009747862047962100207499497
0.000009208991868152053409161094
0.000008594299942538616423693201
0.000007924902532546476439175194
0.000007221251861075138149797387
0.000006502397852241167255991743
0.000005785405622263998970020681
0.000005084931212006415792933629
0.000004412954937168104959592085
0.000003778671116151576299814051
0.000003188535047948024495751123
0.000002646472490329956535890562
0.000002154261989914359292079982
0.000001712103465937872632794702
0.000001319383688735563766027624
0.000000975636714056425746356281
0.000000681671873357340549162318
0.000000440802907530076381582108
0.000000260062320553499779746229
0.000000151232549540218813779330
0.000000131481823208331914625607
0.000000223371935690432621585087
0.000000454021637706325045836262
0.000000853272965576894895788789
0.000001450820824230147204885605
0.000002272420202124831328945563
0.000003335460950876607621280387
0.000004644368271037488564499489
0.000006186414550834374272082934
0.000007928583895443557606535698
0.000009816093030633429283838241
0.000011773035382381346515968772
0.000013705391820906108913281224
0.000015506372158461732379923503
0.000017063758489071019139576152
0.000018268660875624772086224870
0.000019024907554951643882988968
0.000019258201058857565731970499
0.000018924184585956989996212430
0.000018014666913854921593109507
0.000016561422781567262095016313
0.000014637187518843630470327145
0.000012353672292909249904951062
0.000009856623182437789212266381
0.000007318130266717235064507542
0.000004926569380591261895676724
0.000002874739485685297256785603
0.000001346946624738402146462691
0.000000505970415575128959214757
0.000000481002079744227344270866
0.000001357720101786272209938729
0.000003171621684981516938947599
0.000005905515775798575658103815
0.000009491692576269931898346258
0.000013818738727756238552366388
0.000018742332146672326088042426
0.000024098726901357372774540103
0.000029719146620140712405358160
0.000035443059399778545403084107
0.000041128390280093294175192686
0.000046657165472085771796856984
0.000051935832612091072297590133
0.000056890451273993988877495515
0.000061457932588854615515300273
0.000065575337016286576723861357
0.000069169739416555857890699099
0.000072151216042144942597151569
0.000074411055406546270209536265
0.000075826396834446029536491718
0.000076271301631407746298221828
0.000075632975750930327867894987
0.000073830732866609835585158805
0.000070834538767096806273840248
0.000066679774600825501363124403
0.000061475262060113603141721372
0.000055402557754047113114902190
0.000048705887834946947636226289
0.000041673617988958962287185384
0.000034613563139730758508837150
0.000027825477817893452174655838
0.000021574541646474454864102280
0.000016069478919184385014729682
0.000011448162264497482192883437
0.000007772297421158710220632886
0.000005031303068556567687364799
0.000003154058591037888880769663
0.000002026051014784407076072589
0.000001508803658944458881069946
0.000001458407394195195371967171
0.000001740480426518068897209107
0.000002239827272452579831987264
0.000002864247191109607985611083
0.000003543117011124339343409485
0.000004222316670495640392526959
0.000004857608688072191821560094
0.000005408643878550757242654884
0.000005835363428759738542461223
0.000006097812035247735978134732
0.000006159443674379693195854255
0.000005993093763595095475535390
0.000005588097782475190266227461
0.000004956694338014202958929075
0.000004137921015687470906044623
0.000003197669300664249504914790
0.000002224308167753481240325360
0.000001320158389127751854896049
0.000000589924047873434693610613
0.000000127802044497101239315152
0.000000005278951610438572598938
0.000000261539371402073721449712
0.000000897977235455404114309111
0.000001877613481792392457182480
0.000003129417342100062615764056
0.000004556756940513707918678690
0.000006048605860996625391398564
0.000007491802373915020923098376
0.000008782636131245232424726715
0.000009836301118045645956755076
0.000010593229138300220762555423
0.000011021897826393973484379422
0.000011118275375404487091907449
0.000010902520839571651638418015
0.000010413838294010493396393215
0.000009704463340087225340594573
0.000008833662142812791546087232
0.000007862399550194104961252373
0.000006849053362049585529254796
0.000005846284608806424814880960
0.000004898970609382305381506242
0.000004042995191287816823637324
0.000003304668458965374913866887
0.000002700594721961664288704258
0.000002237887199454108802943852
0.000001914706224613323201232031
0.000001721146482843299623251396
0.000001640505012095537033372248
0.000001650927210720439602899181
0.000001727367129281774036554816
0.000001843731563442669011920164
0.000001975025568760538324352815
0.000002099295072815452887544539
0.000002199176545916327432287447
0.000002262911169970938340235229
0.000002284751145027089640909563
0.000002264764193026739905482882
0.000002208114242020891088082342
0.000002123950006543757914695371
0.000002024062051116596953057643
0.000001921471836945438326052548
0.000001829096944043152006521228
0.000001758602108265219364597264
0.000001719504203019719256069747
0.000001718558644346900287966221
0.000001759420934746634940481743
0.000001842553730190456439793560
0.000001965337879441539988435023
0.000002122344103788895562537169
0.000002305727583312835533353074
0.000002505717166433363029984195
0.000002711180689931973536639133
0.000002910255050621675284157298
0.000003091032272571043667419187
0.000003242290122699318259598964
0.000003354248283094409790252048
0.000003419320139552036699921722
0.000003432818057323653138481531
0.000003393559108408553956015910
0.000003304311093994263546559133
0.000003172017512288907981597447
