0.000017090077224957000306699434
0.000013588644470655789390188539
0.000010490724460528115294355965
0.000007880846171070124889018391
0.000005804943893352345356446715
0.000004273848717849283582658967
0.000003268353229824417989127878
0.000002745177304110178058123379
0.000002643247285739506620812428
0.000002889817951809410976959447
0.000003406095146468598380687983
0.000004112140883295441864183229
0.000004930953024952882151785930
0.000005791706249262449000500021
0.000006632222868491079368594328
0.000007400816267984836919970222
0.000008057719837097775358631009
0.000008576378839914532747402444
0.000008944932779027328786187676
0.000009168234357762211660710511
0.000009270714774589537091487729
0.000009300288823135400260739419
0.000009333277828011998753800736
0.000009480009058551732177154599
0.000009890345413802856236917989
0.000010757956805934804268452473
0.000012321743322528697995102420
0.000014862562920663020937643052
0.000018693416083566922152167308
0.000024141597404825944079686389
0.000031522101265238098373629161
0.000041102761649626710200276791
0.000053063124683637732882570542
0.000067450713355304039694007590
0.000084139881564350166992527491
0.000102799552829440811051349425
0.000122876480987892127859015257
0.000143600001810703002897220970
0.000164012438988829365371299729
0.000183026440822061232764628169
0.000199506822821966957716768865
0.000212370450784267310057745748
0.000220693952084266673159540506
0.000223816292569516437716350965
0.000221422151912162166109351857
0.000213593031536201641718691890
0.000200816281854325452086579284
0.000183947487048506213820966981
0.000164128229331233756399868740
0.000142668158321147787396393491
0.000120906311248227140266522928
0.000100070591084054568179959044
0.000081155311983064699248371920
0.000064834358190846472875731865
0.000051421998363660773002318388
0.000040885619114539385515662978
0.000032905967618940367271172104
0.000026972553950140930963032954
0.000022496207480125534407559493
0.000018918535421829225625159343
0.000015799641679896096898259861
0.000012870580136300005524851997
0.000010044553602398959690896948
0.000007389240536018171394221608
0.000005070095227805165493328247
0.000003279513657611053373643669
0.000002168437421596861311770803
0.000001795090281338140187291394
0.000002100691532648476828482736
0.000002915372779571400916974857
0.000003990671777132949629804826
0.000005049391895241482553413539
0.000005840439354998996003174531
0.000006186025725379362951382965
0.000006011206574647514824924141
0.000005350358896362914256814806
0.000004330709634097246054187155
0.000003138120978722576430241338
0.000001973895489627286668326287
0.000001012683591829445515147346
0.000000370509024164997366357246
0.000000088882140773971332619852
0.000000136786913977069837029983
0.000000428060754123298422141726
0.000000848350681073637370160499
0.000001284159948105737772240469
0.000001646789542551462094753089
0.000001886029031766987473640157
0.000001991635118278046860819776
0.000001984071817286477479379096
0.000001898763733766058058979507
0.000001769528210410212771224034
0.000001616579577285912836117450
0.000001442676045822294289661353
0.000001238163246005794274425980
0.000000992683422971379122307090
0.000000709037612367840331049061
0.000000413789604278036018205510
0.000000159982389979467492603364
0.000000019623088602342623345987
0.000000066765422640768206955960
0.000000355182613784517664619122
0.000000896840583008319742588433
0.000001647935676568381722304759
0.000002507870855074347047323656
0.000003333463059939785038668023
0.000003966649309662945048287567
0.000004270048606423764776156629
0.000004162033626441932588984306
0.000003642296028719038898972208
0.000002800568555083740948939740
0.000001804890663064127362578905
0.000000870699353065771119251763
0.000000216865786399348210697254
0.000000018318719786826920581923
0.000000366140183448570964154614
0.000001244601391173128218303940
0.000002530829991652604612714390
0.000004017584173801222391581630
0.000005454253797671576454021529
0.000006597045899636084747403274
0.000007257353607073718250973504
0.000007337982624919376710935764
0.000006849964942606580353429840
0.000005907280014713581098393519
0.000004701740311010056428417739
0.000003464378833182655883777927
0.000002422002115464460357129213
0.000001757759734763750946815049
0.000001582816354415358213450688
0.000001923143098756381061598857
0.000002721958354910747468068284
0.000003855304592957730723914219
0.000005156258386140314082873252
0.000006442574628607778986508561
0.000007543032860144266451792906
0.000008318992667319373846956249
0.000008679189522237192681570865
0.000008587190436395798333953262
0.000008061930633248345296816041
0.000007172318162057196271465080
0.000006027127967662432051496393
0.000004761482012273731015763751
0.000003521274180267246095327356
0.000002447008652398552797785358
0.000001658640866954236083537547
0.000001243038577577412690642234
0.000001245507763389702573055603
0.000001666396229510857877312204
0.000002463123763410434143516191
0.000003557203116699788429384659
0.000004845073875726007809228591
0.000006211035477852185620478449
0.000007540351676787175124350594
0.000008730741490354113615974217
0.000009700919473188551614764585
0.000010395482644045082453333056
0.000010786113715943782575862504
0.000010869641507161831555771520
0.000010663872915719040113113891
0.000010202248826658201564577567
0.000009528298689291515399628352
0.000008690637431822389585020852
0.000007738945444254539992169455
0.000006721075620288034382996799
0.000005681198456879092543482523
0.000004658755907980405495103816
0.000003687948157465637698997421
0.000002797505157615258338475988
0.000002010566699507339568855782
0.000001344580422639593872803990
0.000000811202640035128367819017
0.000000416238340572817029274367
0.000000159680481821721970553125
0.000000035908567489810981362502
0.000000034090469257284553879686
0.000000138808165475603227075467
0.000000330904449269797963872176
0.000000588527692402702156307241
0.000000888336470680305925507218
