0.000045283512120253281609937729
0.000032841224758902318940460840
0.000023672895122625191473286765
0.000018418363830194195006773744
0.000017683516159496034389009625
0.000021988315117121422725098012
0.000031706081654202148778585318
0.000046997782255067969883061130
0.000067746590661753162444791432
0.000093499832247731837599549753
0.000123427157448566428158201469
0.000156304775888998110115399309
0.000190535139275605511569033901
0.000224209108238052426138181561
0.000255213288056673197768536854
0.000281379277816834537200019195
0.000300664911847192445511212089
0.000311351321850888138921542581
0.000312234950479379981709560088
0.000302791352773797812440031985
0.000283288111400180721895919467
0.000254827372515732566808643877
0.000219304002067071150336441399
0.000179272788949622036798123292
0.000137727325293279703310317386
0.000097804207246719298413095700
0.000062438852756803838112489857
0.000034012497924533594039278595
0.000014041321598373364000597770
0.000002964139208137315956181380
0.000000080023602658491580401094
0.000003668082622650323457841846
0.000011288523799292737168011198
0.000020222434091675999868510660
0.000027968022970808486838420817
0.000032686763457965499046070645
0.000033495292860318200708989039
0.000030532285428997154252094004
0.000024787371780996801673164348
0.000017745036787076254216743293
0.000010948639075823286438281408
0.000005609508154094081612745827
0.000002365460895295612140553287
0.000001238825723330313553394882
0.000001775889215703638064977480
0.000003292734717543830181055685
0.000005127192268929745843394734
0.000006810506454720538917040062
0.000008116935018773935620831766
0.000009004499172182162797500177
0.000009502277061051657327649805
0.000009612744476966713058066136
0.000009279016361830312481268242
0.000008427555873139938225524666
0.000007056237087614205455486736
0.000005314024751684895558098524
0.000003521654449794006492240181
0.000002109876703357697138473863
0.000001490051802237573263807736
0.000001904114348076126521784363
0.000003313594687292286316898302
0.000005375698663941968362173143
0.000007523570727159866947239206
0.000009129993761474223639947392
0.000009702908863422599514375437
0.000009047938503446394651642815
0.000007341727020579382944275807
0.000005087416546946552834242757
0.000002961366830215340222742402
0.000001596724391351154833025051
0.000001373104744781953801525628
0.000002283981764764786035956656
0.000003931657745719392190863074
0.000005658733224025117018892144
0.000006777010315436856307928521
0.000006816420022601767431569449
0.000005703468398907326059033267
0.000003798865429691268688280892
0.000001773152112358757791202757
0.000000360519788591506956534574
0.000000080826605358821244807913
0.000001036703084122988471793190
0.000002867307776067897204838163
0.000004880717965510623193071699
0.000006316197142786617251366318
0.000006634673703696773733188077
0.000005723211945470017022845333
0.000003933030472937584871222054
0.000001937175353013950331981363
0.000000465851502557771726643291
0.000000025119879650221599826603
0.000000709147170755319421045005
0.000002176712846147362624736957
0.000003796488265726452814268887
0.000004900025428604967880810272
0.000005042135963718491976275158
0.000004169275085562453786122445
0.000002635088185097584336988568
0.000001061719475625839777789224
0.000000102547687748140979451886
0.000000196069638437159519332286
0.000001400873637247696555706376
0.000003369862266028532134904631
0.000005470805564823369870235733
0.000007008403889537298960910137
0.000007468150948272829595412856
0.000006695907502016385031914664
0.000004950874714870578632191014
0.000002814967668688745965950180
0.000000992360746073347897973989
0.000000071110387393816104181577
0.000000330573060278235193172835
0.000001659755470599383819505835
0.000003610097980917942143297026
0.000005557582993295646246322429
0.000006911963199469202967788369
0.000007298742672554528640416985
0.000006655345086693076990178031
0.000005218507496373571358315013
0.000003420035652372939734126335
0.000001737065600619597192572400
0.000000551480369636495682737721
0.000000061009344645149491055238
0.000000259717420672913900331704
0.000000979527834029845908823714
0.000001966825387078178850235131
0.000002963458809788492868199676
0.000003768115076811113695092392
0.000004266713442428837965096199
0.000004433053477390907896361905
0.000004309182018216599836292219
0.000003977473957283239249123601
0.000003534386707349482563221945
0.000003071573866358523440114403
0.000002665744538751779159552798
0.000002375670644671179375557752
0.000002243425634964798912502097
0.000002296961810534559472469617
0.000002551935493363583786451121
0.000003011775517726587962912422
0.000003666051039529153650364281
0.000004488064057771728139543781
0.000005433155344553431560490706
0.000006439348346485577891486814
0.000007431560529899322403940640
0.000008329688688089555625645999
0.000009059621470298502671453060
0.000009565048262057562511754757
0.000009817302072408037695648401
0.000009820748393278298972322929
0.000009612425721304829466951763
0.000009256354318155304866265129
0.000008834471848254186351315394
0.000008436863888166540163295049
0.000008153527364639209708968570
0.000008068568480543641136134257
0.000008256178487826666285965237
0.000008776757294730776684109526
0.000009671684834174206637862591
0.000010956430575489845387826202
0.000012613349206481262932593237
0.000014586782549296117584289659
0.000016783281444543169113074385
0.000019078677336414010142200820
0.000021331752027601022590318908
0.000023402147473331791799637178
0.000025168735698589140008414600
0.000026544439669083535370463708
0.000027484487443593440074689899
0.000027986884851151032615459643
0.000028085869128230173293048200
0.000027840654422727323629837420
0.000027322529983382684142531951
0.000026603258837843569821219464
0.000025746939022096235882971701
0.000024806353744032099285354159
0.000023823678826341463884725541
0.000022834481187202224159848302
0.000021873364447031152992418496
0.000020979430860763158018253774
