0.000005199136943675317963512242
0.000006629945864335313421788175
0.000008015664029982433739823962
0.000009281959895776125408074601
0.000010370523900324878582043624
0.000011240057166543082812657992
0.000011866176240750093615321931
0.000012240422045052631210611954
0.000012368577081945591816195679
0.000012268494610114280915112370
0.000011967631445702953512104545
0.000011500456473767740729163660
0.000010905883465465275730188824
0.000010224852044828261246850291
0.000009498156271102548847012383
0.000008764596983770531129034377
0.000008059511732163446309459322
0.000007413714255638282095081659
0.000006852853447330986879422899
0.000006397179089593439102251135
0.000006061678450534583128639192
0.000005856524816911759798501984
0.000005787757687685254121467884
0.000005858096801741092434553243
0.000006067780995909771345685983
0.000006415320756404310555977809
0.000006898062588194927156524071
0.000007512485558499705379513663
0.000008254185931775099091404005
0.000009117553456503890897287198
0.000010095199433318181452294213
0.000011177256958740758736306140
0.000012350730415330315824619725
0.000013599115323716498131842792
0.000014902530943572064192235646
0.000016238596392463144365116492
0.000017584228075849205177655019
0.000018918437125055764298385205
0.000020226061520973078600290837
0.000021502187837650990100135662
0.000022756820515098760172867376
0.000024019169770003232877546295
0.000025340787101197557963302986
0.000026796716846766020954373477
0.000028483886681849316979730016
0.000030516151408592014266946829
0.000033015736516935298449672287
0.000036101280524474226984316116
0.000039873201954478235424159105
0.000044397648916700297111806450
0.000049690742569538289290145133
0.000055705113750995516753300452
0.000062320781017181144535027615
0.000069342182492808653406814179
0.000076502647830762186592808149
0.000083476821272958926173704541
0.000089900608424189844183199716
0.000095397239168925232846198148
0.000099607156454916469809704460
0.000102218790959398390396327405
0.000102996974092067926560313540
0.000101805839772099032680685582
0.000098623574137160483258322807
0.000093547235741053960450183680
0.000086786976722864336364696158
0.000078650199942113552817671285
0.000069517325133595074277553794
0.000059811755807586757481813383
0.000049967218463786819589167454
0.000040395818396639853560189937
0.000031459913831421624196005293
0.000023450303595156522567990315
0.000016572353371597554086381773
0.000010940683737200291003035732
0.000006582051406483956680355373
0.000003445203079063001792685123
0.000001415867851176903914844863
0.000000334735019698315748435156
0.000000016247223268181379267416
0.000000266287955044729934712944
0.000000897287333628107829052703
0.000001739821268157281013299492
0.000002650344601542747546255203
0.000003515198330084215729246337
0.000004251407552795266466623327
0.000004805012151467166918775674
0.000005147746802455400502295402
0.000005272834867594386842166131
0.000005190521256912087330950833
0.000004923787096949618769100784
0.000004504504841676333692977816
0.000003970136790285573084543537
0.000003360969570444641509228152
0.000002717815200649117901105173
0.000002080088524992940810512876
0.000001484177945324198951820285
0.000000962047426529911165875861
0.000000540031816240808312547781
0.000000237808960353857247679458
0.000000067550521339998101916479
0.000000033271815265426329390385
0.000000130422819451531566733502
0.000000345788665351372456701858
0.000000657794749479313694764818
0.000001037330498024420904606144
0.000001449204970143676331906105
0.000001854315086440649050920611
0.000002212535771168386176190089
0.000002486231355156390168925336
0.000002644150594617932723820117
0.000002665325863108953880680017
0.000002542480772189896244810537
0.000002284392515352083380050785
0.000001916683662016658627291581
0.000001480648562403695517450050
0.000001029948971643997410207495
0.000000625317458638876487149807
0.000000327741143325634311364233
0.000000190904143279148696855111
0.000000253883299047870434666038
0.000000535165955450684775614428
0.000001028959787308942924578619
0.000001704492125577638423787391
0.000002508582869986117039773788
0.000003371283908236848502430879
0.000004213891892959805461421011
0.000004958247678412320147021877
0.000005536009304621408670513995
0.000005896572303745093818162434
0.000006012518607341775125462845
0.000005881869280406317379225611
0.000005526927013486418857797240
0.000004990030073554517539948568
0.000004327004737214810055616777
0.000003599417726937808974918944
0.000002866844172495140263232398
0.000002180270042565076081894507
0.000001577470750490568578470281
0.000001080811780859979051466779
0.000000697482792278151153466531
0.000000421784865954857675129702
0.000000238807545464143132356880
0.000000128697486927911987809683
0.000000070741367015800889246697
0.000000046639424996761473505654
0.000000042587439189651385382493
0.000000050057883068933840548411
0.000000065420698563536343856671
0.000000088727742307665080128376
0.000000122078388094177405500689
0.000000167983648869240798745292
0.000000228067510277528410021352
0.000000302314578326688056466616
0.000000388925564077946385169095
0.000000484707566187163486017453
0.000000585828005959968923599488
0.000000688712069536088335533226
0.000000790864904608327499353792
0.000000891443233546392229933817
0.000000991471687302802051486783
0.000001093679676295859264103746
0.000001202008701872253989455588
0.000001320895215275037774639642
0.000001454463391448907220396963
0.000001605764161773318905745457
0.000001776175177634076252975760
0.000001965038201114999768387426
0.000002169564601135453029589388
0.000002384994988365453700863159
0.000002604962872908411962110699
0.000002821989443785807894252930
0.000003028029146065925966436203
0.000003214992885995032950648435
0.000003375194354440569736444059
0.000003501690519896762980524459
0.000003588514538450433527229594
0.000003630823084529762695101592
0.000003624996268197186764992894
0.000003568734174960492912839598
0.000003461188713546481969453739
