0.000739522367898011153200532597
0.000737460263452743131594446790
0.000732102468964650632959889620
0.000723417654290611561104795690
0.000711347890268524568092856075
0.000695817171061516998031848402
0.000676743550826084771902813042
0.000654054647343021034605614616
0.000627706059507220233938118437
0.000597701983860243453786087464
0.000564117010021565005312149665
0.000527117748955750406447684497
0.000486982635355592851679473743
0.000444117989425010404810900688
0.000399068273837225391716121425
0.000352518489754526770894871301
0.000305286867054673275410914268
0.000258306450213412262632839411
0.000212594872848048210920574030
0.000169212532551514191220959349
0.000129210472899001795575590901
0.000093570468846805956476819777
0.000063140985304992918239475053
0.000038573708455201531533195619
0.000020266101712050859344092443
0.000008315787617962677022898262
0.000002492399557790034444419019
0.000002231812105352798259317974
0.000006656317026549751323814732
0.000014622383338133639225919769
0.000024795200074218428889149743
0.000035746389291375949514000671
0.000046068307345977159807711571
0.000054495517845017110583963338
0.000060021691353367695573230861
0.000061998794253898448138734301
0.000060205411818584635586393966
0.000054872780131700476819595069
0.000046660777422806432295637746
0.000036581663505253311135037575
0.000025876300016462418967025383
0.000015855075595081707891037190
0.000007722599913496958016893325
0.000002410047203903489416716537
0.000000440543272288426269545168
0.000001850324781841033300322508
0.000006181377861175563529459731
0.000012550589611539373071313029
0.000019787712919832569269298211
0.000026621917057470382336065162
0.000031886894563641870851966598
0.000034709651793900057892283684
0.000034649624521343019281291453
0.000031762785743193435914442924
0.000026578711279264167653343942
0.000019994679840912411925967634
0.000013106606425175991339875103
0.000007008685138481604722481000
0.000002599474796019749317185256
0.000000430507199078655809174358
0.000000624646158306512065019173
0.000002877239691448806592998216
0.000006536593049849034385112394
0.000010744915641817210310389116
0.000014609818895246780409615667
0.000017371821523282473306165619
0.000018535863613140115229013447
0.000017943700614142968721188842
0.000015777098756448207735785319
0.000012496064731531302850753296
0.000008728890516706545212445405
0.000005139107705051604586929566
0.000002297101663611149299375246
0.000000580994358781932426205315
0.000000123548778687316896587398
0.000000811263360686471961396595
0.000002330909681547417766015861
0.000004249790048458619062582333
0.000006110623985831586947559905
0.000007520982955716403284913887
0.000008220364784873763024900147
0.000008114266820670120683943981
0.000007272369182065457271426246
0.000005895417315215367172996641
0.000004261079328954812947614743
0.000002661974203417030113296522
0.000001348943301040915255823317
0.000000489870498682958521280114
0.000000149861437003229225146050
0.000000293539279294741788472984
0.000000805737773351121820432895
0.000001523826188908884824731562
0.000002273706034738367522899521
0.000002902131981262746226009818
0.000003299998434170973382010151
0.000003413939506945423014701389
0.000003246313569509881368440425
0.000002845810303281625886032699
0.000002292189632402237657864564
0.000001678967135334346180632493
0.000001097357549361377213731610
0.000000623776202566519912678933
0.000000312014713111490284404374
0.000000190137398167839861383026
0.000000261368108245222003431068
0.000000507815456793639998260212
0.000000895784392638938010833944
0.000001381556654001794151392056
0.000001916792443555458605301302
0.000002453027264990180527021515
0.000002945053694479083876937983
0.000003353251065033440422630175
0.000003645129334470921463095053
0.000003796461570205060032968947
0.000003792371186969625062804104
0.000003628608455446030760715645
0.000003313016532422221912103453
0.000002866905363685494130684354
0.000002325805357295851758724038
0.000001738952146579130871630872
0.000001166927165518615582909538
0.000000677163845715533075538526
0.000000337478421493839919648617
0.000000208290846994023755408944
0.000000334626895562624415539804
0.000000739208648224053216789129
0.000001417870128240130099528653
0.000002338179070462322869461760
0.000003441586978965112931746519
0.000004648807238412474196389418
0.000005867589421131329922051538
0.000007001739251869936292687734
0.000007960182439051253930556787
0.000008665061137730234943504261
0.000009058192698857916820760240
0.000009105589263503943334805354
0.000008800023419248369498536083
0.000008161767028660823526534443
0.000007237629275825738918534891
0.000006098334983641441187486674
0.000004834204654409336683129964
0.000003549106892890121139417028
0.000002352796999444839222165749
0.000001352021772636822373713774
0.000000641095630333960652899334
0.000000292939862269940086550907
0.000000351726297889559031583295
0.000000828209633308938189362653
0.000001698551093927417294198031
0.000002906969417439810627506232
0.000004371990046582034795507720
0.000005995511632723876343348778
0.000007673479641498104965877461
0.000009306731541015516944413688
0.000010810593958111411715529264
0.000012122057113769104346031810
0.000013203770465077634398707099
0.000014044612150766915058090756
0.000014657090655308389778822484
0.000015072256561165000285969912
0.000015333075745643014257393530
0.000015487315257259282405164977
0.000015580924657243283272750958
0.000015652691745604067571386031
0.000015730663229228935564522202
0.000015830505459858097624123788
0.000015955690850314162851711353
0.000016099172041904478367693385
0.000016246070750711997436686179
0.000016376865429755149054878022
0.000016470599668437837652694086
0.000016507729150937754846384040
0.000016472351913526017187262840
0.000016353698524462248703546102
0.000016146874953857830528331646
0.000015852938320036266949550688
0.000015478439519917202638662340
0.000015034588978127156217454510
0.000014536199015566665226212306
0.000014000537317259660266425061
