0.000002049781975670096863045237
0.000002418934498390805999971584
0.000003023777192097479536025831
0.000003824066161639731705531187
0.000004775126112931393288483541
0.000005832669144497652140377714
0.000006957826834333172195295233
0.000008122186784911435668147042
0.000009312587513545686910480630
0.000010535379321184380242443918
0.000011819811887999924433821988
0.000013220172096199843519959659
0.000014816279514635468614889083
0.000016711964035680751400206670
0.000019031211420949250689039350
0.000021911776561895172368236301
0.000025496235131137373922886186
0.000029920669331220241607145055
0.000035301451369468758180979184
0.000041720878068347463354850063
0.000049212691044735163521314791
0.000057748750954604174902198149
0.000067228279660224801749825174
0.000077471101502871514616656301
0.000088216174406438994828709432
0.000099126390360542839604203469
0.000109800152561357290876588311
0.000119789637980541782669684225
0.000128624987800242000573688883
0.000135843009461015406429476582
0.000141018404800386052549976412
0.000143795133815238324005367221
0.000143915338042467790642328640
0.000141243307036308313792000169
0.000135782268317310354874966061
0.000127682278015060193723101412
0.000117238128782846004970717713
0.000104876909736742877682531827
0.000091135593737658675663262930
0.000076629750045893179504798154
0.000062015162236948005464870493
0.000047944758950292261086116585
0.000035023821000914354215766133
0.000023766875805128552962561597
0.000014559963387017532522138379
0.000007631965220581685886789419
0.000003038325805180069145229908
0.000000659685404963071700251145
0.000000216655920767764909670857
0.000001300275009872562885341902
0.000003415737237520417937810353
0.000006035094043261228057960927
0.000008653066022520368750516571
0.000010839249406052555205724752
0.000012280075550199213673383848
0.000012805003947653612370689499
0.000012393510560207231891924340
0.000011162190690926420625749688
0.000009334285763964587418926519
0.000007196642042587876959478226
0.000005051015837822963832465760
0.000003167383829922360907602663
0.000001746342849116222255067632
0.000000895889900194116411716815
0.000000625200197105744585662421
0.000000854981830155242628119358
0.000001441161237981932853136156
0.000002206571160442995442987121
0.000002974337192957831496023698
0.000003596921135884273106725871
0.000003976155641429923921249812
0.000004071753360109225673398384
0.000003898215969519599673491408
0.000003512295520705107997023282
0.000002994742594247903277545914
0.000002430747232633456232344044
0.000001893183269242141430067482
0.000001431654744318105911869503
0.000001068724187740165551465266
0.000000802967583322382979849942
0.000000617032284514981513684994
0.000000487964905924710198108457
0.000000396873925767870971860593
0.000000335478700453427516059039
0.000000308106583016025774166479
0.000000328965288280041976965552
0.000000415734735848408212719959
0.000000581419014641055919803041
0.000000826790110536825324189327
0.000001135577099265150978352483
0.000001473871369882603028685910
0.000001794200417106304795014453
0.000002043605395675142001604566
0.000002174089594005918448416277
0.000002153195886426999992250674
0.000001972350010549256488982632
0.000001650997681828984057272121
0.000001235384975471444439455368
0.000000791913244919225423405741
0.000000396120155560263546413275
0.000000119268092138195353539985
0.000000015069577159526829683227
0.000000109131688357820870107780
0.000000393241427865660188808203
0.000000825726763223398037946281
0.000001337983764856119403333068
0.000001846080803453488653907612
0.000002265366419883175203275330
0.000002525411700798583594933418
0.000002582529257376854258320634
0.000002427549099591158233307255
0.000002087413872979666493482579
0.000001620312359316802196468679
0.000001105277663847184990635422
0.000000628202480446576598340272
0.000000266872011296770112198662
0.000000077764234417734185870813
0.000000086994347667205635128555
0.000000286964437886951146645600
0.000000639184917836873719267706
0.000001082576601281378999978335
0.000001545564776657191467318852
0.000001959625979845008701294914
0.000002271758311154342183904760
0.000002453637804308867620693745
0.000002505922956024831046859458
0.000002457127271308773241683451
0.000002357502405247571659560081
0.000002269265849322789559713940
0.000002255106478327083265272932
0.000002367113191863907385411366
0.000002638080599980022438437064
0.000003076612646087380589267346
0.000003666691086841098252193391
0.000004371553082108052236875659
0.000005140982764274797117568308
0.000005920588934641605007632575
0.000006661390048277028667076186
0.000007328076945717215718320656
0.000007904638707986672683148029
0.000008396542159585960592399316
0.000008829252622832364647475697
0.000009243470315138020302952668
0.000009687943755420221975593539
0.000010211043836678225559325139
0.000010852405983478525180541477
0.000011635871240555194222740173
0.000012564707065122082712453969
0.000013619713894580301444649575
0.000014760386570269190824496175
0.000015928866766851449386643846
0.000017056054771494770998891896
0.000018068993918454802788961869
0.000018898526924780844341500083
0.000019486256039091712048694216
0.000019790002024669432138370001
0.000019787216107995185922826392
0.000019476108182120496368962964
0.000018874564507670388237205866
0.000018017194569028332557696429
0.000016951036906334058612612001
0.000015730550584357193050124429
0.000014412521855844041913301094
0.000013051438137648229922309698
0.000011695747036263835986059749
0.000010385254527106500225131641
0.000009149750208980222794205063
0.000008008800443273168443401866
0.000006972536384919794351855069
0.000006043189835868607387718739
0.000005217095186857525671670840
0.000004486875426723272736607550
0.000003843556801756579387771388
0.000003278402197709031007854738
0.000002784310444635666831835440
0.000002356691517339737145328047
0.000001993791159240924635475322
0.000001696498587685860405269785
0.000001467723597480955566044951
0.000001311470446417936862564934
