0.000006304144071056821312191293
0.000006010412707996467046784629
0.000005528351291757400661538296
0.000004883450749424509071687679
0.000004115933281450405297429134
0.000003277306193333744391749020
0.000002426586498287708426553405
0.000001626376103468812229713093
0.000000938747405868974510398134
0.000000420775790622704120667993
0.000000119592917861207508542973
0.000000067052992978355303257970
0.000000274465375358367146312115
0.000000728252128995909433031332
0.000001387693900283909740307818
0.000002185976021699043648149289
0.000003035422092244435362298196
0.000003837080051632677520458744
0.000004493811759715617537688705
0.000004924968578343562927279037
0.000005079932435641106829168293
0.000004947572122869369371390286
0.000004559188352154581396846831
0.000003983759096048738847033709
0.000003315967750765842513612901
0.000002659150447665348845471128
0.000002106469370737556195017238
0.000001723999646922722665267312
0.000001538975998210730119518711
0.000001535413527349452751536037
0.000001658049019650698004845661
0.000001824320779954693309943378
0.000001942974022611665220797682
0.000001936711719709755030114891
0.000001764990233204134174920192
0.000001441759677011632787035130
0.000001042284186998223435524115
0.000000694043716947699232687518
0.000000549817479514107596644203
0.000000746277423524282588820629
0.000001357488305856276783595000
0.000002357310258194719758466319
0.000003605320909557928275835335
0.000004866014188345856138347926
0.000005861236967954733870754275
0.000006343963596815975033884998
0.000006171975886658893728595621
0.000005357035629110148255017498
0.000004070856200402729224198124
0.000002602441092650658780414952
0.000001277802902215119487636954
0.000000366682686266133200321039
0.000000006344825783757583032375
0.000000167439053921304953513252
0.000000672901793665758992199098
0.000001262937112060520885532052
0.000001683749531020997171156168
0.000001770305076634670570940862
0.000001496305556670743588937441
0.000000976326217131047005060897
0.000000421248878128102083069352
0.000000063118526257285382948558
0.000000074634872080948389579051
0.000000509262821594416975765562
0.000001280770356873217615155326
0.000002188484089075681205609041
0.000002980481915910841874241613
0.000003435193070089722186977611
0.000003435575095179918431875657
0.000003011044871973653238136004
0.000002330917174771828103839628
0.000001647670649790970650393055
0.000001205445002924480040986570
0.000001143801305028948125941390
0.000001433560082507798964955776
0.000001876403478171468543013781
0.000002182071688457956872350804
0.000002110119458995497061500144
0.000001635385955820252120571285
0.000001077889562686790749781660
0.000001137775442352781596821662
0.000002797971804828810660670420
0.000007097288425641804961976813
0.000014823071848614372431627087
0.000026209096548905053115051389
0.000040736268356228539570633440
0.000057113334587340493057883162
0.000073465636388804001540714372
0.000087696527762467607310450934
0.000097929511100436730016566278
0.000102909602658909958908250992
0.000102251570647769130721453645
0.000096468682272424170613157879
0.000086783318116284913689914560
0.000074787039453067332924786348
0.000062059627848097672839222660
0.000049860376179982319826654302
0.000038970654853608630312136046
0.000029708420202068531995988690
0.000022074992509497947182350863
0.000015953875048373639740795921
0.000011273888791404743960067325
0.000008074692071359841294094818
0.000006459680328553178546016015
0.000006470098856609918970962496
0.000007946341670041856357614013
0.000010446750422698757731912803
0.000013270732127936622798242659
0.000015591875990831518796137303
0.000016663889428805318273195402
0.000016033106843028274181555543
0.000013685782498113981987819532
0.000010077481323308958425957575
0.000006028502512795843116860574
0.000002511037617017698914573557
0.000000387368952455445768294501
0.000000173736652349834027947093
0.000001897383541653269654994910
0.000005087352365284223268198597
0.000008901160963483234372949950
0.000012350905815651609114696509
0.000014564799929256035121308624
0.000015011391885183426747889419
0.000013625909203202044342982668
0.000010807335548132329888868647
0.000007292071017044804050871980
0.000003944260390519594753852041
0.000001524239710599361362981970
0.000000499367193564808066973647
0.000000945870460327374753165095
0.000002561854344429591780077458
0.000004779359185369685833694522
0.000006936930308294276886164204
0.000008460713206572606970203715
0.000009004395438140498517326851
0.000008514315258329582241790708
0.000007209916795870385895078636
0.000005493924754625078806565680
0.000003824274349796868246499377
0.000002586679817644443521023083
0.000002002016707971272982657376
0.000002089070897121424531838515
0.000002685568551151082848855219
0.000003514228561139142430490333
0.000004270263527194479558470389
0.000004704419507171165817276462
0.000004680780952900208486604054
0.000004198535798562073446092442
0.000003378039198729373070954202
0.000002420456253406785848914179
0.000001554927589293995769201425
0.000000987231967391889820030693
0.000000860444039711998883192821
0.000001233004241948974760346058
0.000002074778782819205720858169
0.000003278272832772447608988813
0.000004680482847451885775502851
0.000006090568836150611565973673
0.000007318953896908383734858962
0.000008204089495140329271424297
0.000008633749044130872998077317
0.000008558404777672472106163012
0.000007995183967103117883426858
0.000007022172161794825645585259
0.000005764306818938205856221214
0.000004373476148938913165837954
0.000003006345506419278371378631
0.000001803621993289328696836006
0.000000873891108928001403646519
0.000000283993506308333654337972
0.000000056481674732700067242933
0.000000173366283490009234600240
0.000000584414634149427945774169
0.000001217840906973483063995565
0.000001991317515941765964218157
0.000002821708301124174564112343
0.000003632587715754226268384617
0.000004359276404187200509594141
0.000004951647731906256412828544
0.000005375262694211569775753004
