0.000001626511784243270599220024
0.000001021581770803503111646397
0.000000775434055614593760577579
0.000000891397297501529151063089
0.000001346987041601793066080903
0.000002097171180139288715392563
0.000003078782619784643692271119
0.000004215646692431312032866859
0.000005424025393465880159871682
0.000006618038520596228998160108
0.000007714792846346976788176816
0.000008639025629647902602189363
0.000009327139859726356888773927
0.000009730567554689552046401010
0.000009818436266305765274366515
0.000009579525924879442918668387
0.000009023484860079094890665009
0.000008181227834623846199716204
0.000007104376191090909333013086
0.000005863540955703975300356955
0.000004545221697252706721586665
0.000003247127340037295997916822
0.000002071844663971753601916948
0.000001118995296391056143436599
0.000000476317822893174756173625
0.000000210444407573340954058710
0.000000358440542887643074602689
0.000000921356536471815847931847
0.000001861019081215021351115974
0.000003101019243315239898713077
0.000004532330544211876446089420
0.000006023284555719725992962293
0.000007432871008299750020039288
0.000008625682870427282559404152
0.000009486459681452293041898846
0.000009932208688418395870845315
0.000009920323879335810900756236
0.000009451886180703246068514692
0.000008570224022642170214015753
0.000007355602796895789765143150
0.000005917377576999064621205045
0.000004384965127759903506874783
0.000002898593566821753072523067
0.000001600145585481083179170674
0.000000623799243664992723332554
0.000000085874197006041586713453
0.000000073500360512477669299914
0.000000632451189224302954129502
0.000001755528682392636862665924
0.000003373892065821593495172394
0.000005354270899054553288650381
0.000007504763845046167266574465
0.000009590774452820595151231360
0.000011360731116685755470404641
0.000012578995731584176649025565
0.000013061355358304079803577653
0.000012707277813361232617376737
0.000011523084752401134905831943
0.000009631446804637115071193176
0.000007264894384145414017619861
0.000004743854683932591379859085
0.000002442430619490901659752883
0.000000747137272469066950112109
0.000000014712116258610827241989
0.000000534812964066877235974899
0.000002502099115399655989702091
0.000006000254685365587691784489
0.000010998438418061090386928375
0.000017358858399714508196753221
0.000024852948796959952680032599
0.000033183056395157794072735963
0.000042006551520346730160121451
0.000050959690050111823035865893
0.000059679183732304146806774137
0.000067820141059384927875557103
0.000075069740588555185201689868
0.000081156659657532679262581521
0.000085856878534268160282905136
0.000088996959956036712302909764
0.000090456175364126759877621275
0.000090168806422202826627264327
0.000088127524724249204496340226
0.000084387966902645152327162859
0.000079073623771073144246047948
0.000072379210291974175120466306
0.000064570089248544969436592600
0.000055975352955625655784754890
0.000046972948692784219197355472
0.000037966679897126427755196798
0.000029356726908225525338310899
0.000021507059304587288660814623
0.000014714279760083236384799431
0.000009182683842400823424185173
0.000005009508966910836316570061
0.000002182629576122527763581927
0.000000590735857902278832203664
0.000000043851359463844299881723
0.000000300426626521563330496866
0.000001096549718029892366607646
0.000002173130111483952761082918
0.000003298045203142934041884828
0.000004281780665468535302504126
0.000004986564018342334674536998
0.000005329982615441432850953915
0.000005284396423795014972066373
0.000004873164043278087161005681
0.000004164079839250174463344007
0.000003259861342402410602715930
0.000002285377940640136030093880
0.000001371746155207316567964338
0.000000638354888803849028825182
0.000000175012166763113051172951
0.000000027275196156118244585705
0.000000188211454132493551514012
0.000000599093185683783929269429
0.000001159891846674646249349349
0.000001748258680467507859596261
0.000002243520982742595350212245
0.000002550718821183971715660897
0.000002619349083020797115456055
0.000002452471488067703913682829
0.000002103987106787267274802828
0.000001664702215963785439568510
0.000001240511424219682401471048
0.000000927945694522502006058558
0.000000792914892732388502215996
0.000000857574022640110898496124
0.000001098108066379929590553901
0.000001453446821811155428247906
0.000001842236365440995428930694
0.000002183505276178489335527902
0.000002415825586697181890044692
0.000002510476102967234823126622
0.000002475899530302234985217839
0.000002353067535857709842168472
0.000002203591462595282165907225
0.000002093984112948610992326363
0.000002080057501910595245761147
0.000002194991669456966131446923
0.000002443359998337731652591660
0.000002801754417567495703060261
0.000003225075106790795841831335
0.000003656412099409555041486155
0.000004037963541645050226944549
0.000004320623900729478814844355
0.000004470580594902979193049509
0.000004472219979274899338578687
0.000004327582446137946021200247
0.000004053294759347029350873403
0.000003676222425610206752074390
0.000003229021023169689548520033
0.000002746417985507888573078021
0.000002262578660129063506598057
0.000001809463514318633670883161
0.000001415790887142407561964013
0.000001106139954020132460212663
0.000000899848043666531651401741
0.000000809604162464379361382333
0.000000839916534876674911470873
0.000000985839864368160039909735
0.000001232422672972237888503475
0.000001555257470934243934932513
0.000001922313858919654460093857
0.000002296967479684159596590434
0.000002641879254712373750703033
0.000002923194210997157027869670
0.000003114457416411183356895172
0.000003199694268995043488384208
0.000003175252235166637600959029
0.000003050209668149358544707002
0.000002845376069456694979149195
0.000002591093996744850161227788
0.000002324176954289666804373072
0.000002084369269852698450712402
0.000001910699326691292883806036
0.000001838034953880002085732301
0.000001894063475881990804745598
0.000002096832648752887604264201
0.000002452920980175959797525828
0.000002956267223385134207543860
