0.000029608799829819242932851808
0.000027269449224369846779270077
0.000024934704004430607003368198
0.000022786532335055514062512744
0.000020980392092528481239391280
0.000019635722532595325980899967
0.000018829054806728202296458100
0.000018589655925976329318635716
0.000018897551016343510293460720
0.000019683909946607058339719531
0.000020834138946035691175757976
0.000022194520113268600362138594
0.000023583763234855159888429116
0.000024811198006342997842690531
0.000025703337664306161197301168
0.000026139989696818098641184491
0.000026099823434375723970332986
0.000025713267136873070052831974
0.000025317877010703048064853282
0.000025508157002461331918415771
0.000027168681463067410913241398
0.000031476972376448797950616171
0.000039861792535481987802270520
0.000053904331476891214334525027
0.000075175115800335071147321442
0.000105008945068671576583869964
0.000144233543163242640839510900
0.000192883510302444428213819450
0.000249946638708850804935779344
0.000313200389973312834455271281
0.000379197341628490695950720601
0.000443445477071683746405489357
0.000500800703102756926930749781
0.000546047570321820177619009939
0.000574597396391972130812175745
0.000583192341645923746293322942
0.000570482118364176401560661223
0.000537346785434606854375827467
0.000486877658800875649271200363
0.000423992981285225482672440744
0.000354741462266574625675219501
0.000285416065814351397993131609
0.000221644122422876070589367603
0.000167625962462015815242211136
0.000125660971660286342310025587
0.000096036061946603039265329960
0.000077273604143503673972494250
0.000066663058705002890130808524
0.000060949164075959662290049579
0.000057029048003360928767967175
0.000052522222670853499514910523
0.000046115208987065135879009070
0.000037636201748297840236935630
0.000027873006760837436648382825
0.000018198583419483694580652544
0.000010104172772267701037405413
0.000004754172294552596483331597
0.000002666865118673202863456423
0.000003592050237092067922219617
0.000006606538111192275685074927
0.000010392146700722844780196731
0.000013612296279518632178260652
0.000015276521892274043515130497
0.000014986600960697272331046022
0.000012994315857721877547638865
0.000010059589307730906071339586
0.000007160890537215201634261858
0.000005156553423971907649939802
0.000004509583336756454310999091
0.000005164172135261916002195448
0.000006607646096563456041895254
0.000008086295413388018345928789
0.000008891049379967556160961339
0.000008608143080279694728577065
0.000007247670289366109011445008
0.000005211536496096852533557210
0.000003122671950627915981425027
0.000001586491808930239648392437
0.000000975737069526135292364807
0.000001315081238159590574447310
0.000002299901676726442917113574
0.000003431921521755589123890652
0.000004213058698296838722142585
0.000004322424460715405411471903
0.000003714050460241161307189256
0.000002607365716452504010537325
0.000001383933603314137440509811
0.000000436506843546489952993074
0.000000029007026919615072745598
0.000000216086428014695582479012
0.000000844533720084287666796086
0.000001627314891722412151670312
0.000002256378914581983278749098
0.000002510507745218408687541602
0.000002321184817164354236929211
0.000001778356745146794934484945
0.000001080994503683245967914309
0.000000456024893896982524300464
0.000000077560619534816559679760
0.000000014706400523564365352762
0.000000223124544068333398397366
0.000000578468823051367925739275
0.000000934984596870157126541367
0.000001184947643398041963622115
0.000001296301447295474779894961
0.000001315694050044334523271046
0.000001338206250520343952266963
0.000001458117609072685265654925
0.000001722204332315403141004124
0.000002105557019789116065383843
0.000002520209402856276234957062
0.000002852682161101940629181718
0.000003013618524692837482767665
0.000002976674363863783960072219
0.000002787883921645937620645804
0.000002539843425304745190177825
0.000002321986888215371086567574
0.000002171334343381376617382284
0.000002050608907374276458906049
0.000001869996481177057979659786
0.000001548533001906430540907302
0.000001089777974720125882913914
0.000000634343603688601570337322
0.000000456133258944972093030146
0.000000889968364484515831671783
0.000002207984276162504120178797
0.000004488110353463414301899807
0.000007528005801191239648121473
0.000010846101331082953398397828
0.000013781312548921042317228228
0.000015666174592880868717036449
0.000016019511848302112397421024
0.000014695976534737544824454555
0.000011944231657587243587356762
0.000008356990274076182850402847
0.000004731741930901788760694196
0.000001887171200953773963717884
0.000000488336400889682175728427
0.000000923092773645674412018596
0.000003249931194834894834739874
0.000007213844191633385163095298
0.000012311050473832862910757331
0.000017879238577167230907606979
0.000023195225287943398406438969
0.000027570459363229422899196214
0.000030440385881693589429242836
0.000031443286774838783499859407
0.000030479315234938827305780432
0.000027735807209484958395966439
0.000023665646937512198658658258
0.000018913812188861721163895754
0.000014201306301186485074442879
0.000010190087284478563552092556
0.000007361012050085787285723903
0.000005935059937578888552742705
0.000005856177650726102018672713
0.000006836180865004927423756072
0.000008444759095515530061262441
0.000010216785053536658948959356
0.000011747976617385990578457979
0.000012757790930421092248474302
0.000013111390011133382941014257
0.000012805489525119611698414021
0.000011931625443370083415215929
0.000010632875952767388441719959
0.000009066968001536386195858379
0.000007382413167206771590755227
0.000005707821208530321896641203
0.000004150122939642101552865094
0.000002796046944273451066232446
0.000001712444870362425741690043
0.000000943711010618819277928106
0.000000507189303339312230429548
0.000000389084781139770513973389
0.000000543618027889464040111546
0.000000897196180094271776223123
0.000001357791353640835291721528
0.000001828149819171921748329470
0.000002220379231092290271996426
0.000002469098487610784782396575
