0.000721553123686490731694687106
0.000717348850550403793410736419
0.000710512006851110014711558893
0.000700972011800146156679236498
0.000688628198941788438429412178
0.000673361127973888572498251115
0.000655046522081104533666295886
0.000633571505631599181038171587
0.000608852678580954994637386424
0.000580855378300348533689156927
0.000549613259672397961794199084
0.000515247090431957639397597681
0.000477981437737381921904838977
0.000438157745991644216772276099
0.000396242210411638083079888251
0.000352826871645549452680135083
0.000308622526569631309891622584
0.000264442394412544277710469531
0.000221176008240079772582467599
0.000179753514711234434067868571
0.000141101432797225442936778217
0.000106091892076025731423555287
0.000075488363540461819235251328
0.000049891805750831060960875929
0.000029691852664858943585107082
0.000015028034250093965905619060
0.000005765921905519363630855147
0.000001492429632114010230189917
0.000001533229742276128177282200
0.000004993380367376563694521707
0.000010819920676834215208378387
0.000017882573988688389373963999
0.000025066104244665356410096124
0.000031365659661106923001682584
0.000035974995135989289716301615
0.000038357144038064406471079393
0.000038288158667677531189418860
0.000035867033848895529596009779
0.000031488722759811229527215221
0.000025781855702087966113189577
0.000019517765110282811165734462
0.000013501936244721654317626353
0.000008462241392297648506825095
0.000004949588433556320949042485
0.000003265499241492013921656611
0.000003427591851726841295084887
0.000005178378894183257414533111
0.000008036036516062355726909908
0.000011378964035106077222502842
0.000014550267883021625507449469
0.000016964851353203970631524158
0.000018201296037566762066025119
0.000018063368612616524568753595
0.000016601364133884648205527132
0.000014090648736218991054721696
0.000010972370054438436296536524
0.000007767936838679654788374258
0.000004983286133407761440570951
0.000003020346983359005575421304
0.000002111259383214742498360069
0.000002286233535787675012599957
0.000003379392313493393046103155
0.000005069819138769893558562740
0.000006948695227757572512295413
0.000008599017223577731176397537
0.000009672685338568517201271804
0.000009950947304521121303537597
0.000009377921918338385980713941
0.000008062392086735869584047595
0.000006249149851437395650655560
0.000004266730152082015083451431
0.000002462379497581063734058891
0.000001136902220320179806336809
0.000000491388807199061022760230
0.000000595001651623358202025400
0.000001378614198256179042766881
0.000002654068200656224777193512
0.000004154105138944177003145018
0.000005584504480954988788875965
0.000006678216046846246732875303
0.000007241529203683516824558222
0.000007184407706411453016254621
0.000006530526601481181442560367
0.000005406547201070193879113637
0.000004013963755977264204134920
0.000002589752647016188525849745
0.000001363579502328247215504073
0.000000519301769087885818610394
0.000000167085141699934901672660
0.000000330028515763432659160386
0.000000946312605435703088666520
0.000001885128343860674377571295
0.000002972489304345044032885752
0.000004021799442643258487421233
0.000004863832288612932673696650
0.000005371477411903506810097238
0.000005475971421342355627682845
0.000005173024854344611133695735
0.000004518954824892519336161038
0.000003618370329251455914807345
0.000002605964329231873366922011
0.000001625479829937351576758797
0.000000808958882829150314867656
0.000000259033603247209375892236
0.000000036382421890576409353354
0.000000153660427364382325549481
0.000000576317616997478329723893
0.000001229830396231156987586742
0.000002012071295186076121342062
0.000002808909406464970199863041
0.000003510745260557439554444624
0.000004027600066342896103848640
0.000004300631134283652303416934
0.000004308516670970294062611734
0.000004067971664164205355040602
0.000003628597268914110879177307
0.000003063169524797414332490698
0.000002455175932423498850673549
0.000001885778594309958019765560
0.000001422351682202793863422116
0.000001110321931399348104787107
0.000000969327625135491309862640
0.000000993858460844850784377349
0.000001157724840180376143445652
0.000001421092530203880877640249
0.000001738515458997061666876938
0.000002066437543407047771980680
0.000002368967214080333844126308
0.000002621247966246455383054152
0.000002810317796824123015835689
0.000002933840021208161299965484
0.000002997406216303973002510527
0.000003011223130896746064285013
0.000002986919494942356690547107
0.000002935006683483685518319889
0.000002863276604655356184038267
0.000002776190048093573101124039
0.000002675141957990286193183344
0.000002559397454639605044873123
0.000002427458541418557844577273
0.000002278618791478658067045128
0.000002114467972016778567466997
0.000001940111271757935859091177
0.000001764876538760189464961317
0.000001602316711050927271385255
0.000001469391613764164357806602
0.000001384838764165858018853031
0.000001366901992277620359584841
0.000001430745781236760179794048
0.000001585998661317240997488767
0.000001834901422699346475698946
0.000002171464244992852825485129
0.000002581867019211281049479410
0.000003046102599817607602111910
0.000003540616210240513065548619
0.000004041493538333589775001474
0.000004527642298329458951536373
0.000004983421122094193212457083
0.000005400290685284769699281253
0.000005777263752323467009888985
0.000006120165122569987717045595
0.000006439927127573946768698560
0.000006750298164454335018351376
0.000007065405796196782269664918
0.000007397589187449668581279989
0.000007755814870006138739993475
0.000008144845085557786756934144
0.000008565173836897869454314741
0.000009013613159288125418707772
0.000009484322172530521661767966
0.000009970033037331657159744666
0.000010463238194375368045503649
0.000010957150810187717710083265
0.000011446319465683956856068629
0.000011926852907536069847639799
0.000012396278193245203539372447
0.000012853107425912794001135811
0.000013296220860120396977006874
0.000013724187654769530420820894
0.000014134642518100973550580421
