0.000013645001593391235168739074
0.000015282408060759882162870857
0.000016726351703754029884340174
0.000017911638645313802899097094
0.000018787025160228645187521224
0.000019317945134298859246289870
0.000019488008354674435623331979
0.000019299207501422239801561892
0.000018770879303892581426403685
0.000017937563652690203814654007
0.000016845984992699179034428975
0.000015551436899633940637082893
0.000014113879988555018678720449
0.000012594064713355539164834490
0.000011049966331393008914804957
0.000009533773652777903859093303
0.000008089612060484346710417455
0.000006752111421056860410846827
0.000005545857771688735980870899
0.000004485700361603905723820260
0.000003577827885407908734184288
0.000002821483155946527971716029
0.000002211155863910774912664678
0.000001739078614418294443317637
0.000001397850855595877426010027
0.000001183026356819103136925079
0.000001095519731816576430782017
0.000001143713110161283617188539
0.000001345172402322849253766151
0.000001727910634076867858681501
0.000002331160398970588728796921
0.000003205635305175625842077350
0.000004413268151192672825589968
0.000006026408874103660124796865
0.000008126447099811105718265500
0.000010801794173683972754727509
0.000014145123407289384774121292
0.000018249734637369170964183926
0.000023204893292058680932810066
0.000029090009972961720691089077
0.000035967587953772443213739524
0.000043874982286944188007889178
0.000052815186894981399181106529
0.000062747086423130276787094028
0.000073575858081266549861991499
0.000085144455543960650143256452
0.000097227315191255619009243205
0.000109527554016702587395999668
0.000121678938806363577196725800
0.000133253763729238548785271945
0.000143777454661283058106463484
0.000152750214997668918876644328
0.000159675351261769039260679515
0.000164093104543823578881853176
0.000165617931729528366233475389
0.000163976324599296826483099676
0.000159041547139163874776887631
0.000150861248812140695063979678
0.000139673907593242655660395468
0.000125910576188414437010659741
0.000110179496352722625551918967
0.000093232776063707903163244040
0.000075916361498368467282740757
0.000059106752276774124322481635
0.000043639999719391830783864206
0.000030240153539750475302633204
0.000019455162403362753482764791
0.000011608050737395079248718936
0.000006769889589130904288330481
0.000004758730928420901075002938
0.000005165544430007261984100740
0.000007404702688494555460913676
0.000010783221738546672758391441
0.000014580308719935809570549499
0.000018127247184410460214805741
0.000020877546819180810316234423
0.000022458657057182172415770935
0.000022699206528615282444250739
0.000021629275290279676406549406
0.000019455073115945985316819350
0.000016512967079010060027742524
0.000013210510215518174394113554
0.000009963558482717841519298724
0.000007138538936514352420197819
0.000005007515824163167908705634
0.000003721196343823383805384832
0.000003301900017912148236639116
0.000003655340005528611800730745
0.000004597360597847670256365163
0.000005889951134738526671334128
0.000007280133491324320888274900
0.000008535704659566957619551593
0.000009473116852525122015809406
0.000009974660630139729194519778
0.000009994181704456576675302433
0.000009552427026022763804132681
0.000008724487434281322527146116
0.000007622524358440539214254277
0.000006377025997200604784387323
0.000005119351174319576824834829
0.000003967487823097760417368190
0.000003016007553834904054008677
0.000002330343066579204622154045
0.000001944892295951998018537334
0.000001864120688669476365588625
0.000002065770792876424265070842
0.000002505419062696123528818405
0.000003121840111891778984714793
0.000003842850764272529246259880
0.000004591441784694366850280538
0.000005292036876283406896296323
0.000005876658887120859360336973
0.000006290672948383835826893177
0.000006497667987667537009750275
0.000006482979874810791015050937
0.000006255383552718179663199201
0.000005846598958077983664569695
0.000005308457114204697524896884
0.000004707833591103748446988781
0.000004119741926720168126029205
0.000003619250370740928920119690
0.000003273101513189135610825287
0.000003132038500744706011725367
0.000003224842321873615930399176
0.000003554942228945331461810063
0.000004100173987281274142467115
0.000004815850742377534614226293
0.000005640828526243386222406399
0.000006505766670560535956625500
0.000007342390388738847850679317
0.000008092343083036443712047214
0.000008714230641500416915667948
0.000009187728573497175652137411
0.000009514112609527358894751653
0.000009713201002995667382444722
0.000009817342800129297297230535
0.000009863620484771824122841206
0.000009885746283696306325886397
0.000009907153356721869834323156
0.000009936512558342571984400932
0.000009966402520709616909841758
0.000009975235030032462567491092
0.000009931922000395932754622172
0.000009802289950515164922194636
0.000009555991945545054235466517
0.000009172670522972809585278246
0.000008646364973628513502738185
0.000007987561087458988900045914
0.000007222752087063707949164681
0.000006391814448987188359771472
0.000005543820607247383673793842
0.000004732066988380025646782588
0.000004009086205522273857709652
0.000003422268008210412121647545
0.000003010489170352652122292269
0.000002801909228281261769809111
0.000002812880115116211404447397
0.000003047778010198473715370356
0.000003499507097485748756925117
0.000004150438456210533272588287
0.000004973609487428072998605778
0.000005934090528068101465621661
0.000006990498128308311748127860
0.000008096679486744314359954883
0.000009203601394873165648176545
0.000010261452207187249217488698
0.000011221917515151504741782382
0.000012040534361083861115407009
0.000012678980211604427854829059
0.000013107123646312703236669825
0.000013304660768692085055049310
0.000013262185866217334281489879
0.000012981592763986490616178425
0.000012475766773336751194224681
0.000011767596337051216214518445
0.000010888398528797539507569428
0.000009875905044696522654796254
0.000008771989315740582430504756
0.000007620327993839822919817928
0.000006464181486760989489332059
