0.000000843030709269572923985736
0.000000582564794188278612101662
0.000000376245487824786935360613
0.000000223859408495690394801702
0.000000122335307508654685212352
0.000000065897147604707675245893
0.000000046813966115573821359226
0.000000056807349653619282627920
0.000000088946975251006088413158
0.000000139644239145559352588774
0.000000210204268753127155915718
0.000000307370588969748904479781
0.000000442426214410581542032933
0.000000628697942407085050864368
0.000000877703636486810307977633
0.000001194602144436152628702340
0.000001573943041772030129171332
0.000001996858359503528613522992
0.000002430710886238990104686987
0.000002831794076964313384010526
0.000003151027392536510068736261
0.000003341847350325502426113223
0.000003368850548389842066674153
0.000003215394559303538507403272
0.000002888439789486479792023901
0.000002419439941072650878479879
0.000001860944579278932476057787
0.000001279539146846316682206292
0.000000746552332529850409276607
0.000000328397190443754923114706
0.000000078391497168317735127680
0.000000031470751848206446291602
0.000000202499948976746504147894
0.000000588060042636060578103113
0.000001170752581355284069035568
0.000001924336511206123278487461
0.000002817542230606660037014587
0.000003814461015520061925389338
0.000004870295080722698385813745
0.000005923140909291308335647263
0.000006885110945470042030614691
0.000007638616370257737619260327
0.000008044676143297304111317615
0.000007968312338867433820073678
0.000007320815570024847508050041
0.000006110749267247395338353150
0.000004487524859540096465676876
0.000002756867959172464534385073
0.000001349957902618864465186252
0.000000739029686730041332305891
0.000001310138707044004498789621
0.000003223495524966473905559630
0.000006305906724562994304043168
0.000010021260414890721063903463
0.000013549737448859949722292963
0.000015976129275595766360534150
0.000016550056164125087246980980
0.000014948168001565787253509185
0.000011453366638485325951484634
0.000006977447210317159037834111
0.000002892055785762568337695939
0.000000689686269183527894829043
0.000001554958650805242533870761
0.000005967019793124706875911585
0.000013460524797260703375504330
0.000022638823818400394792278024
0.000031465138179707067720911051
0.000037774145984380780793291527
0.000039872920441061267379703054
0.000037060983219368031531867208
0.000029909572937791571224132314
0.000020200463395162265530825840
0.000010519270516986529539604084
0.000003599857273761728633217159
0.000001594273926918741269800244
0.000005471823816515747201125273
0.000014720637848979419330056745
0.000027442844166354602277249630
0.000040823472100401345954122367
0.000051846316693511670329469476
0.000058059095330784933695466438
0.000058176759725098024138636998
0.000052359928429561344419979063
0.000042100582219467116355630931
0.000029760694583481327190905424
0.000017907247393865870661042519
0.000008640139931804552322468921
0.000003102897883831413681192260
0.000001303377803742944390002416
0.000002273518273468390189041627
0.000004494685250673093034350005
0.000006439851532393670317843196
0.000007057871440182114159593921
0.000006054448694151898241336621
0.000003897460270805771048144468
0.000001566154594154044131911136
0.000000144489262764130009596047
0.000000403373586074350728787645
0.000002512320376300169710013545
0.000005971605969971217801417571
0.000009779402795394791887348407
0.000012770339524385238374505624
0.000014007722857453951169695583
0.000013097684250569441844727799
0.000010322706452263059184867519
0.000006553388680932082073027443
0.000002970185450804524077790189
0.000000687605662642647484929475
0.000000403022420912867374243944
0.000002182219264311872070744545
0.000005448175469857893227199584
0.000009173540767530033934133021
0.000012212083557849354561097507
0.000013660867861539273827430757
0.000013136729805764456931616718
0.000010880133401706135534703357
0.000007656873649023780378265747
0.000004494438683063455834308057
0.000002343197194958185325917854
0.000001775250358730678036016468
0.000002818404518273253321050589
0.000004974917824844545922535841
0.000007411284944604037938067822
0.000009248506723291346703712777
0.000009851597745998107643890067
0.000009022390696641510067911411
0.000007037719506857778200604753
0.000004530859135583081169008132
0.000002266973039863970842554448
0.000000894779373659459113614627
0.000000757209538084292173205382
0.000001815993697851286920209326
0.000003701478698489772731336413
0.000005856635986028348349265345
0.000007717802299496196146767237
0.000008871230563190290067184136
0.000009141775690812283409266044
0.000008598706839270719640274873
0.000007491974860977770238421730
0.000006150841992404538183215282
0.000004881488461534622785278816
0.000003892606692493350036671750
0.000003263428028694198121026880
0.000002953389005751638609687578
0.000002841516166170506261536271
0.000002778677034314453025694129
0.000002636664997742411323635500
0.000002342692033421329260987117
0.000001893937395684421048455844
0.000001352486063192783979393374
0.000000825194874718881935947608
0.000000435337361257570902232087
0.000000293350074969600064039529
0.000000472951220704600639803237
0.000000996803718165448688593127
0.000001833320342899665434866136
0.000002903743340565076775012555
0.000004096765647961463606419041
0.000005286987285657751458722159
0.000006353458168770529892370805
0.000007195260120047193845745082
0.000007742203421263122088040801
0.000007959915401160205352727207
0.000007849616840084292781424408
0.000007443578043582215138555206
0.000006797601961511497529208701
0.000005981958046738714510493894
0.000005072078427432283149957522
0.000004140108463116016689292784
0.000003248130316708737180261346
0.000002443578779531012987164375
0.000001757059176078289575100131
0.000001202475722314966816991555
0.000000779111995715970034278349
0.000000475105690101849365659459
0.000000271655515876412571243546
0.000000147300834857900442804388
0.000000081713455833673326550535
0.000000058603833291969361363386
0.000000067527036768849984434329
