0.000489324833977703810110326810
0.000451915797474408340028695363
0.000413617039342031931996312988
0.000374604154698740369772852477
0.000335055160960599405454291011
0.000295187990926802884365798274
0.000255296410890649646575900622
0.000215781681139093003962692308
0.000177176645036178251162162223
0.000140158331118217949901039177
0.000105544818735765834100299998
0.000074272332729952161584768833
0.000047349563380640516505222515
0.000025788228075458805715891586
0.000010511897188503521765245638
0.000002248855385812353747227409
0.000001418765468599728512319024
0.000008026451439654461557848472
0.000021578449294527698380363051
0.000041038398278243232999377282
0.000064835407950233108951253180
0.000090935120107716371014479340
0.000116976528935636148176513416
0.000140469272088766203862922333
0.000159036832346488106373211258
0.000170681854179466824033770123
0.000174041758827557968732080429
0.000168597493954407608033121968
0.000154797311981010146967815966
0.000134062714973562347418878371
0.000108656425577682291274371484
0.000081412458725495020768307686
0.000055354033728189138351908488
0.000033251707322843576772504470
0.000017195267789774381527638861
0.000008261605542254007189680552
0.000006351623745933373074061892
0.000010240904076000132593348910
0.000017845409285953242378621603
0.000026654461591343655283347855
0.000034241347607374145330626225
0.000038739582591801315308941561
0.000039178093271491831392494554
0.000035601785497685945510847744
0.000028957208560774323692806054
0.000020781942089095207907862434
0.000012784374346491893053266720
0.000006424190513493045215983202
0.000002596961640549623640824390
0.000001491788616995074879363007
0.000002640168829594675200812511
0.000005122562975153367105149958
0.000007861238026091183826271451
0.000009913291314365889499485816
0.000010688058941712950413414907
0.000010042665434017434666468666
0.000008247705769667681237247020
0.000005850315744965067900416455
0.000003485025981464305132177025
0.000001689379727955394632895529
0.000000772059544089716439079635
0.000000760985916019336222377439
0.000001434335961868573713955339
0.000002415449250569024371691502
0.000003298251631730825768405550
0.000003765710433930945375739872
0.000003669790167184146244293893
0.000003054912685058640860728428
0.000002123958449115881155078297
0.000001161725668998251167988848
0.000000441391321637621823559879
0.000000142350302935102917830745
0.000000302503908829361038049612
0.000000816545292936997492061935
0.000001477645153305018304779506
0.000002047373931176605166347253
0.000002331260875987537584195630
0.000002236976496810205018814666
0.000001798484262460520057800044
0.000001160435869131904553571300
0.000000529171713983019785399061
0.000000106367781204828477918999
0.000000025944175441742822815673
0.000000313206710556260843642689
0.000000878040915813093160975449
0.000001543573185851168754533576
0.000002101168304912569265619111
0.000002375007924923968602231791
0.000002276930109259600370965465
0.000001835327428879286054086927
0.000001189657485916521898063709
0.000000552153842437571865202882
0.000000147689955321444070050413
0.000000148798762268817676355224
0.000000624004386948409242831190
0.000001513761754066314189949853
0.000002640703807392917323588599
0.000003751767629213153312897665
0.000004581546427958550819986919
0.000004920895363315211438982530
0.000004673522676477157279065645
0.000003886115335115671863043269
0.000002743680539082876573592391
0.000001529833704562660929261665
0.000000560059472980379111529004
0.000000102840369316539403548380
0.000000307512049706315575576935
0.000001157669867026388686175758
0.000002464422521627766955157248
0.000003905123595465106038399257
0.000005101836577843121375733064
0.000005722205066665284651659853
0.000005576824118179097646323065
0.000004684779573237510511983430
0.000003284703443318645291898201
0.000001782229477934463211956698
0.000000643136276625117956120268
0.000000259444703090512047586263
0.000000827166537675663622834613
0.000002274473453994307561463681
0.000004266339399710459481666110
0.000006289219175712474626605344
0.000007793952249191428750005155
0.000008355386465099705946973918
0.000007800324034338447504307798
0.000006264187391439972408591942
0.000004158648768489902009058007
0.000002060049873912897107331409
0.000000552451989218504869902067
0.000000071753928260478154525490
0.000000794902276198949406347139
0.000002602509383951585096534992
0.000005120207605417128225928133
0.000007821626659224698396139473
0.000010160740994670676689420885
0.000011697072786902090466899275
0.000012183569563654461209017965
0.000011600502777453312926322047
0.000010134561726272794365865185
0.000008115811436554063579545265
0.000005933236651221029300991034
0.000003951146278483243848820856
0.000002444578605451681654610156
0.000001564109995076525962240561
0.000001331711782236934448611708
0.000001661888082463192864790340
0.000002397871430440529835070732
0.000003351718832177722491285016
0.000004339257666223540111001284
0.000005204730492204919694090859
0.000005834138507708186247187592
0.000006159372402132228091465281
0.000006156556314168464036742142
0.000005841679853225848615045669
0.000005265216733600158876562290
0.000004505928369140575515485771
0.000003663172809172869548492929
0.000002847102096816155847135285
0.000002166968594057990803338062
0.000001718871015502282029031151
0.000001575076350597420107323469
0.000001777151626106352580694212
0.000002334443429438106545697161
0.000003228181610525678661943565
0.000004420079233532780959290472
0.000005863198597349985469184830
0.000007512367878655685670861390
0.000009331665758558065578202011
0.000011297328554122870020691438
0.000013395612267914292278911045
0.000015616343672899686117463633
0.000017943842356169044014412017
0.000020347413716994118088000551
0.000022773649497429024975061335
0.000025142385144452108428764214
0.000027347480617849156243025222
0.000029262766629047263990288930
0.000030752671867816237414542530
0.000031686323785731605609874983
0.000031953363445477127714831195
