0.000501703015945308378013833828
0.000499682915422460481591482306
0.000497124236704317001150910116
0.000493990007195346456092543974
0.000490209716250892711328357443
0.000485679567472509774762878809
0.000480263550816106572077801573
0.000473795817764735972647816009
0.000466084846701374233557402249
0.000456919839749895943022822697
0.000446079692184713947570445791
0.000433344716907604031452816429
0.000418511087742418411410810775
0.000401407689608576840646636530
0.000381914741624803468801607753
0.000359983210865744216854639204
0.000335653690070803552465694697
0.000309073111777258984801675101
0.000280507460582550332758855482
0.000250348573085368395103877948
0.000219113225754430775236297757
0.000187433037007668230455176284
0.000156034264350323712304199897
0.000125707348061058918559443343
0.000097266997540857114091725211
0.000071504662805955396037357885
0.000049136282895730697497550798
0.000030749137552910169859585188
0.000016752323384102856706394727
0.000007335712327125456013192286
0.000002442131693441374434518825
0.000001756870409477397704711612
0.000004717452903684778792116252
0.000010544975446826203475947370
0.000018296276787945335595177154
0.000026933983863460063802684058
0.000035409255957093491423010034
0.000042750107105885760852385935
0.000048146791800874848949419460
0.000051025151168539634215573497
0.000051099238356537191757013316
0.000048396078285429315851522147
0.000043248038654070365346699517
0.000036251805023275548327862244
0.000028197004892224532279516175
0.000019971611837293034419750851
0.000012454789908162872558855527
0.000006410214806622728221934156
0.000002393634786711492453033234
0.000000687217106021830758237645
0.000001270059724151153806995847
0.000003829457811771566428575651
0.000007811739869552925945870095
0.000012505601778407009129923805
0.000017145837747217258914197990
0.000021022086948251237969792146
0.000023576323721844919472463362
0.000024474565013831247093463103
0.000023642432896152567472786848
0.000021260124370957204036460333
0.000017718994612040587735167160
0.000013548182888451788650650484
0.000009324394683562268429811298
0.000005580270484186298796938294
0.000002726337662468767603139806
0.000000998495088505078569923365
0.000000437951988826286184683406
0.000000904527705042967652219999
0.000002118371609069047316125604
0.000003720562675700824711389012
0.000005340488780802591994379194
0.000006657743787427145511670541
0.000007448384857965301761707853
0.000007609195285379307784946225
0.000007158235004412830149742118
0.000006214466002779299623405736
0.000004962751102402687953228395
0.000003612453843157418210220227
0.000002357999942614045225643344
0.000001348268485516860773956575
0.000000669049418364989228634118
0.000000339699842279619830248542
0.000000322242322392515714260286
0.000000539032694094195207265433
0.000000894107483033849956681493
0.000001293451133868679574513683
0.000001660498630928503467483375
0.000001944834583720731633135629
0.000002123824539152865382122962
0.000002198419522447558949239475
0.000002185337110418044010166829
0.000002108134768777548402162846
0.000001989409098176396022388934
0.000001845653623374842122278850
0.000001685420215838346994313116
0.000001510579164796945774066977
0.000001319826121134676377038598
0.000001113224081785059350568315
0.000000896499135614326897052205
0.000000683977188167036569279396
0.000000499377689516230155744537
0.000000374094724943442839933323
0.000000343039020839825992440983
0.000000438547951326021867854080
0.000000683262804940889225968094
0.000001083184168422531606554814
0.000001622292664076553334615103
0.000002260098495812105452902347
0.000002933203173738128759478333
0.000003561400609052104695648189
0.000004058054681771674528220281
0.000004343582515186777970057214
0.000004360026812693575176606720
0.000004084125618186368387833862
0.000003536169518681060531731372
0.000002782380998277629584905469
0.000001929542288864366622841255
0.000001111983515374141785666271
0.000000472554169702388957474866
0.000000140511608309486954673190
0.000000210063676207009118445456
0.000000723390643564383423724242
0.000001661292573554576331346143
0.000002943285589566086068644395
0.000004437277165980198304897839
0.000005977243550029485991007330
0.000007385966007113353472550866
0.000008499123415527391929569223
0.000009187005863643433407395890
0.000009370759049868092013021309
0.000009031200832374981993656664
0.000008209592797910274282881075
0.000007001014717303118673982255
0.000005541950864347401353650780
0.000003994231524663740333608124
0.000002527574004577438758099503
0.000001302723919962284997904893
0.000000456750899322027039694980
0.000000091547702163012481225948
0.000000266125829402691981968686
0.000000992944326011286203140065
0.000002238246850874048986837451
0.000003926175463328659188163693
0.000005946231590095893823546148
0.000008163437790155337079678680
0.000010430323639240303876490716
0.000012599652701817231882858508
0.000014536680540526930951756440
0.000016129738495397301974859650
0.000017298103955199330226261134
0.000017996438780597334239439583
0.000018215510056363912855768861
0.000017979380534974840136208662
0.000017339688601387571596952608
0.000016367956728868946934211254
0.000015147025401216560188625421
0.000013762692252864284274903837
0.000012296463611644493980792729
0.000010820044134456222918467400
0.000009391860320880803173599315
0.000008055596161232210218562308
0.000006840463194593686327828284
0.000005762762768899100648063889
0.000004828233656347069107067204
0.000004034702552810592355941009
0.000003374644190186490662136058
0.000002837381598666170753430919
0.000002410786239230900776541779
0.000002082449351424277258956188
0.000001840376182465051779841756
0.000001673299633611054624318095
0.000001570723128681217026540121
0.000001522793197091947381118177
0.000001520081353342164968940132
0.000001553332445199933738169619
0.000001613219941865124181380308
0.000001690141002205223166532052
0.000001774085161037131749448784
0.000001854616673552409922132839
0.000001921016828964717124481184
