0.000001160244657649099159170067
0.000000741544255517551038607723
0.000000439204594096498126659092
0.000000266734002841802484464324
0.000000231562951139943052575611
0.000000334934704384898877789169
0.000000571875446252648812387560
0.000000931261322896809440771942
0.000001396027068906296023751844
0.000001943576604755739054524030
0.000002546457504512644772604567
0.000003173347873128236219499249
0.000003790377653661022282216304
0.000004362770703324545860479593
0.000004856754887882249363648297
0.000005241651432322424085852221
0.000005492027653499455029726794
0.000005589782679349626183312131
0.000005526034274887501359773551
0.000005302683308183220084377346
0.000004933544708744637082888096
0.000004444942978559696759584090
0.000003875670959066645624346761
0.000003276201449869408735570721
0.000002707027474171731281092678
0.000002236000229603584396799064
0.000001934550848611936068254750
0.000001872741161340167798639105
0.000002113203926701253492333394
0.000002704209017782001437399733
0.000003672318802387239951263509
0.000005015346259554169038410217
0.000006696559592097479443888360
0.000008641231821451523275917812
0.000010736654318006654012422965
0.000012836568658049401153243077
0.000014770591558652478540855299
0.000016358615590455199289860594
0.000017429408078507006201254836
0.000017841790804270263754447226
0.000017505992224103250284612115
0.000016402175891800537779925684
0.000014592920004466884356534098
0.000012226682298025984561894511
0.000009530100683664495303439729
0.000006788333133724216235296151
0.000004314404203073948345639396
0.000002410467948371362357541658
0.000001325702037501956327052253
0.000001216861280249766606720296
0.000002118011161271151790935026
0.000003925399571954413818915784
0.000006401735045954269027004314
0.000009201453891837596619617673
0.000011915220584695022712213956
0.000014128436854919798347008687
0.000015485555885792263346514841
0.000015750119210004819827932593
0.000014850132121264582039693765
0.000012899901080572382134768923
0.000010192688018208037427424044
0.000007163071490649426721641392
0.000004323038798238926260549680
0.000002180689126914831032849010
0.000001154110368065941952519246
0.000001494757297358105903716126
0.000003234062363714327486326899
0.000006164007769705830329051190
0.000009857360501709814062671483
0.000013726976863292910410827702
0.000017117028971603930184372522
0.000019413284450146486978180937
0.000020155670009693443789616091
0.000019134983509555799269024820
0.000016457103482308048180262142
0.000012562241404607425571929476
0.000008193114897494846492545517
0.000004313465560350004051421921
0.000001985973096827037830439892
0.000002225164807730982890554908
0.000005845367945905175883710998
0.000013325382551598201192580469
0.000024710053744333181134727045
0.000039564442749716381654209729
0.000056989423463775580104041796
0.000075699213080177141081163195
0.000094152752391008236350355975
0.000110723211009845505146086120
0.000123884310308758935174899829
0.000132389453955140387391917201
0.000135420248500880979498212087
0.000132684831002808387243746546
0.000124452978922119520191480468
0.000111523349792502399994292839
0.000095127214177290932563095527
0.000076781444335790216722259505
0.000058110133854976552458468375
0.000040658141578068133039670917
0.000025720556670847782160249650
0.000014209510055226430347069186
0.000006574312036373361038145684
0.000002783375962145339997482179
0.000002367870645495728941287488
0.000004518729305754752451095881
0.000008221680925597622970448300
0.000012410304265631503839494368
0.000016115342746685522767793181
0.000018589851989842287762052728
0.000019393935183143674763454889
0.000018429208076061137731166406
0.000015920769512351619091308427
0.000012352204620989277208909993
0.000008365872288654002691564091
0.000004645436259156047980711356
0.000001799604071421257163823117
0.000000265068570377102169697788
0.000000242897237111948712227373
0.000001676724291319526552866584
0.000004274057943253935276976211
0.000007564998504870885465221214
0.000010986840207696216449584359
0.000013979352246126512980062620
0.000016074565755462005421823346
0.000016966704074527622612706540
0.000016552052626657521379634208
0.000014934227631754291368824418
0.000012396382952868744526612327
0.000009347280822574894341200208
0.000006251927916269428750202595
0.000003559090344239137371765884
0.000001637347494307015663850963
0.000000728760857446358206722674
0.000000925388797124344840666459
0.000002169607218716054631408273
0.000004275315599436271844161882
0.000006964253371982204914372727
0.000009910174582168357874543616
0.000012783567555789035786475115
0.000015290728905715598968462557
0.000017202897893556183805128038
0.000018373354977620931662409334
0.000018742457057394313414732182
0.000018332209104699389592106618
0.000017232997054369836304041005
0.000015585515589485125217484099
0.000013560813653962863975792515
0.000011340909561336711241087520
0.000009101770282550724117565273
0.000006999757170554531027944264
0.000005162020761896498093816796
0.000003680839306801642192931321
0.000002611555919665112703161817
0.000001973564891889890543622043
0.000001753700737986195868259418
0.000001911362576091846546369772
0.000002384734437558714467946929
0.000003097519666528905548773948
0.000003965682808101074211990476
0.000004903778691230782865815435
0.000005830541715402672829648718
0.000006673504852170847346517438
0.000007372512926511485734483789
0.000007882082910025538404060960
0.000008172639917642386572478944
0.000008230717350026162592788181
0.000008058251419559206549150104
0.000007671124945211235917740672
0.000007097125720653765767185258
0.000006373484988765426631485405
0.000005544155560755520298181487
0.000004656979807929543872227398
0.000003760886490314210870778474
0.000002903242095508573747208005
0.000002127466141429992737443182
0.000001470999863678235595524616
0.000000963693770992185211047751
0.000000626652861699311107844318
0.000000471551231878207018026320
0.000000500403531584451891305162
0.000000705762426667165024919475
