0.000038440821357921493839609334
0.000041228318233170323941789298
0.000044827864218067927249561366
0.000049284998601965140929692666
0.000054642240482451771962837256
0.000060937951605178367021561914
0.000068205100665932080587772202
0.000076469627135143840106733248
0.000085748103727676099495430551
0.000096044421473485036598941034
0.000107345280645598296128534477
0.000119614375756912181690723440
0.000132785322015213630821375834
0.000146753586411309819639847696
0.000161367951590966711688385216
0.000176422334551022057073932370
0.000191649070187623028153206528
0.000206715003106071201982932295
0.000221221851187931026812977242
0.000234712250285068751032985235
0.000246682609464064631944746342
0.000256603372347959210637846628
0.000263946502125915428635383186
0.000268219044604501991643091818
0.000269000586732140607986590863
0.000265981473592028915420987234
0.000258997954791336231633591680
0.000248060171705045018775842580
0.000233369190766488415929302835
0.000215320168312186824939244434
0.000194490121509636163963860578
0.000171610488185559379109915157
0.000147526413737220356715146297
0.000123146206234535122037848653
0.000099385394954553136896181764
0.000077110166497906660514408128
0.000057084641654277126603111991
0.000039925652770948075512801034
0.000026067648648512529849967725
0.000015739377315450361069851248
0.000008953287956838340100156060
0.000005508212831439398030845128
0.000005005721176629725735387610
0.000006880322303375215392735355
0.000010443133399132446879724323
0.000014937503646286403455258236
0.000019603387861802590096766893
0.000023745241925309701114298402
0.000026796359111655968795280211
0.000028371493040753023638731595
0.000028299872525042222106469308
0.000026632608761761749109012870
0.000023621936491247732007800475
0.000019674196137960262080164944
0.000015283084667390546367276433
0.000010953458921315760955729653
0.000007127952980164779554978546
0.000004128311715886054240301668
0.000002120609061597168196964527
0.000001108932067970276504002944
0.000000956638422000533751685548
0.000001429122125940989978292914
0.000002248266583440633044582539
0.000003147204038197359683796126
0.000003914891172070686747278163
0.000004423038759815898911958738
0.000004632309041430474606218688
0.000004579360800410422021569819
0.000004350218773679367535570962
0.000004047759103507820820891557
0.000003761449043952463798290474
0.000003545956823086791852430799
0.000003412382648887297807585930
0.000003332447854811786010209834
0.000003252865666380124231628086
0.000003115002267042546993034129
0.000002874214824394300966248347
0.000002513948289803778279123594
0.000002051469865308083272685156
0.000001534473694179882012874673
0.000001030077744611273653297973
0.000000609421136651245468793768
0.000000331817680295474438044966
0.000000232156767365488265472884
0.000000314143453376482174802377
0.000000550392301806363589440488
0.000000888762763646847287716136
0.000001263034757420652865898738
0.000001605328250491297632107255
0.000001857649570398336979891061
0.000001980505948857054944868637
0.000001957447607199564876408974
0.000001795398634245388744704410
0.000001521472192949102417763234
0.000001177464690018079471035372
0.000000813335355729286302511134
0.000000480762149028890002648215
0.000000227461010097636281094148
0.000000092530864344699640510340
0.000000102785390975895525954214
0.000000269934755042228482907338
0.000000588585127025660449668904
0.000001035255296341356504355967
0.000001568846041660955433836157
0.000002133110757051791314117340
0.000002661570863573933785510084
0.000003084966935500129036815380
0.000003340783603576464976518028
0.000003383750118752787197358260
0.000003195659792962699534180126
0.000002792537441008828755353638
0.000002227246698239519981659014
0.000001586130639611285272748019
0.000000979188716727995194844848
0.000000524482950893349876205234
0.000000328727701460498704220557
0.000000467094379125445247230867
0.000000965900337681812809891035
0.000001791849719194769066218302
0.000002850757766605140865656589
0.000003997263661755219697638373
0.000005055116156386913477572154
0.000005845528537494224084628078
0.000006219252006640840218392764
0.000006086818668688827797363505
0.000005441178408853705149577241
0.000004367848487520761940872648
0.000003039635743465228441437210
0.000001695670088347815912619559
0.000000607408320358981567377787
0.000000036842133955880948566525
0.000000193823455245456182670697
0.000001199820215180292543117528
0.000003064416941064803295889998
0.000005678660185521390533504825
0.000008826369561249281702136962
0.000012211407057850329774479139
0.000015496256714705820351418372
0.000018345620234131958920485717
0.000020468343759738917022293625
0.000021651825014075570005438187
0.000021784810941837319146286225
0.000020866716193262135756658279
0.000019003766355601828860061309
0.000016393982882050898660687699
0.000013304048234354788504576854
0.000010041401112544374438001124
0.000006924671266369055339399627
0.000004255025251517155261704334
0.000002290410299888569225471198
0.000001224221560739221674663684
0.000001169623281018277122320775
0.000002150557912622618348601027
0.000004100245365353077491845854
0.000006867578980270059186424847
0.000010231202915829020860371407
0.000013920244895269935056546576
0.000017639811107738870890040625
0.000021098615111903165153864337
0.000024035696444579831665237790
0.000026243214316642235196504543
0.000027582806053260865223860157
0.000027993900077777705772026640
0.000027493503918142300144729709
0.000026168139670470336568056102
0.000024159570103219502203552652
0.000021646596828734910683512613
0.000018825444977888470003603988
0.000015891088204076645655580396
0.000013021395536853456282797015
0.000010365322569052177776195017
0.000008035659935266031053116217
0.000006106211389289214951591432
0.000004612785526450264421709137
0.000003557089322682976872746574
0.000002912507313724036794221279
0.000002630805553736215626059588
0.000002648964789693916104115160
0.000002895568035465574676469219
0.000003296394901291188681539566
