0.000045512645357267836419140616
0.000043490339175896629763870549
0.000041807988908091863453943271
0.000040440289713222242798905393
0.000039356482306145644783218485
0.000038523658118061366738196089
0.000037909404174859466594288415
0.000037483723802204993501372560
0.000037220214360798628658484610
0.000037096521257428596970908558
0.000037094119880559215816830804
0.000037197505539424873324816367
0.000037392897755853337737712294
0.000037666591158119473812387890
0.000038003112204584831577188625
0.000038383369637496231557664828
0.000038783016098476736494265332
0.000039171265814176843924644678
0.000039510433244776310191849478
0.000039756462069229988882512056
0.000039860692858328234094295039
0.000039773060640014562126982878
0.000039446811242992115876821596
0.000038844673167447534814673837
0.000037946222565935346050444710
0.000036755945523437028304037516
0.000035311258307352688266735757
0.000033689527251553352837389055
0.000032012977251343512216045367
0.000030450334486212627738751374
0.000029214151217463950571369760
0.000028553029241590379978376485
0.000028738391929155045830153459
0.000030046023690595204276836822
0.000032733244271441046279770559
0.000037013236403757653156677138
0.000043028611368896448573229119
0.000050826693506663856857337447
0.000060339164646700183458269406
0.000071368594951307185521478804
0.000083583995304948189436489159
0.000096526890696464030068232876
0.000109628594383706277036460985
0.000122238435343360255912886769
0.000133661735586726763361925530
0.000143205420051372518588234106
0.000150228326867886787313044472
0.000154192614482915766813131420
0.000154712174295713731546689229
0.000151593698536006541485038346
0.000144866081818882403570158957
0.000134794223343901489438681485
0.000121874119225611214547416727
0.000106807443498808081277194615
0.000090455610894782948134054679
0.000073775507575617445894973490
0.000057741472886118428212414572
0.000043260412794785721814824070
0.000031088741302027444156092645
0.000021760776164742776344739744
0.000015537917619896548365992367
0.000012386222405324147599571180
0.000011986886992547493924004230
0.000013779978788265472743534631
0.000017037063546868172784695683
0.000020953916491620456748548595
0.000024751076812550217595785412
0.000027768313960005924561844082
0.000029539566726214144169824355
0.000029837663466700116811965854
0.000028682777830597190729449916
0.000026314372882193179934481181
0.000023132325935832639485570383
0.000019617920876283588912545805
0.000016248502967747096415286959
0.000013420215961212155118494928
0.000011391263276284714747775897
0.000010253947862295883396892629
0.000009938181428708404950025067
0.000010243313803879105030898017
0.000010890156453759370800901674
0.000011581899977590982765869587
0.000012061799598991075870967754
0.000012157072466069587040010495
0.000011801969975391196946649247
0.000011037631377805472214460522
0.000009991078301779366766053464
0.000008839598939330446715511615
0.000007769066571728777665208424
0.000006935098386621855766755260
0.000006434480548379212553559287
0.000006291440067500560253646764
0.000006459857324119866560775769
0.000006839178101438720464488787
0.000007299282295438878665231816
0.000007708329234954138905653274
0.000007957738140285831190696292
0.000007979778528702005088507274
0.000007755311390398158125970320
0.000007311503190042229815626736
0.000006711323076214942101819314
0.000006037957462901027593708912
0.000005377764036727547916107162
0.000004805076458787632115031603
0.000004371265665938078233171589
0.000004099260327932935272794279
0.000003983532781993301421737987
0.000003994609798569804161186367
0.000004086605740734508897293083
0.000004206119468452447044965869
0.000004301011449367457622702544
0.000004327954869503687698468596
0.000004258094847724427033618111
0.000004080540682063644489197766
0.000003803692901397543561916670
0.000003454556791569705457851502
0.000003076244849124429388325047
0.000002723872429855426324080397
0.000002459056696103370978065189
0.000002343279287190716678380325
0.000002430486741059048292365550
0.000002759473528515724598437781
0.000003346790921013565523248461
0.000004181101713774428934005788
0.000005219994680406404894237090
0.000006390220394729337192356658
0.000007592061298376789603382583
0.000008708083237388959828751030
0.000009615859318556675705298026
0.000010203492502767450732974533
0.000010386026999845393475386569
0.000010120299906037888404940206
0.000009415610533364841751736291
0.000008337893976176990494596046
0.000007005904589445023213718951
0.000005579153379813476316040257
0.000004238794362604706622750256
0.000003164031675816111087911958
0.000002507616721763868626436265
0.000002374375451295996165607029
0.000002806328046388452713568416
0.000003776879742582169760783516
0.000005194979018616709587514990
0.000006918383434146288047447010
0.000008773611418341173721555104
0.000010579110653961989359770658
0.000012167837233235577286795739
0.000013405844502950176473079699
0.000014204490164725241905792179
0.000014525224645407548847934193
0.000014377309992429977860252735
0.000013809949256160232870294970
0.000012900984808028201719252645
0.000011744479821858148902466272
0.000010439185952348504726164453
0.000009079272737923685339172727
0.000007747945606924416627045091
0.000006513895513795668589516249
0.000005430038213778442885619566
0.000004533774789032245306950007
0.000003848023053772254257901345
0.000003382462380467049016362227
0.000003134706340881122159868453
0.000003091375492715078968964954
0.000003229219448888017235063143
0.000003516502645344241265840633
0.000003914827824268381024008182
0.000004381457691042431528501058
0.000004872053561106224609975838
0.000005343623685667307181680705
0.000005757394994737150304775844
0.000006081304809020127713969570
0.000006291851321666690080667422
0.000006375128224049460008270723
0.000006326977979438822783644567
0.000006152307708837593568161443
0.000005863703572290872077603634
0.000005479543072953423862067168
0.000005021836573512608600604844
0.000004514032443171632118857507
