0.000001444672161011701372188487
0.000002338904818046618648623393
0.000003667631026588629389675617
0.000005394717731237771720612540
0.000007471558490977574857239054
0.000009837730630963080057527909
0.000012422909461597747348771473
0.000015150280539158176890297824
0.000017942244392573875006813636
0.000020729569908496382714055417
0.000023464804820660556432731711
0.000026139401925942674058270590
0.000028801828467160258767871053
0.000031571562939913047900631488
0.000034642351090786832579996452
0.000038268359121552970706931635
0.000042729433087764256461466711
0.000048276289602345417420383583
0.000055062074892403119956256485
0.000063071801501566972561994839
0.000072064215566223664352629719
0.000081540764172290396312459126
0.000090753523589590415990985273
0.000098759038747915081158171291
0.000104519213130293449885190038
0.000107044647433022951628703301
0.000105570426820598308576514002
0.000099748807240219663919691961
0.000089836738300661585655132457
0.000076848395368957550717083083
0.000062635032960663345521362677
0.000049849655241917029580185627
0.000041757051208399134211574077
0.000041865751737023493761133408
0.000053390373070718986523927607
0.000078598666904319659603193882
0.000118148696571938050512741436
0.000170562808292089345329686778
0.000231998441137947538498442768
0.000296446574996913703517464889
0.000356412399648336412731619571
0.000404020697593358781192496298
0.000432367137314887232946158946
0.000436842247671927674454450674
0.000416121522265837872310567658
0.000372562638349191487582151572
0.000311875298656516324827953079
0.000242101644992941074157818959
0.000172118668330638736711779568
0.000109998179154754738067953368
0.000061597227457151475260056783
0.000029690395503478287151212858
0.000013812861160297171405448788
0.000010801239912526602887253221
0.000015849971423777691511679960
0.000023790134896007108974416364
0.000030270774173801054461423188
0.000032579613588238968654216959
0.000029956633167149487943477573
0.000023393153241819642461623435
0.000015032964527177183693910228
0.000007372639488522962830164328
0.000002482721569606727754606253
0.000001442155446408060758090399
0.000004108062784707320998158105
0.000009250595598650761348046533
0.000014988871797177403264247908
0.000019389064833817741079170435
0.000021046793016201894427601865
0.000019484040847195531389463019
0.000015246677832633273293270332
0.000009679643839542969224526078
0.000004457796851054496008268796
0.000001029337177105326543068370
0.000000157517524612502615303692
0.000001712082719561378264390666
0.000004773890544980300607014450
0.000008004784610112054699516786
0.000010141003923767821727399546
0.000010427940694284698949908727
0.000008842493244064178090860923
0.000006034990874780115185276388
0.000003031158010903826321004537
0.000000822586804223909092800729
0.000000007784615913122298818165
0.000000614404296692594186532054
0.000002153049238863934286786293
0.000003859335696176273001036048
0.000005012167386017382930956266
0.000005197864025374740161661649
0.000004424661104662142282269340
0.000003061036315590035229120425
0.000001643245649743108244806938
0.000000643359420804642573483989
0.000000293675549122445091572230
0.000000529679790446878113651318
0.000001059597999068931785558918
0.000001517744276830737711059260
0.000001630729513748882288364395
0.000001328323294462529391790173
0.000000759668571989016769066268
0.000000216591852397403801757088
0.000000002009224612183701682373
0.000000299703840405110418040907
0.000001096953442911648145296263
0.000002187574932969660597794660
0.000003250540183822253651005916
0.000003971141422939282133552745
0.000004157741170195446997828476
0.000003811279368213117674625903
0.000003123847635300758696102639
0.000002408681214217688052516573
0.000001987325787229599356850836
0.000002073104455895009173588966
0.000002690185999952127946936763
0.000003655753059146299406090633
0.000004633215441647757817358790
0.000005242623193754096663169589
0.000005195964303903281539633637
0.000004414805416465353778989432
0.000003089368627513863791594646
0.000001652811710501345034496161
0.000000669603186060121581679315
0.000000665620933060475449441853
0.000001950302295868077216955397
0.000004488786951792487314217856
0.000007870137811297005627289569
0.000011389229966623449084492901
0.000014224207863174336691214350
0.000015660872512575985452103894
0.000015300199986051281293491719
0.000013189698022688725801538322
0.000009840909183558899491210854
0.000006126571270866876489473440
0.000003082609068374595027458131
0.000001664306258852265212199351
0.000002517396123577913051550751
0.000005821119498597418532518776
0.000011242275937791786262227173
0.000018010878839742860393815377
0.000025096213666857879816436683
0.000031435740958072058909896634
0.000036156532983603104471417855
0.000038734097420364370096667467
0.000039054833430975738285586413
0.000037378481217672081282112073
0.000034225235431832271720559852
0.000030229353837671166818591370
0.000026002611388060169927060813
0.000022038589523544731551022921
0.000018669213301487540078828567
0.000016066440302370164309054418
0.000014270941308093946486824054
0.000013228244286899749486722741
0.000012819122184157616538995907
0.000012880355629491985788685759
0.000013219575339999959702084673
0.000013630735449647105164477576
0.000013914681758427511134592301
0.000013904344172825843303645602
0.000013489334150556685473277586
0.000012632636245976687489186649
0.000011373547095421968820784173
0.000009815200082754607825577878
0.000008099959866967537203217425
0.000006379592062110014420912331
0.000004788097582343739380878779
0.000003423348189372408312866180
0.000002340148501374569314174151
0.000001553585392418310176252728
0.000001048866544313598918588084
0.000000793008935897177489427823
0.000000744628581894799628931880
0.000000860003423694646479752348
0.000001095600352060033827274513
0.000001408607581051871898993023
0.000001757343158401558579729618
0.000002102826906453233344284053
0.000002411738838244424686443890
0.000002659973720443536001164413
