0.000001712686730696143413396658
0.000002146269330930669846528363
0.000002588493682287076858537789
0.000003032961191275102273327098
0.000003474306070031321714620433
0.000003907529222500935054340158
0.000004327593544134604711841937
0.000004729231833015985346805807
0.000005106866157004898521887867
0.000005454515866518739699892078
0.000005765588388035484039377803
0.000006032505601520168585900038
0.000006246212569775723546855115
0.000006395727346638317581742350
0.000006467994933895574596687504
0.000006448374689853521159828200
0.000006322083843070029236517297
0.000006076800003757857428004704
0.000005706352978593557077619924
0.000005214997088040093950282988
0.000004621209527558276289847805
0.000003959489738607075921589164
0.000003278543199450761856119339
0.000002634849839599756300359155
0.000002082094874434366730707111
0.000001659020745765096371235640
0.000001380164822909593543833959
0.000001234550674998552116697482
0.000001195721904982442904019527
0.000001242377254077912237601377
0.000001383389388228752899201402
0.000001676436219304052367237603
0.000002228440568657714635511600
0.000003170144239918437832718165
0.000004606025200187386945478892
0.000006551690964726507922667037
0.000008879712982839068038574092
0.000011297681991931061848888004
0.000013376927276498219737286763
0.000014637282315704775386517797
0.000014675289796593580105964899
0.000013304759671215688471962967
0.000010665052180206243556356317
0.000007249727924590666872724405
0.000003821508674209722478793370
0.000001210969217960993992940812
0.000000041658941262454681111186
0.000000470092563178527416212021
0.000002054470005107505333461805
0.000003850188965868776804944099
0.000004763777985412759262396319
0.000004092251998573366258320563
0.000002068502474366420154438346
0.000000174908266242096818572730
0.000001018416249103676444274906
0.000007690877549704496049694236
0.000022734046324236753598528604
0.000047017410676588568469499302
0.000078936115061289236329369889
0.000114288299356643017839173238
0.000146993833248104839583891845
0.000170530034326560699965702472
0.000179688098203974037404828668
0.000172103403591763228766206573
0.000149049693608422652562478516
0.000115208033257041230477436822
0.000077452467518678803025909685
0.000043018249036199126915640950
0.000017619522721392746493268219
0.000004090830856470682642294420
0.000001941172212178874446940682
0.000007900330128868109249131238
0.000017216044727186963187543986
0.000025238051615050417260258456
0.000028771230620263953711279042
0.000026801805653607696852810602
0.000020442578241198641828945542
0.000012212746755246232759073433
0.000004970637557146167470915540
0.000000891666323691995734732421
0.000000818443804805808538785806
0.000004144254017173021543063091
0.000009194260458268314339393655
0.000013911348730945240128459295
0.000016582281634050846235188190
0.000016364867024456158190945376
0.000013474062915044608703643743
0.000009010888559683792007086109
0.000004528599383671468558683424
0.000001495957703034133881450987
0.000000827907923781722885077481
0.000002617210751699713846256000
0.000006133916354719350856367251
0.000010082331999978421885073160
0.000013034561579628361403749778
0.000013909982845847720887562209
0.000012352694728450216488969959
0.000008881492649800901332634954
0.000004749086313867004068261634
0.000001537048937693360654366606
0.000000605711693595576859505778
0.000002581774739486205754194700
0.000007072355071420935996424038
0.000012730896443148535129331889
0.000017681886033075843020143103
0.000020176518215249606607100685
0.000019251647196341026621732237
0.000015143332295289006235580395
0.000009280524466375870807992830
0.000003833035951413251334128195
0.000000957458833216735191197749
0.000002008812093755859030648307
0.000007011973656671621842777827
0.000014599773057570098440199023
0.000022453813445791885621731845
0.000028094698063538545227801196
0.000029734928919634887707016541
0.000026883779970827582504917797
0.000020488728568372350916960978
0.000012574254457376590323543393
0.000005525444578759776054275969
0.000001287599606801196198391213
0.000000768254317724875976639476
0.000003634611456431247290745513
0.000008540866348107068505902430
0.000013662910619174924758598665
0.000017322964551471762455810838
0.000018483516554232756875716936
0.000016968033609626977439984938
0.000013383401505919098834016673
0.000008824405524546237021988465
0.000004495782071707249729611202
0.000001382062872285107337438177
0.000000046212012919045148326058
0.000000575694067629569544605446
0.000002647008562649713824747443
0.000005659822032298436692834484
0.000008895677044989864265100293
0.000011670275991090860097680257
0.000013459907634693459978843418
0.000013987268141284509313576265
0.000013253703080855115334097533
0.000011510641926451677992003161
0.000009175865454528215611274336
0.000006716609870653301908160343
0.000004533202075377185542295541
0.000002876794140864123163706806
0.000001821583943465721947799381
0.000001291357470991860253547632
0.000001121612612006077244630894
0.000001129718307226158836118900
0.000001168878955500353733655680
0.000001153537303613042585773022
0.000001057470992600060007935445
0.000000895113662708963104890861
0.000000698903925700798362176109
0.000000501930131389938546414352
0.000000329229100785449054500658
0.000000196202687946647492216575
0.000000110494402926737065841000
0.000000074157971326590833019220
0.000000084725596783834301062490
0.000000135424827344488184956641
0.000000215511569700333857933306
0.000000311471534755808903481257
0.000000409161939804100326371661
0.000000496351190086517847521209
0.000000564877730433835754428166
0.000000611815579070918877912773
0.000000639435064974472550111489
0.000000654162356777040231721845
0.000000665004725191779138087603
0.000000681954326976251963747066
0.000000714739336814096898102490
0.000000772044588416057862178448
0.000000861080016957659933823726
0.000000987223163824307801939538
0.000001153452375319430505516021
0.000001359424329314435901213862
0.000001600294016886377681965856
