0.000005779144706662298063167254
0.000007987730903430706683458935
0.000010251223821888005740925187
0.000012448220422186820165308049
0.000014471273215338188678977249
0.000016229549040562353025025227
0.000017650434812837836808397524
0.000018680276744772928603551682
0.000019284453042148867198644913
0.000019446973503011777596348117
0.000019169776383503692613339067
0.000018471857180721700246624206
0.000017388319557460151209551599
0.000015969389424037100583871757
0.000014279383123020008512023445
0.000012395573703608600332607727
0.000010406859480440931281204978
0.000008412110560191156361474485
0.000006518055801615098785448729
0.000004836578343127297504233306
0.000003481315075474848122396437
0.000002563505441713390037213613
0.000002187106773648265755765350
0.000002443283445657784982936239
0.000003404478966997619216377840
0.000005118384489401150511328834
0.000007602212630468571111718671
0.000010837759401979628570656874
0.000014767777028944670836296295
0.000019294176022587854749590006
0.000024278518860745120432845928
0.000029545157456904877978868390
0.000034887205018705618776719835
0.000040075328126878524356586225
0.000044869110128843402445115995
0.000049030489521784690123973327
0.000052338537004882780675693588
0.000054604623891292267178019376
0.000055686874320674611352904870
0.000055502704811446908455662558
0.000054038255304111612131821168
0.000051353620164823684266040132
0.000047583003957686813929685993
0.000042929255282680589425690215
0.000037652662013936140481158710
0.000032054399232382208223893216
0.000026455569026466411596161532
0.000021173307220507262341180343
0.000016495893187305669480655773
0.000012659117565523365282840335
0.000009826275310671192991839387
0.000008074009277901961120207583
0.000007385809655892286164054553
0.000007654289503400915373751770
0.000008692459255441270602610127
0.000010253205686418831555175614
0.000012055167068414409785878996
0.000013812325952930922239470651
0.000015264049719082686861273968
0.000016202105474146233897187602
0.000016491420919136922404284185
0.000016082054276238610333307419
0.000015010903412347257061994210
0.000013392992820708061237761077
0.000011403547030155188177127229
0.000009253290620177035235281206
0.000007160320839521464580262628
0.000005322335185870616781986936
0.000003892889117391794077114361
0.000002964718737461221151368489
0.000002562085543396797845158274
0.000002642752201681036579240976
0.000003108791340885937299861382
0.000003824184366170629696094103
0.000004636277013067236971426838
0.000005397754531962096161297731
0.000005985930592758786252644519
0.000006316768156382691521647660
0.000006352043806919501913008270
0.000006099247190423494724800021
0.000005604967511507636274701097
0.000004943465801182740697533938
0.000004202718615368186469275803
0.000003470371724249560231454403
0.000002821769364294222893433522
0.000002311610656596541728665046
0.000001969971403875336034858343
0.000001802584649905289135272154
0.000001794557518019930254907267
0.000001916236876979763336298129
0.000002129784183391254507618359
0.000002395173930693367236042287
0.000002674721825019477801490880
0.000002935765998991852735762595
0.000003151638534695848417848795
0.000003301458790739392717131966
0.000003369474858738258407880439
0.000003344647397210262386305687
0.000003220938798648019031519970
0.000002998413745506457251180366
0.000002684875134825020382572675
0.000002297455069153868603844780
0.000001863435700887500086591741
0.000001419631048301100205384423
0.000001009911769372982150416154
0.000000680847207991759158922406
0.000000475885806911626344580142
0.000000428894916687804269089318
0.000000558140932734065472998163
0.000000861845748142234076229380
0.000001316283158271928597755993
0.000001877003556469491907812914
0.000002483263422209782627058912
0.000003065182481108809616144250
0.000003552660057904405180545342
0.000003884745860537198636664065
0.000004018042953828924829468103
0.000003932844896703503296501048
0.000003636053387996895318973970
0.000003160426255927725440198752
0.000002560279871474033315834973
0.000001904316173769958490510283
0.000001266671127148343908847125
0.000000717520763818845223206767
0.000000314599732255866688707715
0.000000096791099134403903917381
0.000000080576817255211151470973
0.000000259664712015360443181735
0.000000607612891947545454549885
0.000001082837928099448207675090
0.000001635085749019671172649684
0.000002212305219198941314798397
0.000002766904072087489697067764
0.000003260564761451162074646064
0.000003667108200171685215178804
0.000003973255030892417252166762
0.000004177481942663303195802538
0.000004287447349747484916465765
0.000004316626518018517142543950
0.000004280834032456727311882327
0.000004195228625392276258657207
0.000004072219977380615625747132
0.000003920471226318190897789685
0.000003744961531501415592305178
0.000003547882739216365367444566
0.000003330023570291122725405084
0.000003092257676231518050222885
0.000002836794552933439017832363
0.000002567955703669321362365334
0.000002292373913452212665049302
0.000002018649440024468896430010
0.000001756605590260502648569814
0.000001516348880531143506822985
0.000001307349021623499906230906
0.000001137716467709817681048211
0.000001013784751601530603751168
0.000000940020982741317291008420
0.000000919210729066511337543687
0.000000952809065924608634864630
0.000001041326949210428307187552
0.000001184632331777235022879022
0.000001382082423023162486499398
0.000001632456007829441994210276
0.000001933709610734805035901600
0.000002282626382705997889052338
0.000002674453243962094201805878
0.000003102626224115087634215218
0.000003558667305452662665810580
0.000004032303731395898544712531
0.000004511820542630531244746809
0.000004984617519479247233925214
0.000005437910072608456128891944
0.000005859494840935225483608342
0.000006238496673448130158754887
0.000006566023127315486781043277
0.000006835672049009163393469904
0.000007043862247409286713340382
0.000007189981455022258274845364
0.000007276365186234424878904820
0.000007308131747452951324070438
