0.000007132112049061134449452586
0.000006135422082390691411832740
0.000005332805803454296785231104
0.000004760018233120399512115026
0.000004428954197346770254456200
0.000004329761798248955845377570
0.000004434411029169622094764369
0.000004701147791224215563641708
0.000005079292395287084302890005
0.000005513920225734924582879515
0.000005950076165869579103374822
0.000006336308393386518986645142
0.000006627444555190217565063433
0.000006786655839993703655070850
0.000006786943366936356123602942
0.000006612220238661920588640972
0.000006258141648146599959087570
0.000005732755473461099464328912
0.000005056921742928002640822451
0.000004264310556989204620227316
0.000003400674832590484960269384
0.000002522050137246599907034101
0.000001691594573972757346711675
0.000000974962725162737874211902
0.000000434394443629019674047798
0.000000122042794003285267119376
0.000000073387071168066437841434
0.000000301783258190250064531367
0.000000795211140016696386971929
0.000001516036370654251189154420
0.000002404128522481976471328324
0.000003383044420834198105275427
0.000004368343559627404396690422
0.000005276623939921252652617348
0.000006033710215702414599275426
0.000006580678888879130432006982
0.000006877041574390467586425438
0.000006901273673026131812581040
0.000006649716716983837360007911
0.000006135406010585945355863269
0.000005388343349567559673420937
0.000004458055939454173220151331
0.000003418071882125223026610691
0.000002370523590018172059774339
0.000001447929532122738586856752
0.000000808784408646433597592327
0.000000624252625738176813505859
0.000001055078967250404015987882
0.000002220524356155498314790465
0.000004164098980335419730432287
0.000006823295528637831311349459
0.000010011620900322489160572462
0.000013420417218233425196574973
0.000016645108030598664889841351
0.000019235977778507382687745927
0.000020768247930021451602960320
0.000020921218898886222045630998
0.000019552814760923989683034929
0.000016754955490157646166415190
0.000012877238135727841101011923
0.000008511232446502554064215670
0.000004434445932720856822144371
0.000001520371608385062882912576
0.000000627491986945952386784677
0.000002484315252536112492956662
0.000007588559356649370203759183
0.000016136235633851070501044306
0.000027991094300109306682944679
0.000042697773155698996836067416
0.000059534501638436413415225723
0.000077594864385269283211035707
0.000095884145862859028203867284
0.000113414837772939571945880755
0.000129287989854416705652606634
0.000142751558512200561225358175
0.000153232603032616354274408899
0.000160345732026083626943491200
0.000163884360948382827756486524
0.000163803255398530873054516177
0.000160200248222787611446574219
0.000153302314337231689695892345
0.000143457276510830094044465777
0.000131128494433574102357581426
0.000116887125430047622218210357
0.000101395768239504998134425939
0.000085378782062628098847335834
0.000069577945959248908695295166
0.000054696478454273432924601789
0.000041338558626017869561397600
0.000029954184062448047673552637
0.000020799621871823711710073473
0.000013921596493904604636753994
0.000009169121447486431109095799
0.000006231501947416473331917055
0.000004695810044630648653299788
0.000004113338477178939726560964
0.000004063088746844483959829320
0.000004201559422713044310900704
0.000004291614153891397684208436
0.000004208098989163883967977615
0.000003922907783927743459266840
0.000003476148195548296363594984
0.000002942065246135324200430633
0.000002398115591036207988731360
0.000001903343409095385095158815
0.000001488772486713770922586155
0.000001158932194611483811551821
0.000000900859610946084076311784
0.000000695626957496440837624789
0.000000527810070948866055851100
0.000000390019170993668751161459
0.000000281970162465020222843266
0.000000205759940732510656586436
0.000000160322587445111905904172
0.000000138116087181377086067565
0.000000125980728954664114534651
0.000000110269360927073698057908
0.000000084455165766377345577511
0.000000056157590678154496746668
0.000000050356104741339181292986
0.000000106581527353237633023003
0.000000269784278151865256647991
0.000000576774011843942428950959
0.000001041890774179053576266080
0.000001646304980270532665877041
0.000002334759940050889763410273
0.000003021776650844329450908317
0.000003606820146355833829810615
0.000003995393778713078906592027
0.000004121212920844528158491500
0.000003964042955561680826111377
0.000003558643818686541413545124
0.000002992319635273614825588147
0.000002391273381114093412599204
0.000001898596062433346108431651
0.000001648603242487960315166120
0.000001742920921510582194318925
0.000002233106177468614749728661
0.000003112899210571930808653419
0.000004320933996799230295525213
0.000005752482745632336315864952
0.000007277112306804804674805615
0.000008758330600543102811492147
0.000010071476099650899778490537
0.000011117077393137592334531119
0.000011828329947312367332549338
0.000012172788725441562743072831
0.000012149499515822055145880878
0.000011783372768169471831128763
0.000011118605064192301355350222
0.000010212500468689966414922478
0.000009130364124774131102599273
0.000007941482598662188215239699
0.000006715765895276024943815526
0.000005520499600332168363327895
0.000004416823587653201225490529
0.000003455906945417153048889358
0.000002675173949244344941383444
0.000002095208732197331768701666
0.000001718034317291232561099269
0.000001527305735983287854627731
0.000001490627916307765833236598
0.000001563804324717890468428067
0.000001696452347852409718045007
0.000001838176909113378771661170
0.000001944423948593829406167105
0.000001981240378344833379196249
0.000001928405428324064885481836
0.000001780703543110416030333522
0.000001547410182909757943010929
0.000001250300946512929016292610
0.000000920637049496901773146587
0.000000595618691540336397744675
0.000000314747307821831448495581
0.000000116427847482438642655089
0.000000035008146151723795736695
0.000000098326557439908200975406
0.000000325745554470842779387591
0.000000726601648096718143373665
0.000001299003612811900718878666
