0.000005827281604871273191343338
0.000005370110462254685539562789
0.000005014229624695136315875449
0.000004735997834500961154152038
0.000004511438632395805867583184
0.000004318401418675694148599682
0.000004138110622277297432247863
0.000003956079828837115253744195
0.000003762429274517708511371304
0.000003551694537434513716551033
0.000003322248998526601023703652
0.000003075481586968906950259502
0.000002814874751020337613352865
0.000002545117099260274881887588
0.000002271363541888429312130869
0.000001998726826963516208830610
0.000001732052510453031549450672
0.000001475998964755179194684198
0.000001235418416739456962580280
0.000001016015695109014585308170
0.000000825247154701076154596925
0.000000673409054104874963246900
0.000000574846272585200364471690
0.000000549182117377884163157773
0.000000622423955261375664324650
0.000000827738847081099300722522
0.000001205627576560112419615592
0.000001803172501013746748218841
0.000002672019483353963684472629
0.000003864803844066956901447292
0.000005429866572127461268166236
0.000007404338014437376079351309
0.000009805978977126754330740678
0.000012624526004270425317914904
0.000015813628276425950174325849
0.000019284713684352132212788608
0.000022904206821594457133472664
0.000026495384792540749578811099
0.000029845774259402383515871193
0.000032720386000225630291227824
0.000034880319173967689824495536
0.000036105452970117700754130313
0.000036219206096999072503131445
0.000035112810189447844018331008
0.000032766310795728235190794192
0.000029263632218882346011342224
0.000024799516806360514674552331
0.000019676916551290236711635809
0.000014294372736143554384821708
0.000009123941374876136530501503
0.000004681180323887205232133782
0.000001489498803400801686195047
0.000000041705373039944980269832
0.000000761838943214611125013104
0.000003970329292640412683214161
0.000009855238539778146547934434
0.000018451831989039342124233126
0.000029632073691129983956764338
0.000043104898320801168071746134
0.000058427333205521552600414381
0.000075025784983821428280464927
0.000092226112711699126129466508
0.000109290527120677462107056765
0.000125458921882729121290850349
0.000139991985359103239539013686
0.000152213374820866728133472723
0.000161548356574404218576404557
0.000167556603317606207315462741
0.000169957256898401354739541746
0.000168644863370907447872037999
0.000163695320409608998258460533
0.000155361506714685583627894028
0.000144058767835224813469094385
0.000130340911005938006866217149
0.000114867826651081865853634700
0.000098366324828092497126186267
0.000081586260735215591606908636
0.000065254510987203270355565266
0.000050029805485361297106867290
0.000036461738879470589826288507
0.000024957378645736548981870495
0.000015758650165536755414661882
0.000008933036501554881983564599
0.000004379061774140115940209643
0.000001846590557417868645647676
0.000000970316267303162072199469
0.000001313148896001121784118753
0.000002414810544401969514080207
0.000003840067448018204810636540
0.000005220875027260531666046563
0.000006287388191153095464672358
0.000006884254627045864441175962
0.000006970679791732230426014750
0.000006605119793259092758803703
0.000005917737841588424947268827
0.000005075559955323806141233231
0.000004246262287618737661003612
0.000003566525165876126608500160
0.000003119882790448107552020839
0.000002927152697712913266157777
0.000002950174118056068567247366
0.000003107147416932841113752523
0.000003295795879228839336046609
0.000003419248617395641341807494
0.000003409212169481838397127596
0.000003241713627857805310282643
0.000002942315391516084266198628
0.000002579903053868519232261387
0.000002250502639013604440446645
0.000002054630053357388455261738
0.000002073011709005367129261214
0.000002345875800249699116509098
0.000002860324015627958819268407
0.000003548685594572831918081489
0.000004298544497573410345882174
0.000004972753665015357564180287
0.000005435682807871139820394234
0.000005580605791410833769333744
0.000005352796668122673245265343
0.000004763646752902626035875659
0.000003892798432380724845953794
0.000002877583172234343663811870
0.000001891495072369006019805289
0.000001115539327703269846089255
0.000000707648385587913794720553
0.000000775695046589340504184504
0.000001358899045131185764990274
0.000002420788483950464580135922
0.000003854686859056802449735070
0.000005500400327508200195160241
0.000007168833345782920198410726
0.000008670027423226568663583436
0.000009839796775203893595376954
0.000010560727620633516467426281
0.000010774630389926657592276384
0.000010485268281538532363452755
0.000009751958165170583695815706
0.000008676106389416732609471891
0.000007383657378845130830088798
0.000006006692194059333678645904
0.000004667058638476716765967033
0.000003464103552450063939333307
0.000002467539131131181530566391
0.000001715445356407788673704833
0.000001216584360469347883589443
0.000000955697435974719062276930
0.000000900301123410246358160804
0.000001007647296779255844138487
0.000001230863501544142428370098
0.000001523724525815493084624462
0.000001843915484649278798670504
0.000002154953725725869406737445
0.000002427106217934036804905872
0.000002637674746407138500755652
0.000002770956073059231770504968
0.000002818065376527381284555828
0.000002776685819066972716055892
0.000002650711087657049779502507
0.000002449700595786741314137131
0.000002188070847708925581871471
0.000001883989721219816449707032
0.000001558003779846664062854085
0.000001231491364006992676597470
0.000000925079100459876461573375
0.000000657176638607443529979343
0.000000442771967448384330572536
0.000000292592749675045680980874
0.000000212687569458587240838312
0.000000204426362893080460619098
0.000000264871989574164013817996
0.000000387442097299326425826368
0.000000562765071430980173807434
0.000000779634723297516703502028
0.000001025981066006941575739471
0.000001289793046743633830967255
0.000001559947533787205355999958
0.000001826912810210130366320191
0.000002083302362792143007488898
0.000002324256599319457344268117
0.000002547629226408619600434836
