0.000002402751094055016844699057
0.000002500399736917753122503790
0.000002644195502446255512200022
0.000002816113279051392472094716
0.000003008530075924617791917424
0.000003221964022116012132381999
0.000003462712861846550844058690
0.000003740673040209087185067926
0.000004067523734813771163053991
0.000004455368897696680238903165
0.000004915842445531243956927635
0.000005459602290846798153917899
0.000006096078943119130440415378
0.000006833316084238334506642011
0.000007677752100398547516614360
0.000008633844410344178478934965
0.000009703526751599106069654833
0.000010885601522362168235014135
0.000012175287567866537182751513
0.000013564244609073480967993512
0.000015041446284251228562704218
0.000016595233260900320532236357
0.000018216702523227718403357744
0.000019904248479167747400142563
0.000021668572516822198981362516
0.000023536888086237307392972751
0.000025554511789206367896242975
0.000027781756808490381827894330
0.000030284267137825400149301475
0.000033115835448436448606134019
0.000036294384214369665366418244
0.000039773996817094152422551040
0.000043418256055232264253255364
0.000046982069626946866005515885
0.000050109938635598029747948712
0.000052357659718164585224958046
0.000053241455947889707782470087
0.000052313693180721778448923065
0.000049258381893287834824186888
0.000043993769077377632736088747
0.000036764891200751944591498116
0.000028207272737161579801486860
0.000019364828877639430368233497
0.000011650536616452926660957891
0.000006746806503561299844166747
0.000006452230726031834568540407
0.000012490617976939525859579258
0.000026305113356748338040904528
0.000048863392458576009481224789
0.000080498872849916084195633081
0.000120807983441060246671515388
0.000168615942633099774854849029
0.000222014848187459292979187286
0.000278469825494313740366775223
0.000334982768168276654092985201
0.000388299403626930696598745785
0.000435143837607849647691748984
0.000472464588826561750038723897
0.000497676379361425692653131403
0.000508881737804047439531485164
0.000505055503605699265302908518
0.000486174066527144820189232366
0.000453270823600564513270599898
0.000408401452412634504134797409
0.000354508572870639395747949241
0.000295185797304611981239919061
0.000234355371265744603231917509
0.000175889460335375378153416337
0.000123219339530266790323775883
0.000078985512867838750424021033
0.000044781872497818016429400878
0.000021036695652413189882093403
0.000007053188796508604416657818
0.000001205575278502307316118259
0.000001258604863044956557210810
0.000004755007243851868146749737
0.000009402412763114258598823314
0.000013392127593755500557714741
0.000015597211910543803346220967
0.000015623440457077829518831025
0.000013717979584543163525003732
0.000010569682753026320921516633
0.000007054999555118106440148185
0.000003990139948978887804030731
0.000001942359428149161681270967
0.000001133761544625086490533034
0.000001445458061130950004811416
0.000002505146732080689694942624
0.000003823353922647683776462908
0.000004936607368453863896903648
0.000005520283698034875156002328
0.000005447296446155035351197049
0.000004786475029142947593119566
0.000003751135890541652931134617
0.000002619623863889348316165862
0.000001653251848683194478669984
0.000001033301617642075495722451
0.000000829834356033377318917509
0.000001004344348466433517358160
0.000001439046294828647370832178
0.000001980067902872280598546321
0.000002480786581886707077229540
0.000002834350844277645445633317
0.000002989491905425285600073418
0.000002949230025452451579609688
0.000002756504216276716174986207
0.000002473239203057862836308226
0.000002159732368368295369199638
0.000001859842624034672445775766
0.000001594931480136961227933308
0.000001366579751957106674122933
0.000001165494950468338068036108
0.000000982352130273662689388756
0.000000816012355447404105297977
0.000000675774738522657025140876
0.000000576756394933573595035833
0.000000530424340496490189822453
0.000000534680293461936112804482
0.000000568702140520475790018895
0.000000596403092099655874510343
0.000000579102244850059585978049
0.000000493887995183626595308078
0.000000350827886911509975289615
0.000000201196700147689692310740
0.000000131058342279470928601624
0.000000239421571114157585329269
0.000000606162823123291832256058
0.000001259683394694405542121938
0.000002155796555619706315648672
0.000003176696719000949596981541
0.000004152712050706601182683327
0.000004901968501095302021782797
0.000005276830657789761407799357
0.000005203350680916120178653994
0.000004701938457633907483173077
0.000003883341478783550850602691
0.000002921666169673695604450071
0.000002012906125189296526649743
0.000001331065731993223785772527
0.000000993535514107447367639406
0.000001043438844259731132681083
0.000001450922329161421771458380
0.000002129896969582676555753347
0.000002963244858420546508500585
0.000003828736231310289454560919
0.000004619555074527448342166201
0.000005256357750980954391837804
0.000005690904730060512897716046
0.000005903495364021826358668851
0.000005897250629935236825550360
0.000005691869956427800288502154
0.000005318368998828399243136017
0.000004815116656168357254271927
0.000004224703626732874712904932
0.000003590971543708140520487389
0.000002955810097049142975961624
0.000002355820163962520744928807
0.000001819353597194424151890562
0.000001364582330043447802868676
0.000000999079269322463079291952
0.000000721005539759861861415680
0.000000521561829700884119385908
0.000000388043040159528797751877
0.000000306739895848990012318429
0.000000265072880624435013530648
0.000000252654201066448379751645
0.000000261335250749275879689307
0.000000284589567370085794385153
0.000000316720170514462905175075
0.000000352339989957927192517159
0.000000386389236730247368728866
0.000000414700315997497926734302
0.000000434888782138801198640836
0.000000447211645121504206735764
0.000000455029348049800808614430
0.000000464628502628343351548996
0.000000484365141021937139318592
0.000000523307749041645836574847
0.000000589729490467847402284534
0.000000689870502096082749509504
