0.000047102631063574379813047727
0.000031339018577907976200944140
0.000018581152125270351685784598
0.000009391362236002675148026538
0.000004211826681416485008329145
0.000003337826920259411326782906
0.000006895383678512606084388178
0.000014824283692505080896502367
0.000026867584160622481317861471
0.000042568802492084248335554864
0.000061278097083700513222209727
0.000082168733727997484545500784
0.000104264920791467938145785643
0.000126481604161348104011994287
0.000147675989149121848027432224
0.000166709399992479424899155527
0.000182516666417221616776356274
0.000194178690469620697945513088
0.000200992424832459429554984420
0.000202531473102728369270475461
0.000198690202456789787206770104
0.000189704886747800200320207553
0.000176147095080060475886032934
0.000158887241406485457727651434
0.000139029630888388283909556931
0.000117823996278516553637069619
0.000096561807379967813007651256
0.000076467953614303663893020380
0.000058599281338240226705508379
0.000043760717110434477672333692
0.000032447458873607741038080921
0.000024818409264532374590818756
0.000020702293854235648718365576
0.000019634407186959018350516648
0.000020919153771211429254824055
0.000023711702799465796977478743
0.000027111047596640406448509353
0.000030256240714577722406876392
0.000032417240840258853434331654
0.000033071541050407888401568152
0.000031957773278262446262250329
0.000029098342550134794403868255
0.000024785486326375330318368129
0.000019529394792108379887629263
0.000013972999152707545446674975
0.000008784788972977115569049783
0.000004546917455620141553776416
0.000001658977346116572807599313
0.000000276624552963864724365156
0.000000298158481506404801649845
0.000001402141426693324226281697
0.000003127453566941731688847914
0.000004976969411075815435399009
0.000006520330779877928488474405
0.000007471973571088157225117323
0.000007727674305123499948547150
0.000007354456247924603223256514
0.000006541328733925327054980932
0.000005528258571599692374983794
0.000004535097324830495507869740
0.000003709855572679233211980110
0.000003107827856793684649769263
0.000002702467579756633552206385
0.000002419145158545572616071899
0.000002177037163044032475224662
0.000001923919127149738849839660
0.000001653171878570033224368618
0.000001399818029870072237709510
0.000001220035762768662167200746
0.000001163758638564083995646861
0.000001251198847258001292729853
0.000001461484189637992240346615
0.000001736466105501861505590148
0.000001997215903836861670430335
0.000002166729149372586616176251
0.000002191053443185126956477054
0.000002052494859872233370001390
0.000001771839760166276741995377
0.000001400262358030682071578354
0.000001004474937435806825291066
0.000000649955720459502367480182
0.000000386704389350810528365476
0.000000240447947295368147476097
0.000000210319276126181559275445
0.000000272421018440899323917123
0.000000387698787751763291647880
0.000000512152111250697160052927
0.000000607371220301171031674366
0.000000649473455700826740246031
0.000000634664834989649954903710
0.000000580000785772576575032738
0.000000518663490817829177894672
0.000000490287195606014189689227
0.000000528354837608128746739009
0.000000647993267388770877801627
0.000000838027898584391580698240
0.000001060484688702338745396872
0.000001258805372405826747292347
0.000001373330599957085587523248
0.000001359966340826605456351467
0.000001206353621133353272719705
0.000000940019037442119034442473
0.000000625032624414544087002954
0.000000347104039301053950595800
0.000000190745404367822510319311
0.000000214890373212261020674128
0.000000434223285712527435286999
0.000000812093624935536539750024
0.000001267664298200013314954970
0.000001695864291919493963461995
0.000001995038598722981583173490
0.000002094996586059609476582720
0.000001978034132004476666657610
0.000001687375311814078121430325
0.000001320711189210467091323126
0.000001010162722283261755437862
0.000000893126280974470546084238
0.000001080403498697438084284912
0.000001628488380091794382402534
0.000002521961636142347609946439
0.000003669944032054067661831245
0.000004917908368650284801383565
0.000006073274073016205664094294
0.000006940522024557836559875788
0.000007359477816359492224115163
0.000007239321645107830616888180
0.000006581134536273169289752848
0.000005483550863819433706801594
0.000004129217783402823482592076
0.000002753744453877932491208790
0.000001602803967366041287535795
0.000000886026615536690401783021
0.000000737430202762430129778475
0.000001190936502815497446288763
0.000002176202146947072588271119
0.000003535338830713704762204056
0.000005056309327720691880470039
0.000006515116844516839389911574
0.000007717290965960991853565473
0.000008529954703073491304571828
0.000008898597714214977584881727
0.000008846698568525414782255482
0.000008460398356030879321262352
0.000007863488134012991493467133
0.000007189375843093481813466782
0.000006556312875447736139588630
0.000006050350540427896762997115
0.000005717949266398842102471049
0.000005567646606222656731398444
0.000005578326616454713977356905
0.000005710754801030735721008823
0.000005919155621800292678847538
0.000006160458778213410695081924
0.000006400035983812295603870811
0.000006613903194621784701831297
0.000006788192449936215883523130
0.000006917078574550297624461918
0.000007000306749046418617471454
0.000007041140189646843706170257
0.000007045106425994959218977141
0.000007019521266227122719186769
0.000006973510508301701088474875
0.000006918161511286665521893238
0.000006866492914148872552990675
0.000006833070517881643928133611
0.000006833253485812487564596360
0.000006882175266694250863417498
0.000006993621752380462181300502
0.000007178965473579770134539193
0.000007446268606852088898541420
0.000007799606770058274630898904
0.000008238615018207110822436208
0.000008758232339051679125039619
0.000009348624131254825759965513
0.000009995285707652492952963487
0.000010679359512565768315682860
0.000011378219172547852705221216
0.000012066373109615898798121364
0.000012716714343935871226365548
0.000013302094046830143832119489
