0.000135114423522688281752504591
0.000139464540331775773860864542
0.000144278275345585514513949144
0.000149441470561793138781270240
0.000154826533051906323982388480
0.000160293759035462079088479870
0.000165692774082755358688173741
0.000170864201134470199573006655
0.000175641684153854860019755568
0.000179854405159533408146629863
0.000183330231745448211369206581
0.000185899616045239021895618681
0.000187400329702505261900841171
0.000187683059157446775625302515
0.000186617800025058603111127731
0.000184100880312035075679968910
0.000180062315578704944122115372
0.000174473065357390067506640485
0.000167351634129726990632761052
0.000158769360497697242795567263
0.000148853685288174764122029470
0.000137788702935039375453360466
0.000125812396375794133393175023
0.000113210142234053916373767712
0.000100304347928798002998959649
0.000087440430298156958735522615
0.000074969737431611468622683070
0.000063230410491648962232301423
0.000052527530694837461016852287
0.000043114146106761977732431401
0.000035174876336722114052862898
0.000028813716650826962486012239
0.000024047393048831527712257128
0.000020805168651525665445391547
0.000018935408562808765203745384
0.000018218538598420153513902583
0.000018385363112988693486734432
0.000019139124641093098428768285
0.000020179272090385945740906304
0.000021224713794192032645553880
0.000022034395835235743384052792
0.000022423358194818687066669077
0.000022272939943344867316744537
0.000021534459820851660044301393
0.000020226402983609273689364141
0.000018425808241822564260276041
0.000016255093723916722383854988
0.000013865925994805411170787343
0.000011421900699738288275687792
0.000009081764181601664867897125
0.000006984693066904844913989157
0.000005238807638590846666869390
0.000003913677602735721984745284
0.000003037137038830014783855277
0.000002596302797347405384828685
0.000002542320816313161116158700
0.000002798070840555632481284508
0.000003267856443124842652817822
0.000003848002381467670925813129
0.000004437278362817734845581757
0.000004946164874874799983897958
0.000005304163224189102195864180
0.000005464609552488865996055199
0.000005406752901062432879167232
0.000005135164075988554151306741
0.000004676815764399524965786413
0.000004076379539024464057823428
0.000003390397843574026693426503
0.000002681001698419124453090035
0.000002009769999472388924034597
0.000001432193039360769200511020
0.000000993050125849230248516533
0.000000722877395831812557877171
0.000000635614751063449267041256
0.000000727489157739411770616617
0.000000977202669022726723663339
0.000001347516604856665301524245
0.000001788318503209876537726861
0.000002241189578603000555936638
0.000002645337945127128428024401
0.000002944533378844986609939975
0.000003094408767738542539044990
0.000003069241975458523595028269
0.000002867172250343806623614461
0.000002512805175391284891444482
0.000002056363661064643560320939
0.000001568955157955988909286842
0.000001134106038952917739983414
0.000000836377245625837162948347
0.000000748502818975653170418183
0.000000918955659171441791840734
0.000001362028376615069228622941
0.000002052347473742596719247736
0.000002925202809678421603169652
0.000003883227721386511737994458
0.000004808930740438114179928324
0.000005581528554770954857720822
0.000006095652555669546387951893
0.000006278973570172614292194974
0.000006105736628489920610305015
0.000005603667281966617509355102
0.000004852657759328634292533312
0.000003974929181731005235083971
0.000003117788168697451474452136
0.000002431408751689778111667196
0.000002045036312549531592867337
0.000002045442595635150587792938
0.000002461260194723317293780162
0.000003256000673405010542886193
0.000004331233042494881894512049
0.000005539781600055545931809899
0.000006707163397690962065769010
0.000007658104124580538305216808
0.000008244084650386731091169581
0.000008367633170008604144530714
0.000007999533240669001556209620
0.000007186191065579224847444627
0.000006045916988158363188391939
0.000004754575556728894749074395
0.000003522668167961924918704913
0.000002567176295419163832269233
0.000002082220381776664281162342
0.000002212682913882201083798779
0.000003034413910966219344336704
0.000004543592436621043801595228
0.000006656443830974827650438265
0.000009219034582483591052314530
0.000012025511402860362663029721
0.000014842108741147840285747907
0.000017433647219418691473417915
0.000019589134424419903590056796
0.000021143431680497568769154862
0.000021992673249044369481993225
0.000022102081579491957469317878
0.000021505859618283020863720861
0.000020299811910033508012161582
0.000018628131297657345768212581
0.000016666309561043603828514245
0.000014602356561088617879946849
0.000012618455058737233548307038
0.000010874883906867569805204492
0.000009497580106112774777022204
0.000008570159325231299564818582
0.000008130651734831325112427998
0.000008172700676473780285850868
0.000008650563612667602945787391
0.000009486975864428384033039642
0.000010582796311779975453404648
0.000011827342322269733651454032
0.000013108417980607682757146493
0.000014321216708715509309123200
0.000015375504880755276750732216
0.000016200736167933515189049434
0.000016748980167476662511824234
0.000016995752509293195761999606
0.000016938993321546191156683897
0.000016596550075750088229335766
0.000016002579272004120058319268
0.000015203294150812377379848941
0.000014252461112950131982097732
0.000013206996062640485064924867
0.000012122943958893889974514496
0.000011052049954582322409315370
0.000010039056291066261795996185
0.000009119791073093497647643335
0.000008320056474480858537757025
0.000007655276254436840983365331
0.000007130825743651460958834852
0.000006742940871303115806130717
0.000006480085143303819716290980
0.000006324643517155374396665132
0.000006254808817122592699616276
0.000006246528951477486790093245
0.000006275391257859227713477787
0.000006318333515012112416592976
0.000006355089258332560527410635
0.000006369297645775744091804250
0.000006349234598682542173909722
0.000006288151257381163869615570
0.000006184236432732280346112694
