0.000007318720781934987802501685
0.000005442319286911766006544292
0.000003778014544133782824528395
0.000002406061346429932641178325
0.000001373203254235818405616502
0.000000691993948067397530532572
0.000000343114667708365761155791
0.000000280324407731802595098521
0.000000437483853528263556887973
0.000000736937474367175417501485
0.000001098442563564379602098885
0.000001447815809895315937195224
0.000001724533376560504903908717
0.000001887662219709012322596629
0.000001919697623325452899513324
0.000001828103367080821927762578
0.000001644561335651373341638351
0.000001422106092967536491777697
0.000001230429531502714669475001
0.000001149692798739162989077756
0.000001263198749478670650442987
0.000001649293517892670996258524
0.000002372917526436658634288309
0.000003477337478814600417779089
0.000004976756301408582567257985
0.000006850676102734575168169955
0.000009041006040500729686883695
0.000011452873054555623064630632
0.000013959831656777840736775170
0.000016413646628705475969886574
0.000018658077336191524397621122
0.000020545242786055569828365663
0.000021952378208480273421047621
0.000022796322084687666053356286
0.000023043086100807601501955571
0.000022710461731770874375382560
0.000021862773988139857215574902
0.000020598420900462315676375177
0.000019032422027128135388765809
0.000017277458939034579681916226
0.000015427468813655566596231006
0.000013547518011339136428331648
0.000011672411102748191907949211
0.000009814499354714258623553873
0.000007978873838172766057665920
0.000006182121192022805801133661
0.000004469634673947867394428867
0.000002926500670312939236041320
0.000001678330115521004421705385
0.000000880841831828385003543913
0.000000699982665323075708174489
0.000001287141475344371118339892
0.000002755817909214922753518206
0.000005166365025815203849122483
0.000008523913647176448702986323
0.000012791523673173060748008666
0.000017916630903194517398634850
0.000023864892892454818613696271
0.000030652586635796374590814256
0.000038367613063332399990241345
0.000047170381668579984503139602
0.000057269340294192276185486490
0.000068871113250766564711433104
0.000082111123495538584178207731
0.000096975978919644061646346267
0.000113232594163272025453853553
0.000130380062153179286221077460
0.000147638220908590802552678989
0.000163981807682917428816218863
0.000178221776628660009402990716
0.000189126988949114919471780616
0.000195571561074940863510923661
0.000196687187729473373937888470
0.000191996983907143390973501496
0.000181508533199672278390934821
0.000165748923086220104668869757
0.000145732893340062738237253304
0.000122865488186377631559323409
0.000098791041006456676784597271
0.000075209091231183555097995763
0.000053683348773905936062757205
0.000035471058805091872047007828
0.000021396828613214582444227232
0.000011787739329664292012409162
0.000006476681971439609358744040
0.000004870102406852026854545967
0.000006066608629715684747611866
0.000009005836690210612338288766
0.000012623685335604816040765488
0.000015990868373665337618750107
0.000018416279397674170339354108
0.000019503850038634532677774697
0.000019159945767845333624472895
0.000017556330275506863426411910
0.000015060005020653214672624216
0.000012144909663079284374933610
0.000009301238130666120287404555
0.000006956235380296181594866455
0.000005416489108036294962877834
0.000004836869811173793461513484
0.000005216388807737012148430314
0.000006417167040304040807375836
0.000008199978274653898439438410
0.000010268646594943954338690663
0.000012315819485046339639864807
0.000014063949273721712356598201
0.000015297223618700196148215836
0.000015882216356211471721803646
0.000015776806677987028704537864
0.000015028216187015469275595550
0.000013761789342529287790751515
0.000012162486626057890040522938
0.000010451151939114378488539236
0.000008857651339860688497005597
0.000007593098887996920586082768
0.000006823621342360094779179967
0.000006648379553910800551482299
0.000007084676623143647173654319
0.000008062722151516464255552666
0.000009431817716485796636739086
0.000010978340467353165234125345
0.000012454070094916944557231209
0.000013611450079875549054554337
0.000014240736136244630405541488
0.000014203109319609098047253355
0.000013454040538045268558895590
0.000012052574546586450262046150
0.000010154554983989772410247349
0.000007990678425664375777461544
0.000005833032293297279799047968
0.000003955828693833329750921806
0.000002596946119271403518560977
0.000001926464317494877884179945
0.000002026772236002367769157947
0.000002886459586366546686028549
0.000004407631458780232041748566
0.000006424070354891613844768548
0.000008726226413068405936192956
0.000011088530984872466342836851
0.000013294942860183760845031210
0.000015159698346002422963225628
0.000016541595076160483602026319
0.000017351450464064491078022834
0.000017553386394215471550967617
0.000017161184988642843245827338
0.000016231152240350962270235696
0.000014852827197872468280304137
0.000013138631373843887982944684
0.000011213296097932484588280411
0.000009203712324156436706866849
0.000007229734301244007552362039
0.000005396404778297560009953353
0.000003788004692751452120248789
0.000002464222870947961800902832
0.000001458576748627237675652308
0.000000779010369664582792242858
0.000000410389721182871029708295
0.000000318451596714244507278291
0.000000454672740072343251863281
0.000000761521176021430446478595
0.000001177618648930108084398093
0.000001642453526983643399394380
0.000002100404633465299350666110
0.000002503941975204446414646339
0.000002815946967488902568765418
0.000003011142904417940086806305
0.000003076656003706407136951990
0.000003011751216619556925277977
0.000002826814812703086610660855
0.000002541690465525468095586703
0.000002183513145023052500224908
0.000001784217068867204484335261
0.000001377911180916147527539153
0.000000998312025545815257039791
0.000000676398604973402017855977
0.000000438411500487762024771108
0.000000304268021501384138322488
0.000000286417002047253397613042
0.000000389120833412488670902232
0.000000608135110917504223364532
