0.000007924656460693039545161928
0.000008727213650642356990161375
0.000009469849606966897537555471
0.000010160837733659193818109429
0.000010823384796424546369164946
0.000011491447828801996269387602
0.000012205951428307172361843562
0.000013011635846944860888784595
0.000013954547237171502265863123
0.000015079993813207225698282653
0.000016430674079089852164786006
0.000018044659768595261683772971
0.000019952989972174170994756448
0.000022176784701448804101777540
0.000024723977505296975657085590
0.000027585949136130520962075299
0.000030734471313730821564504103
0.000034119410715023795516078614
0.000037667594620683004548455930
0.000041283128918760152365786953
0.000044849340649134487391327952
0.000048232455290628598043589648
0.000051287161833030624408843318
0.000053864368832608441645289077
0.000055821645635704837922885097
0.000057036935213885148502829803
0.000057425931772957313924034967
0.000056962862785624277395940540
0.000055703223063402999707185992
0.000053805381932185521371737880
0.000051546262519657532906371816
0.000049325031634334365988284882
0.000047648604795008428340087614
0.000047094339250230263954101473
0.000048248802503418165637475573
0.000051626668279952992227609110
0.000057579681969971507427084184
0.000066210809438063753917108611
0.000077311492179909884186334024
0.000090339005684887758377936418
0.000104445652062846446950575285
0.000118562426721463835994907488
0.000131528570835303944101812856
0.000142247609784724960910184954
0.000149842872340405280570663216
0.000153783331182939634902001602
0.000153954906028939411070238785
0.000150662506950232364440894761
0.000144561901534705043725903550
0.000136534785395718598821276912
0.000127531865668182735383887061
0.000118414693585527927371069123
0.000109826164935893625827431630
0.000102112476899721984179014722
0.000095307793497730440980368616
0.000089179737152269043321331510
0.000083322036091949361357768267
0.000077272581131764252952535965
0.000070632080548765815422238012
0.000063160530213665343223818083
0.000054834865502911524703585910
0.000045859784347941721233121726
0.000036632957504583939201906612
0.000027673978868961843680281121
0.000019532200470108824423131483
0.000012691338899077216911142653
0.000007488269523049381632133666
0.000004060046922669225320475569
0.000002327584410376139747902557
0.000002017554671526992943902685
0.000002717083351328605645542101
0.000003949898609271526161035998
0.000005258855632932782909181625
0.000006278936121194979558788902
0.000006787169797379420386790501
0.000006721036786089644816325882
0.000006163754233745347981703912
0.000005301942902686346555216242
0.000004366896151734364622939641
0.000003573691465384227314592896
0.000003071984172432792069756596
0.000002918645111678584933711947
0.000003076431317267122308377033
0.000003436188920239839774501897
0.000003854429173648208635071920
0.000004194929871512783474700372
0.000004363024969007362232600779
0.000004324282091622979797430459
0.000004104324942238725100820962
0.000003772107309002426748373304
0.000003413394069023335954089033
0.000003103356825331523812568774
0.000002886580454458131384778887
0.000002769765231276344834000737
0.000002728042704559187729560421
0.000002721485464655855820450235
0.000002715375963671836913949963
0.000002696936910811391728803313
0.000002682663382758112382610056
0.000002713599857996987805913106
0.000002839854558847455853873212
0.000003099157673263056241334205
0.000003496348033814704190291520
0.000003990753761831238597204696
0.000004496511563174009128238812
0.000004897458271628700090117702
0.000005074193733918230810010178
0.000004937257897659552569329285
0.000004458003515867549430016017
0.000003688331115439881800120671
0.000002762247818260455882552907
0.000001876020794458567287303760
0.000001248852015486092640388581
0.000001071421560611867896948874
0.000001453990329586479194630801
0.000002387686320957460162485528
0.000003731156564784377857585526
0.000005229725960499360890032256
0.000006566342109351202195220102
0.000007434686101559919723410878
0.000007617349550060643603971011
0.000007048392988094155877005793
0.000005841590145655311528923633
0.000004273403657838879892924295
0.000002721589453542771176665534
0.000001573102869086680219082438
0.000001124809496085222469485094
0.000001504059954922274382492541
0.000002631870879703911994350720
0.000004240099523772184384980740
0.000005938789061234602528196406
0.000007315403143828713688069220
0.000008038506308826786955681193
0.000007937518197187907131005813
0.000007037761436803352368735045
0.000005543636704252741829806409
0.000003777953869285454686151489
0.000002097377456970352885295581
0.000000809017220807705420717692
0.000000110262658348954164654228
0.000000064599974979242357212381
0.000000613960664877092981703071
0.000001617369790730379002955753
0.000002899639771585059744882056
0.000004293963724228775982456711
0.000005667608030641908109970202
0.000006927890470997138762702071
0.000008013082453928163637383274
0.000008877248742079400334152595
0.000009478262576787520557355764
0.000009774896946669740414263133
0.000009733797818994454169858922
0.000009342476468272518976281200
0.000008621921838785320037776630
0.000007632702319316893914977543
0.000006471045641253268180907721
0.000005255111443256571353483710
0.000004105038373086562371295193
0.000003122227340192976987492176
0.000002373264237504405130372177
0.000001882160719163393371546663
0.000001631978170376074170025860
0.000001574332302657677436951355
0.000001643510469547547069536970
0.000001771341589022103826055036
0.000001899486198910904839561226
0.000001987090830483968772606244
0.000002013270904636220182690534
0.000001975190781002572512999775
0.000001883308958779152917528037
0.000001755571369516505635997405
0.000001612064653457996420268458
0.000001471085155148858020351661
0.000001346957784038989079471432
0.000001249425506025755348992628
0.000001184119947426368285679082
0.000001153531452143854999899879
0.000001157979089647190373889383
0.000001196264843136127020489443
0.000001265907685590267460365530
