0.000000277789875253611429595203
0.000000111767459726030407883599
0.000000035117919990863364808836
0.000000022030626716694528701151
0.000000052123198457500454417063
0.000000110921279820433476346007
0.000000189439210497547603783043
0.000000283056140546535060759065
0.000000389957015258105607173757
0.000000509493629779146036098340
0.000000640883686977787711877954
0.000000782663079244496212989691
0.000000933204931277299752382325
0.000001092409555230188985340653
0.000001264377694755126374677717
0.000001460563523371648800085838
0.000001702642649071548269895638
0.000002024202284049953192964291
0.000002470420059196720984117171
0.000003095156096204891773432128
0.000003955301493979569327935110
0.000005102725461337705476654904
0.000006574643196443230432968793
0.000008383595552640508990907900
0.000010508430200268148094330453
0.000012887687515786584442449569
0.000015416647897609680252810002
0.000017949036656365714519599519
0.000020304049148485720774131788
0.000022278966556786535181027345
0.000023667160875674346449991717
0.000024280692771621035689439891
0.000023975954217620321101299072
0.000022679919052697963171086326
0.000020413652603160262037369083
0.000017309018756248270077581497
0.000013614311461859411698117200
0.000009685127778311341780262400
0.000005958369855825756340240475
0.000002909750877194583873594416
0.000000998215898557093460580041
0.000000603636642179431402146974
0.000001966255667637213500308904
0.000005137030501856687964576734
0.000009947024959931324820266475
0.000016001574000006771130409644
0.000022701805653892650886140070
0.000029293112582746648600356618
0.000034938015941821996368336911
0.000038809742445020760088884859
0.000040202304484843499345590734
0.000038652027906696764694531587
0.000034063344042947067463657923
0.000026827731677833462894727443
0.000017919311820546606243368531
0.000008945142327556866601741790
0.000002124933954813704642243001
0.000000176201146387843579353116
0.000006088785417362074378828159
0.000022788011599554910355811335
0.000052707373144669468966946879
0.000097316423308797236685005472
0.000156672479446265492135023645
0.000229079806155660191521392099
0.000310941356118154892899246855
0.000396871936839415264102609582
0.000480107134545741697558701722
0.000553193025982122053504919101
0.000608885566116524083388195088
0.000641136780762794743909749329
0.000646009878489689211115976075
0.000622357707791039568498425716
0.000572124443555099902562754988
0.000500187819863291325238330298
0.000413739738721704240764776017
0.000321291252255220913681271755
0.000231464847497719075847602554
0.000151784629331183651152620273
0.000087680803763275392626388993
0.000041885251327222281360167233
0.000014316987103354695691536172
0.000002456483327467307106755810
0.000002108604077677807504874550
0.000008378149065933601289096061
0.000016647258007315322917958958
0.000023357747490965582093033759
0.000026459316959138855256854564
0.000025470971090289925512634150
0.000021195596908970083316944150
0.000015203190890559120694927597
0.000009238926108366288402384998
0.000004710295928927064938946181
0.000002366954576564469881703448
0.000002221689637318599416695563
0.000003690916426231852158859094
0.000005877603754388408778942896
0.000007892273779791023402877502
0.000009113082168470358821713191
0.000009318666948205982521300124
0.000008674833538409991732977961
0.000007602675884931467143465836
0.000006587821870146756695946124
0.000006000313994500626657211100
0.000005981878457226392797093772
0.000006428500129804498648580617
0.000007061974698661789185565908
0.000007555658112246717002333934
0.000007665296962253927666518065
0.000007318795117696009611791500
0.000006636599811143509793152744
0.000005880172634676823884111903
0.000005350826403580256359444542
0.000005277000856657703480273418
0.000005730104517856278065982695
0.000006597353380424446949912252
0.000007619127505503732785535880
0.000008475727303891021543460690
0.000008891904291718953038271139
0.000008722708995322450256149939
0.000007992351153049604859865407
0.000006875553027193075062654254
0.000005631543710368839384490178
0.000004516770723670350656787052
0.000003707977733570321175998307
0.000003260996880448482666288836
0.000003115492270315669045275316
0.000003138259941840157941017001
0.000003184443884177682425334769
0.000003151895449161027059942382
0.000003009652289028748508713674
0.000002793900527513688163328996
0.000002578195969003942336465491
0.000002433701006019404821056852
0.000002396709432836365602747771
0.000002455187383881623112638496
0.000002556725439106475506096956
0.000002631548746581096504557149
0.000002619519191748212072099692
0.000002490568980340780888777050
0.000002252507998050927890836036
0.000001945986809073143825006081
0.000001630916157662823164504464
0.000001370360824311191455746333
0.000001216929372413029759403356
0.000001204209882003605504971933
0.000001343375799771116888410528
0.000001623715253856283363540674
0.000002015678708222366351075902
0.000002475576020254471889766625
0.000002951574144189640992085250
0.000003390705501623494537893943
0.000003746207929171051194346164
0.000003984037387215307817573632
0.000004087235507981189165833957
0.000004057196391002798621324733
0.000003911654437660689893202504
0.000003680084196836153639340343
0.000003397815262787670323739496
0.000003100316698597223870039136
0.000002818806004086889682063496
0.000002577764946444865744388641
0.000002394335046618424644901098
0.000002279109301423121422308822
0.000002237622854491715832599055
0.000002271864816537147282787725
0.000002381317742512428840107692
0.000002563295308984145145229016
0.000002812618039916475966473203
0.000003120886058445279380327113
0.000003475738813058910826219502
0.000003860512833634979940088724
0.000004254617653195385381314445
0.000004634768948361598880133355
0.000004976992031013834114712337
0.000005259097458089834686238012
0.000005463190627260153084301508
0.000005577745754608315911999075
0.000005598857408565691334346223
0.000005530453972288110775523164
0.000005383469385505826486555160
