0.000474284344958698000829094843
0.000427220082427084816862478123
0.000380883237388321719760209128
0.000336027717081958184237866494
0.000293338056625338996098034672
0.000253420464762224280450692016
0.000216795407709261710648904198
0.000183891908481820769019968176
0.000155043681442996051766253229
0.000130487120748186337815949232
0.000110361022939911074996002793
0.000094707765041754894751006855
0.000083475510000018449704821399
0.000076520912905978682224533705
0.000073611801682720435884010879
0.000074429447715994257947502710
0.000078570349392796163699378975
0.000085547915447906173070508062
0.000094795001534314440069621532
0.000105668820634293678670592720
0.000117460174205862290740774723
0.000129409076830375104234793771
0.000140728529286009076005453666
0.000150637347449871541711988177
0.000158401588176437340934124554
0.000163382363266418304589139288
0.000165085961588093746692934571
0.000163210570766022015042062687
0.000157682908125197137477746523
0.000148678096216451352757151327
0.000136617372422744969831173711
0.000122140703791459240149311349
0.000106054817823313977877448810
0.000089261030295132733460364283
0.000072670844624711378721172716
0.000057119862014410609945581909
0.000043291452222372805622684078
0.000031660557148474408474102954
0.000022465004460524637527538139
0.000015707296694250612930244398
0.000011184858831178979440249162
0.000008542184634639607375135133
0.000007335154650917781494221057
0.000007096633801587406400936814
0.000007393450300640642513638062
0.000007867656566669086002502320
0.000008258813062904275193658148
0.000008407957268084683183817681
0.000008247030416186165339498607
0.000007779246841982737759426184
0.000007056056548436365552512406
0.000006155256397126076064497957
0.000005163029984808954453684004
0.000004160898808597145694045290
0.000003217262723566176385386287
0.000002382621770954661875147832
0.000001687614441011755889133442
0.000001143366901386194542855276
0.000000743955643314311715375584
0.000000470788876311452315414437
0.000000298375415464844157357045
0.000000200458206680950657953155
0.000000155146492077873604927631
0.000000147755082560160300081577
0.000000170646981226305938265990
0.000000220335111099775186872696
0.000000293092190024405814375674
0.000000380941852521138096045487
0.000000469860119497016389329181
0.000000541247162878720007689565
0.000000576466595905765850727323
0.000000562945692548867488108708
0.000000499496502481318699432364
0.000000398528383534623234422896
0.000000283755684108480047325566
0.000000183589690131853230168870
0.000000122097090743848393134603
0.000000110573551074332812771907
0.000000142926025011903463369492
0.000000197021408138981720694054
0.000000242202934775476808711896
0.000000250920849621108649083129
0.000000210658700855778196055169
0.000000131749297525635337591959
0.000000047601404235834870691660
0.000000006136478254519096704661
0.000000054214814709160811775549
0.000000219557283586496153730093
0.000000496179510668422507114767
0.000000839002462656089029066587
0.000001170998256779934084485773
0.000001402520364536633791453703
0.000001458413104015541338602394
0.000001305368994588140502084240
0.000000970899510639330530381466
0.000000546761166642182106779316
0.000000173534114096010430785416
0.000000008331383728553379911525
0.000000182855742974199006337446
0.000000762646790352505379532576
0.000001719166983673097453833847
0.000002923904434832609525315387
0.000004168394136954181437458231
0.000005207290464331285835043218
0.000005815175241040833028008383
0.000005843469274880379119572246
0.000005262922957332255654465999
0.000004180081332761369594208482
0.000002822201178324490795668597
0.000001492814351337904939928864
0.000000507487703005889928741738
0.000000124406972959751977041739
0.000000485891483123908424633284
0.000001584460649096575004070916
0.000003261290117462876456794728
0.000005237316210450303002334714
0.000007169785396155340246844914
0.000008721508909069829689050465
0.000009627711684934349111440223
0.000009746546984927628932060192
0.000009083578400301894553584350
0.000007786609230325314796677082
0.000006113631401024457320760204
0.000004381915362380997070249067
0.000002909335122842167130937773
0.000001959504176686077997520318
0.000001700407142113397514904391
0.000002182655370903502911052955
0.000003339227357497003535421499
0.000005004521808217661655562771
0.000006947483622770075835936923
0.000008911865112086102418717352
0.000010656421595829845626974761
0.000011988802766987876282267673
0.000012788710753484650644250763
0.000013018115192273576371639193
0.000012718535611205275867975975
0.000011997295903993506499692588
0.000011006006378427382551266588
0.000009915228485910160033302979
0.000008889320882540561078268872
0.000008064935056267462265447259
0.000007535673799135097568780307
0.000007344237943878141100159922
0.000007482169951081228835890712
0.000007896241599742558753532301
0.000008499764147685136985821246
0.000009186694050201060928492573
0.000009846366781025231378174541
0.000010376956781203247834354832
0.000010696235565071728784193594
0.000010748771749340190682616217
0.000010509285303704977960299535
0.000009982358223025431415457651
0.000009199071315557373054380697
0.000008211367458602869101027752
0.000007085042832209331781407897
0.000005892259314563753692429744
0.000004704378429551073502500394
0.000003585765213436939781476483
0.000002589022550790837357665656
0.000001751914261210055562124183
0.000001096037887219795174158156
0.000000627132868741684183067466
0.000000336770465092407175212161
0.000000205077677387522785959001
0.000000204102121448887121119622
0.000000301425909792581807560127
0.000000463676474131088831823633
0.000000659649627324502164480867
0.000000862842266221382996214050
0.000001053276842217525682384913
0.000001218577316817468481454289
0.000001354320380711613259138663
0.000001463733457231091749221907
0.000001556842815560136168392177
0.000001649193622499993565669839
0.000001760272693283493722181269
0.000001911767701163754018230459
0.000002125796218373133771831381
