0.000002149135665755775295775133
0.000001712460441571418254307286
0.000001350003416816021266621531
0.000001048460846473021795244285
0.000000796846707390366950107569
0.000000587316833933851541860562
0.000000415694863829613499978371
0.000000281550553818855467316519
0.000000187721420755116590066484
0.000000139296659779327949782587
0.000000142253591762212784948554
0.000000202089353225664228790869
0.000000322863375849865300758001
0.000000507018400131345497524216
0.000000756171381428846965419934
0.000001072790774764980139342860
0.000001462366691590389745187498
0.000001935418016176506265853827
0.000002508547557309385803712195
0.000003203811650973921284948475
0.000004045932282549035412949363
0.000005057315369585849498812458
0.000006251368180410022566066263
0.000007625118945762511407930780
0.000009152511268712836502354536
0.000010779874441127349545682668
0.000012424905101307004564670580
0.000013980047009955849299234210
0.000015320500967774946116930698
0.000016316361835750761629390895
0.000016847706621900572894695927
0.000016820966468803209462696754
0.000016184670559370345520929652
0.000014942647460894589280986332
0.000013162950704921781824841519
0.000010981064192532439307550471
0.000008596289164567918062841850
0.000006260622613078058754055785
0.000004259962549649321341717345
0.000002888185594535652817943733
0.000002415558192698339454992712
0.000003053993402234235418895181
0.000004922679556811132576741013
0.000008018355133907553394345506
0.000012194772547839450471023406
0.000017155562938033980989677510
0.000022463802249852254878850072
0.000027570230882116050194529169
0.000031860507118729390998220635
0.000034720273693974594867925343
0.000035615287965036483859831290
0.000034182371406760509086920907
0.000030325302415091726017555562
0.000024307768470506883775987539
0.000016832931995171485561532676
0.000009096119762489180522128246
0.000002794143970374606785925893
0.000000072925522708154444803756
0.000003396091834011579999876799
0.000015322954651081032687205685
0.000038196185616815359650626227
0.000073757733264615536099631510
0.000122734092725229561229166597
0.000184454533525351413794646227
0.000256581917511908492220834566
0.000335038321105687354750646278
0.000414191371864785226955540942
0.000487330390029359298426081537
0.000547407931359471288182416693
0.000587961752073102054613751299
0.000604078401267078889461115132
0.000593227505268621854370159063
0.000555797208127360741793110410
0.000495201080423529073869237660
0.000417500615593370777260673332
0.000330581303242067888262245567
0.000243013617073353609121522112
0.000162800728341313529975997731
0.000096244107439409659230863947
0.000047137440233222515641956646
0.000016431691293795538656675667
0.000002414793710525032946305479
0.000001341680459448346349272453
0.000008359779610410539432219582
0.000018522770808467492638371699
0.000027682421977579740543246728
0.000033093015720400292573478290
0.000033641625746946350020323557
0.000029708871322992216310087191
0.000022745588403260712435406676
0.000014702483316069045349186277
0.000007462824618465169406540585
0.000002404025678756000152143119
0.000000163443377968432337276497
0.000000623175073554686004140691
0.000003074731934818836893795859
0.000006489623405653025737908901
0.000009811521084913562125657052
0.000012197823031285094061730231
0.000013165585895656109995306184
0.000012628943458339354647193553
0.000010843083623075929714657528
0.000008287580373351710019864946
0.000005527474616326306153908047
0.000003085744744687353312468953
0.000001349730286050450270190549
0.000000521218530150568119326427
0.000000608919614503504235172025
0.000001454916196316303833520377
0.000002783635274946602271447203
0.000004261968196945195867710726
0.000005560857022377597695824390
0.000006410628163456556547037009
0.000006643853836066376754147279
0.000006220569485633527652239383
0.000005231857901835901565449662
0.000003879898098343783981894507
0.000002436040789756723245101976
0.000001183089400772828661044067
0.000000352680402157224807758914
0.000000071813448955933120934867
0.000000332508392485524203320655
0.000000994330348910658808804660
0.000001821552655186928681898401
0.000002546973913068518244470165
0.000002945886164938957017730157
0.000002899477369509571956043316
0.000002428963155321027839222059
0.000001689849963933339019282200
0.000000927587451557066174447942
0.000000407628975430763997310794
0.000000340619467590343120751969
0.000000824473732824777906432476
0.000001819258664002844836889757
0.000003160240741645247804149799
0.000004602940195417508278453479
0.000005885371807961897730660829
0.000006789362353583504772376600
0.000007185325385410659064077538
0.000007051547074511532973712779
0.000006467138471270632735731464
0.000005584603289518149785749645
0.000004591708211464840506889525
0.000003672675881173422448173474
0.000002976485577794761157131983
0.000002596664874052338918135633
0.000002563680233260307084251859
0.000002848639274083210911996111
0.000003375650004903644860768065
0.000004039601661032413652948833
0.000004726017497189092048050403
0.000005329798976241055285033282
0.000005770126075202034155950132
0.000005999562457458979826928347
0.000006006524723747759846785663
0.000005811545653279729749371343
0.000005458903796246497762086926
0.000005005910381894296613846437
0.000004512264517006603376924213
0.000004031427321901929534562689
0.000003605121619032312799482676
0.000003261125390183942931255972
0.000003013765893710721309353522
0.000002866104112647378873311634
0.000002812755443972353412712554
0.000002842535089838981066264183
0.000002940496991409885003824001
0.000003089304716128061604340930
0.000003270127451821112030615982
0.000003463353185494835442738860
0.000003649370437899078004187264
0.000003809542169970502066068171
0.000003927344726736858847597391
0.000003989525622219396427123664
0.000003987079369906577172198107
0.000003915857689207331008467497
0.000003776704694852124532459918
0.000003575110934877609926050516
0.000003320480512274160685381964
0.000003025176394749819806068939
