0.000000805423979357958879260774
0.000000514762225161949744394363
0.000000535663334864935403097390
0.000000860578509705145755357596
0.000001459099047803598970396302
0.000002282071930172258720647023
0.000003266912398750432107793909
0.000004343473105889589744603354
0.000005439850492922288206179993
0.000006487602141922908017309789
0.000007425994957782616039674347
0.000008205078232266698734227554
0.000008787550301061462798297291
0.000009149536074794521579660843
0.000009280493626250127856382524
0.000009182508292866878689950962
0.000008869210834485875729737286
0.000008364483029398464921690126
0.000007701012066977611526114034
0.000006918654265806574355684219
0.000006062500661291399390564940
0.000005180527512352156967656222
0.000004320775926716187016990260
0.000003528129871060859089066785
0.000002840923861171837819608078
0.000002287767405774726576063796
0.000001885072639955073398133141
0.000001635770494228035650154237
0.000001529575131137842153652984
0.000001544912840865703684359593
0.000001652311274419540361430405
0.000001818718241414659944702728
0.000002011971536900779354388458
0.000002204551301819271745378610
0.000002375863953707559642183943
0.000002512633455255264608636280
0.000002607456359778790683191449
0.000002656104104909358404616780
0.000002654588826938821969286071
0.000002597205640201104693935708
0.000002476620256986103402418965
0.000002286555960203883548011476
0.000002026818865772832383565080
0.000001709461356635785793552356
0.000001364078927592241514117166
0.000001039852033045266658427492
0.000000802218593273177890563819
0.000000723095492525525143238984
0.000000865254485531026195782860
0.000001263464909830302913896810
0.000001906818243629023716469747
0.000002727646167935470613777468
0.000003602122252064883181242247
0.000004365756168855166172084337
0.000004843716544649812947415622
0.000004891873228112267857055438
0.000004440610860239734358572393
0.000003530950774885683588253217
0.000002332278819824872898827835
0.000001133491090615550599335955
0.000000304430589452045442706998
0.000000231162932507830617827224
0.000001235438116796175658378435
0.000003493907351085514966822351
0.000006974839494879008464252573
0.000011408385735129113587810537
0.000016300956603206752794192613
0.000020996022101289074385938038
0.000024774357319541770103277223
0.000026978460805578070483929862
0.000027140392469304116916531747
0.000025090781423364229703017528
0.000021029492423360189893785654
0.000015544723132942207328077364
0.000009575724405804641466794999
0.000004323151821604943305257882
0.000001118635090892889186683120
0.000001270328872404429490928623
0.000005903485582760297513654334
0.000015814626394801484585280957
0.000031355312631742922498123693
0.000052357661950590065594226402
0.000078109357516774845491686063
0.000107381447931803432143359200
0.000138507913778023280431186959
0.000169511759946309613269338490
0.000198268229017636540053443062
0.000222691717927485973837348210
0.000240929472014756568785942559
0.000251542722527364271453004241
0.000253655325266826314149076760
0.000247051737474020087492743158
0.000232210590806084015216836924
0.000210266943519486467287227249
0.000182904763575629438366459967
0.000152190124577205774473315225
0.000120363602518176179357115019
0.000089616126606267777678777042
0.000061875074763023950622994884
0.000038626243839551237929923894
0.000020792591713764205506613167
0.000008683028000874745802638646
0.000002015135566617641218372173
0.000000005890702414737976107689
0.000001515604770523630352469392
0.000005223665357965217834505193
0.000009811123795536396311020751
0.000014125237464694779875940336
0.000017304706911214158592329793
0.000018851011875530252365771103
0.000018639944660450970340950447
0.000016876816836466449622692135
0.000014007373399531358685991302
0.000010602769848380000412987022
0.000007239978601050289951286155
0.000004398186087497135195883719
0.000002387317703102081814650138
0.000001317683840962749014052947
0.000001111324258636084648038732
0.000001547648223162549994196230
0.000002330026999211709035748040
0.000003157231832668957277295615
0.000003784437433592403703526115
0.000004062522735097456705159486
0.000003950481218947586735845863
0.000003502360166600995971679421
0.000002835704184727100862116944
0.000002091763419567147426231680
0.000001398169173416640362813952
0.000000842564980417643049320612
0.000000461655862279152192024692
0.000000245538364767268233440211
0.000000153262816295296657658097
0.000000133302915255044845072388
0.000000142363051709331663317913
0.000000157532001229759633493559
0.000000179501441973909534693301
0.000000227487135865051949417412
0.000000328761520856911570155298
0.000000506778516157478518419589
0.000000771624787707985154338252
0.000001115253963624249425307241
0.000001512199880042607123554728
0.000001924823993735442582416828
0.000002311091587651089944015518
0.000002632590723375534935409101
0.000002860927763891407330084857
0.000002981472216908904224430240
0.000002994327982285081575752591
0.000002913082870835242690145438
0.000002762183992135691240892448
0.000002573719460145351165078920
0.000002384097094072346368384512
0.000002230785214950667252138596
0.000002149073492581540079484140
0.000002168792844248281212390103
0.000002311077120129290898180915
0.000002585461706021414964414484
0.000002987780428299489834248481
0.000003499354281159419617099320
0.000004087832645022629970857440
0.000004709781235310114860153144
0.000005314787279174401162212382
0.000005850562411686774800644723
0.000006268342923454376148270466
0.000006527854276291462711791745
0.000006601218450151858834547714
0.000006475399322356074602628166
0.000006153043812136852893051979
0.000005651824272230771367101117
0.000005002573227334234695401396
0.000004246599499543132042486508
0.000003432582723216691436812342
0.000002613378050849983202659054
0.000001842953150999676821178820
0.000001173557963721867474887446
0.000000653123753016005239857295
0.000000322823741202154411402607
0.000000214714768552765792991295
0.000000349418892888331963267714
