0.000005712559090476177983556130
0.000006560503807715401547733143
0.000007317766991872347225544203
0.000007955535981919353757376920
0.000008451345206983181381019815
0.000008789610548167990587676256
0.000008961804530534602753421257
0.000008966316174410759773480591
0.000008808045675338503987888104
0.000008497786209403012804117390
0.000008051443866073873336145460
0.000007489142767798122542514342
0.000006834256622958823854932162
0.000006112401093026862552862535
0.000005350414315135257602726662
0.000004575346646647682963065466
0.000003813476137752007009366212
0.000003089364244816980549442108
0.000002424967464214475731021283
0.000001838825022294791821397841
0.000001345349962676497085177366
0.000000954259576208883638888739
0.000000670188951237387337166109
0.000000492535684264242306555723
0.000000415581488997422976201942
0.000000428925032625382895546084
0.000000518238497934687372007757
0.000000666328772228058278108865
0.000000854445908393743276065216
0.000001063742176258883523858175
0.000001276752085137864287442541
0.000001478745295081620950708922
0.000001658807290377188726514311
0.000001810530929254164446935769
0.000001932254630829580754392862
0.000002026853516676788182480397
0.000002101166494655455801353556
0.000002165209670415712935655781
0.000002231368569182090218769917
0.000002313765466019093461976126
0.000002427957354679974731246316
0.000002591037755074876973047579
0.000002822104834202042356099344
0.000003142940999475823910203022
0.000003578651834284504512292968
0.000004157960873729062950651843
0.000004912870285624863511090166
0.000005877482844439866828563628
0.000007085929116906353575735308
0.000008569531620534188740370175
0.000010353529136964036020188140
0.000012453838333701777087310879
0.000014874408400252457561840046
0.000017605701063246831323877081
0.000020624694806649915756677216
0.000023896581619092188908870175
0.000027378031044757430230614237
0.000031021589276535248660190275
0.000034780517248751394480347360
0.000038613204887610733974379063
0.000042486269472145951739319031
0.000046375573867815594950991115
0.000050264678861808766033390100
0.000054140640521950339199373087
0.000057987523934054635143132278
0.000061778459947634914201271272
0.000065467448397883888514328654
0.000068982342910914871188937658
0.000072220488807279385051751674
0.000075048301643907555516857522
0.000077305674342811699279766346
0.000078815521593054118005584885
0.000079398075655637544720613641
0.000078888824047215752653487708
0.000077158324954472085380717539
0.000074131648448186394429783308
0.000069804954820921585379768504
0.000064256793465933801940553893
0.000057652107529687651342117927
0.000050237638509692439012753462
0.000042328373781278096988148207
0.000034285761879902748149994557
0.000026489500160094818530980357
0.000019305630589300393641204873
0.000013054323923307716226937733
0.000007980981828773319112341721
0.000004234079975612084359784526
0.000001852512550761132419650020
0.000000764144859728108471731917
0.000000795960236537686083382350
0.000001694769762109866378656134
0.000003156129625013179775021776
0.000004858066920932115271268038
0.000006495601820743301423109577
0.000007811965615745044476348966
0.000008622869180645256639936719
0.000008831114874980688383043943
0.000008430135519886647584909302
0.000007496503481739040859906358
0.000006172873538155944855105803
0.000004644005366969117616280077
0.000003109294005563857326668135
0.000001755521194939829406335917
0.000000733305637059483043009394
0.000000140032273897243317178511
0.000000011002579528674374043336
0.000000319336887034782967662445
0.000000983959554642352571829649
0.000001883978658434258719395009
0.000002877065279899480268639700
0.000003819118086377973372131343
0.000004582577701993487771640369
0.000005071183235094956734834853
0.000005229644416271518158733506
0.000005047514146154830658001778
0.000004557359800894871306191272
0.000003828034636717098399970489
0.000002954361049589420250695120
0.000002044812440520063950469927
0.000001208817268674049903622991
0.000000545139171722637033682302
0.000000132466387708319910939488
0.000000022939114166351544512298
0.000000238921068191424821441080
0.000000772936935364136483313225
0.000001590389437057307031375469
0.000002634458365907093927956503
0.000003832471714401424831421099
0.000005103015183720414029073555
0.000006363092106582059931960214
0.000007534739613861711666781967
0.000008550628734962035639517904
0.000009358310270144304794616083
0.000009922904027178794042355139
0.000010228160147762470393245984
0.000010275944359822145241813163
0.000010084311547210423964200318
0.000009684430715278585441452286
0.000009116704291681829226581639
0.000008426479282345009796679342
0.000007659770259760036441743641
0.000006859399022642330466872918
0.000006061900859979498925136400
0.000005295455358704365925355539
0.000004578978846241160696674440
0.000003922379201610871864776709
0.000003327838740626390242802451
0.000002791874974619627009940395
0.000002307848022967132565059752
0.000001868548254547796011964091
0.000001468512396280132928345170
0.000001105777250907362573969432
0.000000782876616400628412225943
0.000000507003156998147000482586
0.000000289374700061199142046397
0.000000143946457649221241037273
0.000000085683481145557302964305
0.000000128643509330586678477445
0.000000284118125314211060884837
0.000000559044817502358629991970
0.000000954843809543415620745403
0.000001466763493438786682525614
0.000002083749137032301496086362
0.000002788791375889068689176205
0.000003559670499990914848981866
0.000004369992289867998669491631
0.000005190409872025720704679600
0.000005989939499348650887714570
0.000006737300348953143149617270
0.000007402233018657860168308237
0.000007956772824902851027045053
0.000008376468274776081314979270
0.000008641540179622734740524405
0.000008737972713919688508396773
0.000008658515833145892455534678
0.000008403561505099428020014972
0.000007981837433927406331079721
0.000007410844754103434348861245
0.000006716953730429694621425259
0.000005935066602037429448401537
