0.000180761749827339094146005927
0.000175870218282799613187389332
0.000171855437082871876459597149
0.000168788594045434029713645407
0.000166731288129685299020943390
0.000165730286443124103477886333
0.000165811259986253258218863449
0.000166971994243050029420663560
0.000169175643347172307727130369
0.000172344644327575210194028466
0.000176355928033478949988610562
0.000181038052189115046411785337
0.000186170835429774907511871196
0.000191487984671990705241861885
0.000196683077773857192729195509
0.000201419086611433781428687206
0.000205341402647916173316092192
0.000208094062223868449604258224
0.000209338572223586840337014592
0.000208774425376738800982576172
0.000206160092526574311366446834
0.000201333017993435807327720632
0.000194226960164934681941917294
0.000184884951073222686662028691
0.000173466231523779554476658027
0.000160245778963503178893984513
0.000145605494888778787135677484
0.000130016746804748870068937916
0.000114014730270791262898254226
0.000098165965972045929311372292
0.000083031087392826562133991974
0.000069125802364091400230121376
0.000056883418078981682838596995
0.000046622507066718124287864333
0.000038523092340264236427705563
0.000032614118410635866448891995
0.000028773980385185828463840210
0.000026744592883049749887456464
0.000026158032677884584409934432
0.000026573358836688161483492385
0.000027519989779131097222542035
0.000028543171515497877343235655
0.000029246736146822974145801505
0.000029328589949163198411473397
0.000028605172676526494221146968
0.000027022401021514267619068328
0.000024652188737369253176360401
0.000021675318758001657946455146
0.000018353010208606965230270988
0.000014990776007933130886369891
0.000011898953259202704177193918
0.000009354525321273498279068224
0.000007568534396793317805683839
0.000006662572343636329801151025
0.000006656658891210359148922146
0.000007469430438067395543254127
0.000008930140813047146683585631
0.000010800678525880130456020625
0.000012804765232172693792921103
0.000014660810142745581309683608
0.000016114604496113313581101903
0.000016968157175133138963229670
0.000017101469109429840570728992
0.000016484862590723319924991205
0.000015180540797925460829104552
0.000013333253097620997442243097
0.000011151169898305379017135718
0.000008879205765645285046406242
0.000006767949386363945738680561
0.000005041951907431865991296958
0.000003871302274916410967751847
0.000003350127987968930622694058
0.000003484901403568625907883121
0.000004194264262350238779979324
0.000005320626556324986761463327
0.000006652223529694770869959142
0.000007952834784484608175812032
0.000008995198374840383001658367
0.000009593482065516736030197191
0.000009630137728144541920684805
0.000009073112206012186285188602
0.000007980666334817250153399124
0.000006492807752665313961214569
0.000004810330437033671788444114
0.000003164377844022693949321487
0.000001781000440011652084174986
0.000000846095832959559111265645
0.000000476221652355986582527632
0.000000700002235880285266261174
0.000001453295176580939023698352
0.000002589162772321984091951786
0.000003901331435741825551493777
0.000005157599583602449897271579
0.000006137944966913939217137159
0.000006671188098534770432169842
0.000006664165265818524538075397
0.000006118466577780165776103468
0.000005131745130862200289739803
0.000003883096873300690047930116
0.000002604640131526948097675633
0.000001543748532522665291427384
0.000000922012775255693296493358
0.000000897639201241719165034138
0.000001537514546550548262510800
0.000002803643236309437933756776
0.000004556342431812784201489684
0.000006573846154941679546628019
0.000008585281922667606014005527
0.000010311794142318306751761846
0.000011509265930492373414739324
0.000012005853970446251900673282
0.000011728431747349186243601152
0.000010713875946102756762565687
0.000009103608052086087720571571
0.000007122493456640393301828370
0.000005045650717782707234473905
0.000003158532650717479660021228
0.000001716527594796790486157754
0.000000910178598430846549081127
0.000000840996225344930918449708
0.000001510975550718772940906568
0.000002826663671468235587773106
0.000004616354622114379410453139
0.000006657086196449017751624894
0.000008706864441188594098703507
0.000010537102820555964416545866
0.000011960642043442171986470865
0.000012851782565913281612202460
0.000013156279910938954556430189
0.000012890934431439137207485793
0.000012133964961582128103882543
0.000011008554512178292912670356
0.000009662647207821300368124455
0.000008248213001781195735976314
0.000006902832086070750049720812
0.000005735712065106366188934391
0.000004819308998950666149451230
0.000004186757043001068542787887
0.000003834475024401006907704206
0.000003728719463760653755445961
0.000003814542479843133739649550
0.000004025584061930595010565543
0.000004293331043310084464421483
0.000004554831808106876258929359
0.000004758279389354137192018942
0.000004866286816286175936343769
0.000004857017376215952501319548
0.000004723564196643212369133413
0.000004472089029447426350829045
0.000004119241292931042264149205
0.000003689311388463375513427312
0.000003211459416584837535992838
0.000002717233221450964282544941
0.000002238473701878711593645606
0.000001805617119825854658007012
0.000001446350744780399489011129
0.000001184558293617632988614695
0.000001039498000266166030148857
0.000001025178395871444463391788
0.000001149924181968337318687150
0.000001416147797044274770543806
0.000001820355256529151937160702
0.000002353414892731540864493018
0.000003001105255990226888606438
0.000003744936649369908382998032
0.000004563213999891309322130654
0.000005432281877146979560933536
0.000006327869839219822389343988
0.000007226441207090596996194358
0.000008106442732703891590386597
0.000008949356907581571853038671
0.000009740472130011925032335059
0.000010469307025950466089677000
0.000011129651851957244926261646
0.000011719219927238635792525120
0.000012238933398931487280718658
0.000012691898529486272766391569
0.000013082154518283884206669015
0.000013413305150131049777416370
0.000013687162765205648944414306
