0.000008719804041158161038980491
0.000008868924489740699092753251
0.000009100365277230501674090787
0.000009354918787156996353641773
0.000009581898955710772689464347
0.000009741274834322790910625875
0.000009804779298595006547319304
0.000009756094272563033855511470
0.000009590252075557465636008493
0.000009312413918921898659929876
0.000008936194553783957078671625
0.000008481700147540024417504995
0.000007973437679080130758408305
0.000007438240555734306455376494
0.000006903337706176249580897458
0.000006394672058821591485895663
0.000005935548511467736325158354
0.000005545660800497233121786767
0.000005240511527970799753864059
0.000005031201984054825687166755
0.000004924532215196912819643853
0.000004923322767393492591678043
0.000005026854524189128789240979
0.000005231328659637774396238673
0.000005530279421499436047092359
0.000005914928568233727075077483
0.000006374546219821402330215927
0.000006896966315404244870037632
0.000007469477313793350950954161
0.000008080347938941327614204707
0.000008721231645755638886845403
0.000009390605592541240807650561
0.000010098234828590504639817156
0.000010870420173027277370393293
0.000011755516351122129506661523
0.000012828938779541987862510902
0.000014196666887384879713143206
0.000015996154625905843597345746
0.000018393621199269417345809052
0.000021576943227585251736068070
0.000025743801071396591920821192
0.000031085311840524937755485257
0.000037766043916405340238450633
0.000045901964075436588413967748
0.000055538419911086556570237183
0.000066630613966765073587564250
0.000079029109139006539623030501
0.000092472677699574008292927874
0.000106590269081321021172464869
0.000120913066118158920724152960
0.000134896604154500967392982247
0.000147951848015327237263749627
0.000159483078705229810653754008
0.000168929556486696575649114616
0.000175807309201577555797177399
0.000179747130035132305237582928
0.000180525009561610953658788992
0.000178081784335815389731100256
0.000172529725006486582637027505
0.000164145031737406086984332187
0.000153346632514173990572900474
0.000140663136716441083788609046
0.000126691110103575600145595081
0.000112048837938537453897368257
0.000097330285413515946419185654
0.000083063952697998738486200032
0.000069680728269921687152363421
0.000057493721519546888115270028
0.000046691537175640981981519784
0.000037344740151862332625757462
0.000029423590823090680040734213
0.000022823752881698070748726567
0.000017395798412203682749331904
0.000012974094321810325980328521
0.000009401087569540034100134575
0.000006544039999159605024592768
0.000004302721466512804812589322
0.000002608202819685408080005971
0.000001414417165355370841796356
0.000000685316258924867046258597
0.000000381042803610923551702961
0.000000446476141825650701421327
0.000000804816592782018882325278
0.000001357697114437471818982088
0.000001991883702814222174891454
0.000002591226157194228233723128
0.000003051417824748239243859904
0.000003294525349640895532318547
0.000003280265470728502607080952
0.000003011623247255105402801940
0.000002533495778519620943364851
0.000001924388603281310656622875
0.000001282523768106783996866124
0.000000708780973668653638959625
0.000000289485154459596984109749
0.000000082069280053253571989547
0.000000106087595751854942041299
0.000000341048714594851539037206
0.000000731280324187636305140149
0.000001196770554450576251449378
0.000001647892246627431571507098
0.000002001291325313916747753468
0.000002194110276547888326232390
0.000002194122817068596920867928
0.000002004180291509790154847338
0.000001660444516717585489043538
0.000001224997987518679699829182
0.000000774375835713555016052620
0.000000386191190051274419493550
0.000000126232538946378564164260
0.000000038187026947565287413831
0.000000137555599034244713810160
0.000000410504450392423560640401
0.000000817505516864235133729069
0.000001300820575715803713103577
0.000001794313041465076248950385
0.000002233810703033329130300262
0.000002566310385378920376747008
0.000002756669603510999058790416
0.000002790980584878709778383051
0.000002676451701671344911081596
0.000002438211074135468889133435
0.000002113897611095137588321487
0.000001747153247301811706550766
0.000001381158047421804167104436
0.000001053181221729632586225933
0.000000790812910134337671629414
0.000000610168732388469184957131
0.000000515997679259197547377899
0.000000503336407784923669566843
0.000000560178075589644022411141
0.000000670572382714893226902941
0.000000817630796921743925525041
0.000000986043926237953850328288
0.000001163885082621014145298701
0.000001343635341307051051629824
0.000001522490811154477898732335
0.000001702086975676858577260315
0.000001887797752741020687242525
0.000002087750687790563478544613
0.000002311663835256369374255431
0.000002569574578007220780329328
0.000002870511252366842804581524
0.000003221161852523490363959602
0.000003624617568531783569449767
0.000004079301726408029079011964
0.000004578221689311580926270637
0.000005108687509652442590532984
0.000005652616343078256087872641
0.000006187483458954721724008894
0.000006687895707597660250416302
0.000007127665941274363684454669
0.000007482176184021053132135095
0.000007730752623759486522308365
0.000007858751838429932782604560
0.000007859082343117447752600148
0.000007732956251563584515571100
0.000007489771084773473628184211
0.000007146143266225863982434724
0.000006724231431990790654477843
0.000006249579599028271904902297
0.000005748763012533961094948590
0.000005247126518316735235901264
0.000004766868594898343923602513
0.000004325653355736558919417568
0.000003935842665656516334716630
0.000003604347678624370748866421
0.000003333018883991552962318006
0.000003119437398646943936369059
0.000002957943419763385204930648
0.000002840740210223328421638902
0.000002758938413496396744461906
0.000002703447165703325460767593
0.000002665665306309278290581568
0.000002637968538296907911771313
0.000002614019445843963302214021
0.000002588942865865696746271183
0.000002559408798299624723760967
0.000002523651637797107003978112
0.000002481433282647008128294621
