0.000106896879223920815687315367
0.000081310101429170962734904737
0.000058359147598018322250154610
0.000038892733990340918237473694
0.000023641203346065388379588362
0.000013183643447037112774681417
0.000007918504678157638657196200
0.000008039110050376784463699829
0.000013515646877858470786652745
0.000024085327088006481106819898
0.000039252334990398989272939595
0.000058298900086788356248498205
0.000080308324500396907987855022
0.000104200086000220696540001508
0.000128776292170859922234238404
0.000152777869186288689506980631
0.000174948028082222547998497708
0.000194099847465910746880518589
0.000209184298188077184539948594
0.000219354726638650509521616394
0.000224023687937912425668929295
0.000222908041367945325157001735
0.000216058364278709827931146403
0.000203869027576277140776858654
0.000187065789293884522301314455
0.000166668646334519973293761264
0.000143929108481440814126459116
0.000120243156691316111688364043
0.000097043934593274392710025855
0.000075681516229716223800177977
0.000057300468705764626771610726
0.000042728728159970967299518402
0.000032392731941898425431902026
0.000026273024943063901241908920
0.000023911155085214590176358185
0.000024472533403727859691858745
0.000026861632065494520050716321
0.000029876669814896174992438840
0.000032382554025647952429360632
0.000033475276331158632461566099
0.000032609898030169052487135806
0.000029668659859970203802577784
0.000024955409343484358507822898
0.000019115960814272967341603121
0.000012998573944483786971005809
0.000007481243958764038169532463
0.000003299893834729804250910801
0.000000911782692411883323547008
0.000000421056826551208927561526
0.000001579808964376448980474529
0.000003861341676127623907040665
0.000006586516421185358463965577
0.000009072951399881981298756010
0.000010773091724812830895577354
0.000011371596249849474886484471
0.000010823728339424673321081220
0.000009331424010583848577347205
0.000007268492522811392058908805
0.000005077269230297240855951432
0.000003163517165708075267165772
0.000001813844664752400863942531
0.000001151659104740133798822207
0.000001136408379266254264458222
0.000001599813148602692702347056
0.000002304798586219418482853990
0.000003009574785600496664808058
0.000003520977887200593262398678
0.000003726594794390593989836342
0.000003602327118562581196800632
0.000003198721146388202631050124
0.000002613904082571107581720211
0.000001962521955845382898498590
0.000001348846418390478523694495
0.000000849133623119846844801801
0.000000504647290421107960777837
0.000000323669253682586294181304
0.000000289054730111297181077722
0.000000367623520517788186126557
0.000000518592284689319502450310
0.000000699736830432486479470057
0.000000871381136444638407753704
0.000000999171437782909950246920
0.000001056725741299816916007252
0.000001028753470547875082996342
0.000000914416203761515543696156
0.000000729919386705560243930172
0.000000508908045912395062959220
0.000000299375206385926579314398
0.000000156496658787428779172437
0.000000131927832770443342664293
0.000000261351313176556334325355
0.000000553085103537705841048250
0.000000980994506991836814907429
0.000001484535153086731803877534
0.000001977423150247229673170425
0.000002364368867351668605862299
0.000002562973763526013890956881
0.000002525910328685189531301106
0.000002257545049703107890393203
0.000001819704071499064155833917
0.000001323428340378819391705127
0.000000906948485628627052076436
0.000000703917321665915904740137
0.000000809108326727174965642604
0.000001250314963464400299885640
0.000001974440789231516279832570
0.000002852742733065045064048872
0.000003705544331984536372446518
0.000004341660337481594014925369
0.000004603653097120054292002485
0.000004408050370088018106071691
0.000003770408720260564076811466
0.000002808472860169122939188015
0.000001721814028710711713682094
0.000000751918488120732470021007
0.000000131336251842923450641252
0.000000033073905463297675488543
0.000000531371433482268514918992
0.000001582452743859607663842975
0.000003029473306792469530052906
0.000004630752894544592422306287
0.000006105602381344401578431528
0.000007188583319261204031887669
0.000007681487394347305392686316
0.000007492888699681953486634277
0.000006657610730155883038022292
0.000005332348326631250386717711
0.000003768260141020897709395474
0.000002265761678970773535256355
0.000001120181692472959440395885
0.000000568723673075596270462052
0.000000748908077512953107329925
0.000001676354743080709321624241
0.000003245823728778640126254977
0.000005254670693801792230657847
0.000007443318125441413383763974
0.000009544013917880933743436399
0.000011327794671769376153632608
0.000012640473165718540057302598
0.000013421354666352600787642552
0.000013702497451615971527116335
0.000013590633201912505630235169
0.000013237321696067236008486669
0.000012804779475634364121886845
0.000012434803853494407456189465
0.000012226525241951114806172700
0.000012225974887158764874660333
0.000012427456394580100703848267
0.000012784215608591678142681378
0.000013224428631085297233208747
0.000013668241561983183486855137
0.000014042334050998724542325471
0.000014289848124762797681964674
0.000014375050294442557902857560
0.000014283369401431952685241171
0.000014018227197411709016375281
0.000013596297296514066934311829
0.000013042595597149104355507061
0.000012386317155965386290405669
0.000011657798595215261238896599
0.000010886559478176283493320621
0.000010100138195967066657705684
0.000009323386241167201681813437
0.000008577963380805818450797369
0.000007881908728593626291833787
0.000007249282098052673015879752
0.000006689936863827393315477983
0.000006209491883236753225849911
0.000005809532059364948764423279
0.000005488012498619895167609184
0.000005239796307756939610646933
0.000005057237406062137490686537
0.000004930730921511960166856922
0.000004849187380739157847517763
0.000004800429327032317694664773
0.000004771545775924869876296816
0.000004749260259060027045802631
0.000004720367398991432000550199
0.000004672272672986818906710679
0.000004593636981409407179859864
