0.000364207943266553100473276183
0.000353902829288969106823203870
0.000343983751299918995378984699
0.000334449628725949675914219661
0.000325262524408031746328551215
0.000316351339699801146349011916
0.000307615903726772468157468765
0.000298931604655553655267713475
0.000290154747277898944057134001
0.000281128824648274751839271968
0.000271691855378503770764714309
0.000261684858065292576690535897
0.000250961409557068229961296346
0.000239398069114544342775655061
0.000226905257419398253496828355
0.000213437976465639245434932625
0.000199005568857436155151899304
0.000183679572807560079292926725
0.000167598663323799429046220832
0.000150969708536350560087319073
0.000134064132214981214389140640
0.000117209065121321348882862945
0.000100773177554909298221305636
0.000085147583113798718489062534
0.000070722741808988047549494604
0.000057862809123419465476972912
0.000046879311143057563198051352
0.000038006313335953817130526827
0.000031379344068804343936482382
0.000027020206498045055103348830
0.000024829462035784078560197996
0.000024587818276094886428377595
0.000025966948550977244437919580
0.000028549468615308403178932456
0.000031856965577349814495566188
0.000035384184062368481313819168
0.000038636791654865279273083079
0.000041169633336542835774611582
0.000042622102300894880173420115
0.000042747255657386688549453924
0.000041431630353062780562026918
0.000038703388223442107616938113
0.000034727426147468876615424099
0.000029787367043973686839665807
0.000024255783923042132418489841
0.000018555434314623051180685037
0.000013115493480286165954031528
0.000008327566377640845655559373
0.000004506463152716586617629359
0.000001860253383297798561020974
0.000000472992905715376821411308
0.000000301885922317962816799016
0.000001188748571942879018198554
0.000002883781930495455953221721
0.000005078145335937144916858572
0.000007440883757532528381729593
0.000009655530022091421944534749
0.000011452160114153267397819544
0.000012631684298981319978052475
0.000013080475869552184994349178
0.000012774810434848984100819277
0.000011775782387367983019090846
0.000010216233931641635995194069
0.000008281732187486477090839279
0.000006187812337727637339529572
0.000004155679163940371518464259
0.000002388444207379994047414987
0.000001049852072421661570257112
0.000000247331597008343328840759
0.000000021042627320627979189741
0.000000340282235316534394026558
0.000001108073750163180572639939
0.000002173947569261206886053351
0.000003353880556578742426086705
0.000004455233021136393862637187
0.000005303524954271953285433322
0.000005767267660353616596559129
0.000005777015965893945991253746
0.000005335433461220610498873182
0.000004516432628457240092210555
0.000003453179708981535328890652
0.000002316638941811699491134854
0.000001288012687925914118150712
0.000000529573234769699873344354
0.000000158735558590669833834439
0.000000229698036660493178941472
0.000000725666311876101395117542
0.000001562820420202374014246325
0.000002605141250444852996597358
0.000003687366867518278953539616
0.000004642041864977244794519123
0.000005326077247088168371065998
0.000005642520754953165626054568
0.000005554251586701025482156139
0.000005087828933553357775977730
0.000004327432221227085458806205
0.000003400413579205394378423243
0.000002457175021879021439109381
0.000001648720249760223993998852
0.000001105271732234555473077054
0.000000918859975789537911597816
0.000001131939217823221132422319
0.000001733056842779478166644697
0.000002659590294816212451196359
0.000003806709526241449229516439
0.000005041106635551967680313780
0.000006217675707013935239319581
0.000007197195813398181134397900
0.000007863116512007028589738983
0.000008135717447606191158313883
0.000007982180101773929048404772
0.000007421462026655704412119417
0.000006523309425177875718485174
0.000005401288966772478227634791
0.000004200350638554182667802617
0.000003080103192547202015506673
0.000002195609524786834764262114
0.000001677983620186955150433436
0.000001617284178239850033563627
0.000002050070270408014513262253
0.000002953482557652502843171518
0.000004246881130724764480811710
0.000005801020346886425834321156
0.000007453638785150353077970861
0.000009029378187483617769037818
0.000010361292532154291946735851
0.000011310987458223738488490365
0.000011784681616302162301653314
0.000011743156670852722693772219
0.000011204534501746229825723360
0.000010239910227104824492171120
0.000008962885932714298209715229
0.000007514825743724092390381925
0.000006048078188520803106804219
0.000004709450712295734257440208
0.000003625911778027520562296421
0.000002893934825923637290013982
0.000002573214359103146041851846
0.000002684809071520464142000199
0.000003213208085707502903552750
0.000004111440979372729892862837
0.000005308180680035515735344306
0.000006715799448460577387586164
0.000008238482783064229549897795
0.000009779723244008271039896113
0.000011248748860585121227642115
0.000012565646765069012581934361
0.000013665099573623472868177768
0.000014498756148200987953558738
0.000015036319544913088910951388
0.000015265469319292352556481293
0.000015190758600535646756827211
0.000014831649001992923986325591
0.000014219871998863973890287783
0.000013396331049632153649018781
0.000012407777816856209722896215
0.000011303501052097259996611148
0.000010132252891951309332657823
0.000008939603193499885778333658
0.000007765861134246984949351146
0.000006644641130522245571900057
0.000005602085625190697567156277
0.000004656698953948838408487421
0.000003819701204493702217023995
0.000003095782874326443104019127
0.000002484131155847054233374617
0.000001979604802676703853147201
0.000001573952503056873030535742
0.000001256994077984564417047823
0.000001017709164433231104789144
0.000000845199819331703240413915
0.000000729508824215205020310461
0.000000662283504482652797258450
0.000000637276647018147799508381
0.000000650674172212494714310019
0.000000701237018038415783334038
0.000000790245712702131638224855
0.000000921243088067485643697144
0.000001099584815382557454008661
0.000001331828313953204507202790
