0.000000234426017874129841960442
0.000000662024375610596918174586
0.000001341846128369026683462592
0.000002290193950365840707029822
0.000003519772566303176347679311
0.000005038902490370531680173062
0.000006850608853742316731833765
0.000008951464938658714069817483
0.000011329982965285740511272340
0.000013964264085559844225407564
0.000016818581662419131357057156
0.000019838639152727917912277800
0.000022945495382492938794480319
0.000026028653762350545549340841
0.000028939581892734201208194217
0.000031487876913183789312055544
0.000033443201015671079868139814
0.000034546638402097195230840143
0.000034534867965090458087097647
0.000033179165330083487932960606
0.000030338620269515539072148480
0.000026023313355747015082185952
0.000020459188832301512247580436
0.000014142984940207302792594679
0.000007873956924449538528594864
0.000002750154539097105438956881
0.000000121025950066362932226101
0.000001494632143487700476648379
0.000008405475939110511855592925
0.000022256065474191133983375770
0.000044150053044390212509881510
0.000074735965406789485465655076
0.000114078124031311752277668969
0.000161566497649143062977084018
0.000215871920658928183843483506
0.000274949408162557815474280609
0.000336091439894857307250225498
0.000396034814557553809747508788
0.000451127105503587859814534911
0.000497558910499861428364254401
0.000531663064797355559495950494
0.000550270265129502067665001608
0.000551093105647726573537159567
0.000533091154780473562742326710
0.000496754371358527012890460295
0.000444237410264389351224195712
0.000379288196157332000053863386
0.000306941984863832767645164257
0.000232993653639903132001459651
0.000163308164859773892506680792
0.000103070938112082753851730943
0.000056104801785098489029599694
0.000024379719869051878745024042
0.000007812714530094843706992461
0.000004402553447824481756530182
0.000010677704775050547876796142
0.000022371853704983522815024494
0.000035194385575589945294554262
0.000045545355428811631914604724
0.000051040191856789352302034568
0.000050754852742572744111852756
0.000045165975909325619601190904
0.000035826937109853602340774070
0.000024873711785456710261082991
0.000014482228618823716104375976
0.000006396744011161255355415057
0.000001619755259672044146756521
0.000000307630773957972300770250
0.000001865328503938455658931047
0.000005190787241429816822966409
0.000008993739319146942405363773
0.000012108372633909865128776055
0.000013732573357457830039705417
0.000013552444378852619006042141
0.000011741591551891206461795403
0.000008852855301301221788504159
0.000005640315682518708522157243
0.000002858838987762315385154173
0.000001087107895380345201681734
0.000000609883824728449029956988
0.000001379225389314447163140501
0.000003056015777882542260892023
0.000005115899469260154407645146
0.000006990706569095994505204199
0.000008210070778662886342930474
0.000008509533424008314182978956
0.000007880743611499334082791390
0.000006554419744775000340687634
0.000004923965051644233095848747
0.000003432625146897982741227588
0.000002455760486716841737642788
0.000002209692553536920400130208
0.000002709682453143683316526547
0.000003784592256234211400320322
0.000005139271039732002218291748
0.000006442786251584452477791237
0.000007415164234795830044272291
0.000007888660615407744216946717
0.000007830123988836541583445465
0.000007324751973657038273167810
0.000006533572530920162057881898
0.000005643296136303216825515910
0.000004826058524603116413331794
0.000004219136064674523182299604
0.000003924400497388050004972122
0.000004018432148257733148061406
0.000004560379133524849567973662
0.000005587225158968181153260491
0.000007093846346502834270724216
0.000009004722111025703005886267
0.000011151283960953037121101653
0.000013270385797882313638480604
0.000015034171480201017725747588
0.000016111229055312391734294808
0.000016246961813192763428997933
0.000015341939511163746171808209
0.000013504150385468507620211065
0.000011055972506025787607938579
0.000008488110961974777739962386
0.000006367287222869467914880028
0.000005217668058366938058914228
0.000005403891372117946464135631
0.000007043829970758732608639846
0.000009972052505756324794201732
0.000013762611139322460381364567
0.000017805940653763804377074029
0.000021423010050168818271506058
0.000023993090478190361614519582
0.000025070547139817534956643744
0.000024470163829461045871312835
0.000022307755703516909517175604
0.000018991026913796842491913286
0.000015163104652942857011790195
0.000011607168334329362964821818
0.000009125146586464825740054978
0.000008406943944841961004871798
0.000009909158839312697680552083
0.000013763181569715451623152520
0.000019730785601481663391835314
0.000027219759302777487951089178
0.000035362528629262391548834094
0.000043148318192298411202605102
0.000049586920643832432613849759
0.000053873157731584308291310215
0.000055518806985766126576263557
0.000054424656785199379983170020
0.000050878491272509458655942671
0.000045481853103148501497182687
0.000039024649053215867868914940
0.000032337491588753250687862661
0.000026154270219496139496338089
0.000021011615830222424668909456
0.000017200033365169003693722488
0.000014767519588486952434648082
0.000013564594461756935566570416
0.000013312787466406688361483107
0.000013677674548997965675882146
0.000014331529721299157267085274
0.000014997242604924504406557761
0.000015471810480225113131882639
0.000015632537323933934939003063
0.000015431281362589282417710490
0.000014881992987229426559443908
0.000014045352821925237047652989
0.000013012648696257929340392052
0.000011889885738272912334362666
0.000010782750265235085336047206
0.000009783236800452459026671524
0.000008959068268301092257603450
0.000008347099808843330809283133
0.000007951515807484898698802994
0.000007746878244187023774885645
0.000007685208505538662513085005
0.000007705573951867537521196946
0.000007744315751874532484247751
0.000007744161449071016649174648
0.000007660935536078487709081564
0.000007467242280047977964546266
0.000007153154336257169286050588
0.000006724446322145120934557494
