0.000036212331125254872067793788
0.000035812491828249285352910036
0.000035970603760047595688978395
0.000036584980717747694412347870
0.000037552926054527659930227373
0.000038775320482670872076699786
0.000040160324696430748096960539
0.000041626293208671268336173305
0.000043104000407876063769279512
0.000044538267187273207720153018
0.000045889051094870637859633733
0.000047132028867618970340534756
0.000048258661468798169831301986
0.000049275692833974814234965917
0.000050203999811326584766252995
0.000051076688648253097224487262
0.000051936330021622231897706484
0.000052831247355027332799053824
0.000053810828330600265914998581
0.000054919920882856305532210284
0.000056192502102318354440056020
0.000057644964992318893919499151
0.000059269540346642421370544629
0.000061028537995544224691816387
0.000062850225415803681432158623
0.000064627229999227823326046760
0.000066218321607873411455136292
0.000067454277023646137009631196
0.000068148231478967448903824589
0.000068110486005426072275530103
0.000067167186402879841935001370
0.000065181668137411172291896533
0.000062076642342266514736949523
0.000057854869633871674073494207
0.000052615626568117949848988474
0.000046564204505859143191741356
0.000040011961877962608506893727
0.000033365112012164277010932423
0.000027101455394721291991370904
0.000021735587788053331798412970
0.000017774608965885824781588687
0.000015667848931280352537450534
0.000015755417284077247262047416
0.000018221259207125124843923425
0.000023056684434168856769834660
0.000030039894185466426026033873
0.000038735818214622955027795492
0.000048518644430759947337727933
0.000058616940807320946503662651
0.000068178498143891747072624365
0.000076349303378150235174434690
0.000082358762937822957385033962
0.000085601794755909557319006886
0.000085707985155851452389180745
0.000082588828582833993720985211
0.000076456137733976053949547236
0.000067807852822411129704860411
0.000057381344162749072445543069
0.000046078410064495666821626774
0.000034869966911368911451161307
0.000024691359990428313599206828
0.000016340830787368058131569029
0.000010393663191659756607726321
0.000007142822728778798409580639
0.000006573670740895278678578208
0.000008375983484264623842659343
0.000011991620824731208640938178
0.000016691457012551446086479762
0.000021671291073537929080042308
0.000026153972260120224020522872
0.000029484280852386761514680180
0.000031204305553468568987848103
0.000031099977971059218823969561
0.000029213621882723729181966649
0.000025822215462784693277382628
0.000021385820541377698929133913
0.000016474600429098525561930413
0.000011685459969957917312544972
0.000007560257097770300200223394
0.000004516687872524895667320204
0.000002800546345243934050759423
0.000002464546407921848157065395
0.000003374851987385488164710758
0.000005242525069363886605221421
0.000007673837789888701758607772
0.000010231227813921638304011166
0.000012495827015461983758174216
0.000014122967757633630579879036
0.000014883681293520816964182606
0.000014687619681862879578832480
0.000013585652159739568180414626
0.000011753198697397445869638512
0.000009457807855257666269921391
0.000007016293088093381545827104
0.000004747749310954043514638925
0.000002928926530495758982368436
0.000001757783632413152443969666
0.000001329707070629538152479478
0.000001629041884217153293457634
0.000002536475441846472997294319
0.000003850692191401097608910963
0.000005320839634216031876210503
0.000006684950320095253664036492
0.000007708740668890694234280207
0.000008219263996456774022431220
0.000008128737171897879531211328
0.000007445376629549525895933673
0.000006270049474635837779255571
0.000004779667624112566900866118
0.000003200192092271598556557817
0.000001773560306233556264785206
0.000000723574263012105760879808
0.000000225691379063570382681900
0.000000384790522843398151057277
0.000001223527971041117464072521
0.000002682135629005443967521347
0.000004628770047168876268332827
0.000006878092115003483567590471
0.000009214855830414508844165844
0.000011419001184767025092246621
0.000013289043376581387279327523
0.000014661283803400762133762290
0.000015423330065460051863318949
0.000015521385727606816685867144
0.000014961579414313652176436384
0.000013806144679290008640219073
0.000012165519727296741811202810
0.000010187464907817490286688969
0.000008044194465730251383068714
0.000005918391937844704272673677
0.000003988903214194481361702833
0.000002416907093812350651424554
0.000001333428185071406654339647
0.000000829120892173106967377950
0.000000947241608895025582771096
0.000001680578221983876767870467
0.000002972796647706422041310473
0.000004724215375745172144819183
0.000006801496776014970640470043
0.000009050242347718444622722486
0.000011309096911850140054290118
0.000013423782587284370726920732
0.000015259536336978556689096542
0.000016710705306111838338483169
0.000017706706702970743147300403
0.000018214096159783496966817068
0.000018235011449961144623177836
0.000017802678742844182680762563
0.000016974926372055505481139387
0.000015826725009235109243102557
0.000014442680584215440811905393
0.000012910194869312985866652461
0.000011313741603522628671220362
0.000009730445990417424832405469
0.000008226950429138471073873227
0.000006857424515732246295325082
0.000005662533192332693909691599
0.000004669194060256359776034905
0.000003891002975043423130555031
0.000003329255010366041581408494
0.000002974512532765946692741525
0.000002808663315636825534853289
0.000002807372951531702310104793
0.000002942781522657694514330095
0.000003186243783439667896588941
0.000003510883010402951482357330
0.000003893732932922216559022601
0.000004317282522866452091215694
0.000004770308603590503790771796
0.000005247968193386668540011131
0.000005751210104616783458603233
0.000006285638345502455795596117
0.000006860007216523437021597591
0.000007484544554921774843123626
0.000008169286538114517106810505
0.000008922571178809934785676819
0.000009749787708893568202402936
0.000010652425965297799762129469
0.000011627423064178952298564594
0.000012666770947974763148022488
