0.000000240822038561640061380640
0.000000334995057724951714460708
0.000000439886200612773951809144
0.000000552607074289799561301673
0.000000669145838231681004150669
0.000000784455158225345210784975
0.000000892811953734613678317251
0.000000988341973310063006121439
0.000001065616552138730995210659
0.000001120277109211604042119520
0.000001149697877936528972521208
0.000001153727332167296741301590
0.000001135529837188596857417713
0.000001102475800695929383972178
0.000001066919036548352107854169
0.000001046592258854522348228856
0.000001064292417039417143980297
0.000001146556594720660340560496
0.000001321163606753960607345568
0.000001613521910292427065706199
0.000002042276078985351476765067
0.000002614717786415547236191382
0.000003322758398459660476327972
0.000004140263342041242236894402
0.000005022450082271910874731884
0.000005907831823777066680258418
0.000006722889282451385041256952
0.000007389315500249687131909936
0.000007833329203323393982835894
0.000007996194847366087040427089
0.000007844721240771653376347081
0.000007380161528766830225482820
0.000006643689967945108504625458
0.000005716634689234525192036689
0.000004714075804354086244283856
0.000003771391755500143584759745
0.000003024810959903296134394530
0.000002588730028003225888048704
0.000002534013989682496832196073
0.000002872136887101491989425072
0.000003549422570713885913523244
0.000004453722351706041452821735
0.000005432999380480438979354896
0.000006322265261748015319621767
0.000006973080445490242653696321
0.000007279149562431444181009703
0.000007192684727098252378595187
0.000006728814341532366232400634
0.000005958507633125463208401910
0.000004993200439605611942565921
0.000003965692122356827033484872
0.000003011611977592159705274105
0.000002254133127262510481888212
0.000001792440234412589990364698
0.000001692705343012843046909301
0.000001979773365114532330535316
0.000002628710698288252911380492
0.000003557536273605680654394607
0.000004625002886529672852357689
0.000005639064643308440800343728
0.000006381476371860951137611646
0.000006651014586396212905933939
0.000006322035927657831388677516
0.000005407499340444771960948779
0.000004108290193893560058604163
0.000002826621475131721503528445
0.000002123426099191311483690373
0.000002609923902314749694227817
0.000004781667990363626615012236
0.000008826091976104617658799474
0.000014455741319598639687063479
0.000020831140098250374359176162
0.000026632337290005643265153323
0.000030312621036958977424960460
0.000030523404331802860597454979
0.000026644323945627813984751014
0.000019301325122366248191862342
0.000010724597948917281156687269
0.000004802064412321085008913350
0.000006729695436292779568774724
0.000022243190429466327875246412
0.000056520451625944745507271888
0.000112945594513858536302175484
0.000191994550769370017281878482
0.000290515982487516886099976343
0.000401627860586415709985563804
0.000515335350491415091107871849
0.000619822576855947248927747317
0.000703214866088537333792263251
0.000755488271226321798403058327
0.000770151731701291522233510101
0.000745360172258819654589334647
0.000684229111487879757512453605
0.000594287422898018887623683426
0.000486185299841590827431975219
0.000371926187113761079656992781
0.000262979223516413484693088343
0.000168634218408832007099484862
0.000094887072703233856169405258
0.000044011985795680385994983058
0.000014822499289477548099769333
0.000003483962098111841341135193
0.000004645897397279722087679553
0.000012630427215421937984433758
0.000022441990418083237286347997
0.000030438970628588729442666472
0.000034605401214048304027025987
0.000034454805969199968351812657
0.000030667674029559965876660238
0.000024597688673769834235595388
0.000017778905340688459525136031
0.000011534756134755082851331247
0.000006743336230253803906915192
0.000003765984218817795227873726
0.000002508908766240687437574196
0.000002566713086960044252023876
0.000003392884352185181455490879
0.000004452078185473959899879325
0.000005326387850637108663817785
0.000005766498430669498437284304
0.000005693798525663532643294618
0.000005168507966761663921355114
0.000004341353334149770642894691
0.000003403730954049642025877357
0.000002545986770160820566148577
0.000001927775336656871393869756
0.000001660154674830804551064140
0.000001796899758740005965788628
0.000002332338811416689348748020
0.000003204084105885878933577633
0.000004300378306006833247106518
0.000005472593140679282326123943
0.000006553267082425642764355236
0.000007378974003511175729173172
0.000007815676965848491285064094
0.000007782655866682749036099959
0.000007270233221405490332410644
0.000006346813084709030504816218
0.000005152334637738290817161272
0.000003877886940983485953540928
0.000002734349043824976572723221
0.000001915706843233739670807935
0.000001564348727747518053886387
0.000001745594805932683822561496
0.000002436855645528039759494139
0.000003533558037004243281811906
0.000004870162715347294450976817
0.000006251262532130072716236076
0.000007485780147023038082871281
0.000008417149822094066341938295
0.000008943976575753150024049136
0.000009028425563466577417046956
0.000008692638732367914585754884
0.000008005964219980134005845429
0.000007067160969086824314118207
0.000005985864173625926110740986
0.000004866707604262855054182320
0.000003798069564242910231246153
0.000002845947475958500884324733
0.000002052349527943778942015718
0.000001436988268364258441363323
0.000001000939644372843197956736
0.000000731135895161912842030692
0.000000604903127074478268073972
0.000000594084574004735872527344
0.000000668530405101101751592853
0.000000798873346984296191996774
0.000000958575437788809771278657
0.000001125264021582376106972922
0.000001281402905567599295093631
0.000001414377809068813204401672
0.000001516110036273705528032355
0.000001582339215515044872958222
0.000001611727414546429090159096
0.000001604931155325311175724153
0.000001563768507963926845803120
0.000001490581942029862888666005
0.000001387869644039667696173296
0.000001258231041614668015707823
0.000001104644755642883833135926
