0.000173222523488837594528647057
0.000170452801822354850589530395
0.000168517347823306207991317374
0.000167472317283289971658749584
0.000167358183778208816387331193
0.000168194105184721158507965555
0.000169971493204082435817675600
0.000172647344995801189232453865
0.000176137997921305957879645199
0.000180314037538961951384619553
0.000184997114759399144956475425
0.000189959399938491031549492316
0.000194926310722450695823992906
0.000199582991063511382742040601
0.000203584790472835877074564426
0.000206571701328320462328486107
0.000208186371538979800516547258
0.000208094941526442886968462087
0.000206009586897291290061989821
0.000201711315414662684369212498
0.000195071305927584266737273566
0.000186068924415486440949313307
0.000174804540796166124356353366
0.000161505424239377290418495647
0.000146523327486177546005383099
0.000130322880508270587613176006
0.000113460582184324933500627064
0.000096554968634137306598974604
0.000080249393129464254774234344
0.000065169702828507753214482001
0.000051879856178657203036406337
0.000040839098258508940871274601
0.000032364607074203336335802700
0.000026603461577295559623099891
0.000023517307103031317517052856
0.000022882190481890689602887876
0.000024304740934087077568019619
0.000027254278149010660256285760
0.000031108687741699941745662089
0.000035210216019265833033592000
0.000038925926220689335854364954
0.000041706648107659821623702245
0.000043138022350236759395753633
0.000042977794754868353416417392
0.000041174853101242591378334384
0.000037867503647875380354270725
0.000033360925801323325281134285
0.000028086307098920967959942291
0.000022546490473764573122736343
0.000017254720096702492912162444
0.000012673980674083670867522376
0.000009164336816160639171487297
0.000006944590972529227285766490
0.000006072639571065628714269247
0.000006446396349231029094303119
0.000007824433457988408383205516
0.000009862954817718144339029618
0.000012163716128926739762448200
0.000014326304773068627252752619
0.000015997925421877278335256248
0.000016914495997619503160278032
0.000016928303452073010441740475
0.000016019456791031121009822105
0.000014290604092373829564683631
0.000011946539017872005454166083
0.000009262133665354496260655077
0.000006543291753517139596862257
0.000004086202868520064435185583
0.000002140074320956569208900802
0.000000877788632597072400833883
0.000000377716702737162898432496
0.000000618388187157897219894758
0.000001486078845368343787289853
0.000002793811927615145399294043
0.000004308955657579069132559133
0.000005785662846526999807182483
0.000006997927458672888717105143
0.000007769062952851230996042381
0.000007993925040513758531685387
0.000007651146162353736899282980
0.000006803916722922958097415167
0.000005589299770397937575138261
0.000004197537398200717555479377
0.000002844124055771617076232788
0.000001738416522999453093137443
0.000001053081894604901689357478
0.000000898660436550987542058257
0.000001306911960097486197001845
0.000002225471963016536792187919
0.000003524796164542664117242787
0.000005016617743177404330624618
0.000006481426217918820708685339
0.000007701059867252205807532615
0.000008491617896847703642385606
0.000008731710501615388552321823
0.000008381640518444503570871795
0.000007490395839340017810508744
0.000006189153590815817628217194
0.000004672082992243485389833191
0.000003167253284578735780655824
0.000001902071456845248009586129
0.000001068611108270532880762166
0.000000794274212139432221442483
0.000001122418847002231840324655
0.000002006007799740652343194972
0.000003315241074036467902347736
0.000004857879336691255231159281
0.000006408927710752770562168366
0.000007744877021225869518999095
0.000008677040861954147027879265
0.000009078785739957619289886015
0.000008902569166088334805166798
0.000008184466902427304144085861
0.000007035964890799424153837449
0.000005624843058922630680321851
0.000004148636155402929700890518
0.000002805153597155537239507192
0.000001764738598454264042531730
0.000001148358911294993425964935
0.000001014399551739758914597122
0.000001355427652698780701984345
0.000002104525973171781685607060
0.000003149338210763963130021893
0.000004350964418983820963446590
0.000005564414518900443429544420
0.000006657481977540309134983541
0.000007525542173590756963252012
0.000008100738839453226332819845
0.000008355090948660024634340321
0.000008298034137122396747005687
0.000007969652676811039100288059
0.000007431274514435052202469129
0.000006755179701491419806528606
0.000006014961136132289242644828
0.000005277667580556650590145867
0.000004598361080747962435517212
0.000004017236054664941163872514
0.000003559052761349659859118223
0.000003234377302785513303443271
0.000003042003356898232435960756
0.000002971939466682378732715524
0.000003008444594161224304153463
0.000003132742309688701463351668
0.000003325202191863422985661138
0.000003566916931161428602390338
0.000003840708377380094733276415
0.000004131659853065407595818555
0.000004427298766812268937715941
0.000004717551516687556377406196
0.000004994572467743174609244427
0.000005252520407767103656048856
0.000005487327151282542117387286
0.000005696478918783026457487925
0.000005878814162044491108127797
0.000006034331940116619714400362
0.000006164001707196069628998981
0.000006269566709309436717135599
0.000006353337232222825751667451
0.000006417975066949241213381822
0.000006466275547950931441344453
0.000006500957604145749850151938
0.000006524475043819846743157337
0.000006538863609846164531261455
0.000006545638135648205950642593
0.000006545752359366537997259483
0.000006539630541764769708530658
0.000006527274913450408191559725
0.000006508446163676309301985429
0.000006482905880657580851016315
0.000006450700553468658796627856
0.000006412457284747681557487628
0.000006369652918381923630344876
0.000006324812295744121211870086
0.000006281589368181131747994987
0.000006244688364544157090421910
0.000006219592245383339431524794
0.000006212082763982301184988669
0.000006227560234161937296538166
0.000006270200155805947981821086
0.000006342015590122812602341413
