0.000000817324071699564047729057
0.000001139651835672183909894993
0.000001482807263431808925100461
0.000001808870718474502173862373
0.000002084012958186913563993128
0.000002281703792995512205854557
0.000002385520395467571761811314
0.000002390833327865209771679288
0.000002304904718141331379169115
0.000002145313843751528237258422
0.000001937010601059223764393649
0.000001708584259597100849583122
0.000001488463034610819357028309
0.000001301719305909071128300562
0.000001167978446483231907352795
0.000001100673099605681536997657
0.000001107609022643778817759984
0.000001192559387914593968662647
0.000001357408454746232301057454
0.000001604235837627127004957422
0.000001936680910360177911293429
0.000002359974429382382596083034
0.000002879202483321198818621905
0.000003495703239267785064181126
0.000004201985685324024214675268
0.000004976139505081561794958174
0.000005777243630535672544261665
0.000006543590995440889081431225
0.000007195436697393124288158438
0.000007643320874130783013013397
0.000007801827163317123160399778
0.000007607098975717822906920940
0.000007034896545372019242294524
0.000006114875650557061458100286
0.000004936521762532014658854656
0.000003643061981061702907659216
0.000002411756075265668013553159
0.000001422025292225693785292556
0.000000816445419825919738603711
0.000000663035303012344864898996
0.000000929712145198766528686549
0.000001482435266009532096772292
0.000002116711489296855039078616
0.000002627377118981453092547889
0.000002913998158039220016880984
0.000003109623478620757503805431
0.000003710530385812842343840837
0.000005676223704647916231628285
0.000010464828664940875683478025
0.000019971507209636750582214607
0.000036348157469360377954271241
0.000061701520948991339979815274
0.000097692131458019124882856399
0.000145084478948016739989490542
0.000203323770215199200713310224
0.000270230216434245626953847275
0.000341901630271886363028610578
0.000412894964444788430211336072
0.000476716581239888109733371380
0.000526593734828212063983632341
0.000556435461148299431895225542
0.000561833496959568087260328273
0.000540918299613816436904878415
0.000494884849261656781238549740
0.000428044521915359600476580493
0.000347340201040095017479686357
0.000261368496115664495846320214
0.000179063021006987846232838546
0.000108279414835538883351423456
0.000054561860135172622014027022
0.000020347477801419435307437450
0.000004779211711729229025485619
0.000004166284726630312049676114
0.000012984328501969570108685523
0.000025181681723005454581060247
0.000035487626471864131677807358
0.000040422956588149133250534306
0.000038793976983810827326593779
0.000031587495767814836335456857
0.000021340098504527270925970606
0.000011187342919023897302110114
0.000003871040305722454584816394
0.000000976180844926139512716511
0.000002587108675312246408410644
0.000007421126002220848663886842
0.000013356826213374990664981001
0.000018165926762501213419936930
0.000020211896578861612562257391
0.000018906638876504916713062673
0.000014805386187208945797649101
0.000009339148649784650507927122
0.000004295151467981471685316473
0.000001225031172274766180335355
0.000000969516837399005222474868
0.000003438323849270147373823709
0.000007694774080765897776882853
0.000012296819391205166078161713
0.000015770710399968986816995886
0.000017062176566978482932001107
0.000015828877573930904496804159
0.000012497112696113203049539525
0.000008083705006579508547362618
0.000003855047455786150997737120
0.000000938324752900323264184085
0.000000004299669421518446974241
0.000001109054244791904374754007
0.000003726933599802685545397023
0.000006947645712313741845635694
0.000009765301600296070414766389
0.000011368105519284889216771045
0.000011347080315069499071244617
0.000009774267129125670296456614
0.000007142992750597668362617671
0.000004201472437499883475636731
0.000001735709112268539703341714
0.000000363658027480081868194959
0.000000391442425767904213240473
0.000001760056197784864667299325
0.000004085274126491271523737864
0.000006771324544767960687736454
0.000009164639298157091929636353
0.000010709160875746074614313884
0.000011068463574076893007609550
0.000010190244520793592788781776
0.000008302940172908563308540320
0.000005849524902717413592288884
0.000003377083947832326052943984
0.000001409797347483500431231389
0.000000335448885182341452287463
0.000000330764527317117424847555
0.000001339949374447481401532783
0.000003106712795680282843179074
0.000005246849855625640986851645
0.000007339794206375719210627695
0.000009015607041835304235818938
0.000010018477981961739363045948
0.000010236767983914687568094623
0.000009699603270279454444351488
0.000008547919225927881926320982
0.000006991806630679202933691726
0.000005265862310106282862193564
0.000003591201238251396057519181
0.000002148659019729070016643379
0.000001064086120880679374179874
0.000000404336163591246345503066
0.000000181584005053839490240812
0.000000363464000974299493429680
0.000000886617786380423616113689
0.000001671280485755980749996096
0.000002634570084231686433543776
0.000003700437336225607740108770
0.000004804989030459513643439226
0.000005897069772987091410812368
0.000006935253376522672450930299
0.000007883302091929161729052383
0.000008706348178435740044677979
0.000009369467107817575725120171
0.000009839195269299929553293189
0.000010087351991414590643750780
0.000010095708809013752261206365
0.000009859867900626736040886784
0.000009391144452970288589166437
0.000008716034091075327658207188
0.000007873628388578260444601378
0.000006911825369454293054071251
0.000005883249051428757921936193
0.000004841516834018369618410169
0.000003838077495923925684824778
0.000002919506724222738321334377
0.000002125034664718112357398739
0.000001484208114608884249022505
0.000001014861192305785305534755
0.000000721826465909934871675283
0.000000596919904522095805878305
0.000000620603437305726072435686
0.000000765388263970782130335034
0.000001000592803340320307168491
0.000001297657312248465287448122
0.000001634981575339240707944082
0.000002001278366300429337892603
