0.000004211827692431961532451914
0.000002909901216980413578652200
0.000001946491510822281618530577
0.000001317427693438516428977702
0.000001004091550010162169667260
0.000000976032650745300600934667
0.000001193807327119013117689610
0.000001611823499119315790677372
0.000002181012556378719627998234
0.000002851201198788297795687569
0.000003573112920433066772463605
0.000004299983575456916404700265
0.000004988822190305511883865776
0.000005601382402634796738223090
0.000006104928797680269045061903
0.000006472884786859785848848851
0.000006685434860723923707515222
0.000006730125834183494079935011
0.000006602472340961638125171346
0.000006306526111380258554060547
0.000005855322790689592769397369
0.000005271081808209159005819584
0.000004585012288441327711553848
0.000003836578832118891356657824
0.000003072110589540279082867991
0.000002342696709678812898894036
0.000001701396600183043690773885
0.000001199893716242761984927534
0.000000884820454713955452510704
0.000000794059804147417754760952
0.000000953368549275721397565618
0.000001373655170928048983923324
0.000002049181997973536074972994
0.000002956857595022918626777525
0.000004056665515967951987186084
0.000005293169455658522632552580
0.000006597970021104859042796430
0.000007892979815989484206496113
0.000009094425791387401292165636
0.000010117552420505411965015105
0.000010882040268063731730855369
0.000011318122033535660129121778
0.000011373237158217391976891206
0.000011018815413451467046706059
0.000010256464238749594565102037
0.000009122543683240224969294846
0.000007689964243969779091308209
0.000006066150486465761185682875
0.000004386547539788510621436551
0.000002803799319886160699142642
0.000001473687716392351679188630
0.000000539887839471232958084334
0.000000120304248454803425005333
0.000000297948621902870594920263
0.000001118820049535065605468337
0.000002598020283350276010090338
0.000004733529864528081412345176
0.000007525023182581258124031545
0.000010993278613326574062172489
0.000015194645445541869597421217
0.000020225075673312238231336957
0.000026209621876655391647806606
0.000033275956202384357842695428
0.000041513977513365452553205370
0.000050927275776553891433948151
0.000061385301769941943723224442
0.000072586759560100836742059516
0.000084044423278411314447849945
0.000095099069738876666280438799
0.000104965760109519267318650693
0.000112809990016852701379297674
0.000117845289404007873041053955
0.000119438867656251754756011052
0.000117208947458006723977251562
0.000111097262785532439996645515
0.000101403051859990482055050298
0.000088770403786646187539385866
0.000074128118882761767876980741
0.000058589030553018127660952485
0.000043322584264457449185637544
0.000029419093973201762559632755
0.000017765619306276397165473419
0.000008951532143612846970071560
0.000003216916470718322362592947
0.000000449889012070772755827431
0.000000231041497027427310954927
0.000001915909678559198768717491
0.000004740930385812811336465004
0.000007935618667269631702483428
0.000010823999660313304862721030
0.000012901406022979710366783632
0.000013877855527956935334640484
0.000013685299950883782424686415
0.000012451948908027106870132807
0.000010451625266829901684736970
0.000008039021312418059719926561
0.000005582523420437542658950007
0.000003405092609049831365957122
0.000001740993568988771946745618
0.000000712617040798359198855482
0.000000327947082231622560375377
0.000000496003823514004254468222
0.000001055277913871982206967166
0.000001808973687406139498989703
0.000002560786286980658876832363
0.000003145776056300809334195703
0.000003452390374616900653095960
0.000003433501331498236735291930
0.000003106178022440041355074422
0.000002541549249833887386021240
0.000001847360597203212509729913
0.000001146586168151967420045017
0.000000555683721768879396140631
0.000000165805698773669344720281
0.000000029572465507927688597770
0.000000154996306599197769298721
0.000000506966666619064268733583
0.000001015538281243425104081448
0.000001589271311846549272197779
0.000002131197793535319701054183
0.000002554724513657341779850887
0.000002796956433675382042180514
0.000002827492868170072354082984
0.000002651601679231332323993103
0.000002307659558147642491762264
0.000001859686007070472207576908
0.000001386535673956380348441808
0.000000969731675693810010754578
0.000000681967869327890275870491
0.000000577997910706643221390643
0.000000689045485342302345193807
0.000001021142077292068091546175
0.000001557074687865566307043452
0.000002261044534717998077309959
0.000003084800124834740925604563
0.000003973959017495879634911116
0.000004873453572606925094301208
0.000005731451764966320630654423
0.000006501601499333743868196817
0.000007143901468502444000025203
0.000007624807086812383277371879
0.000007917272393144067287951496
0.000008001300348639473391989391
0.000007865273302742892608447646
0.000007507953654322753182684229
0.000006940691100036770336604002
0.000006189146226475567850110974
0.000005293803978543820417496883
0.000004308717302360181502921595
0.000003298250994974225680744740
0.000002332007756951671209973880
0.000001478513073180600764420199
0.000000798520139553849175951595
0.000000338907312612491111125071
0.000000128058314994740003596961
0.000000173364607831205522599105
0.000000461130647753983061006364
0.000000958775479407708004591076
0.000001618886265584281331856285
0.000002384450287261240607032415
0.000003194501605324513856479923
0.000003989465010476570811903240
0.000004715634400023246462318842
0.000005328440214815550495159636
0.000005794391737988873638371366
0.000006091782207439331634749209
0.000006210388994866482904920815
0.000006150475348027236940657431
0.000005921407463175480911628593
0.000005540155171044426062900400
0.000005029866283305001837676713
0.000004418614364177179327825180
0.000003738334980722563682812090
0.000003023898768072263924230675
0.000002312227635204850732732369
0.000001641344778376993903426474
0.000001049257702710926123523122
0.000000572601616551728427419242
0.000000245012628710244695521084
0.000000095250170497532558957184
