0.000734301533617123390780545567
0.000733590825896295582221606768
0.000730397916388732292361507525
0.000724647872589245355817721972
0.000716235419081313016975709473
0.000705032477676955033132899509
0.000690898077594168840212529581
0.000673690584307981349052041331
0.000653282096343276710501135618
0.000629574707354716724648502346
0.000602518132105246359032924008
0.000572127961024751822104172927
0.000538503556760266759682875826
0.000501844361779709476761857090
0.000462463178994199162596262509
0.000420794852753275270759725224
0.000377398753269246709125817052
0.000332953590300229089211231370
0.000288243382427298309392954545
0.000244133904920442726046991844
0.000201539631529250616104667615
0.000161382047998445151250693219
0.000124541192573912856255552439
0.000091803285224670557536537363
0.000063808229036958137342545883
0.000041001471427885094543207972
0.000023595061927000525269339584
0.000011542614320090454322980354
0.000004532187973983206079526577
0.000001999819638743159795049500
0.000003164614390341094294224322
0.000007084082272914499683663311
0.000012726011424368419247847226
0.000019050893872463964631193412
0.000025097097868783807143909861
0.000030059931674539110515228385
0.000033355724938349369187735177
0.000034663203842237668729758110
0.000033936732232421582575003505
0.000031389226636989842435850745
0.000027446345931400930315876424
0.000022677388867976800389258951
0.000017711624347332311651698894
0.000013150981187172474970816828
0.000009490719110789597873223400
0.000007058692719505588270760381
0.000005981181094508167925987742
0.000006179344299922490176143162
0.000007395776498751504218027650
0.000009246086579906122809120392
0.000011286698268590274326847456
0.000013087748991846758099869517
0.000014299469445799075709700211
0.000014701821928599905501188969
0.000014230215916046976728213426
0.000012974272550585395666713530
0.000011151158284819323891355787
0.000009059177224824458655050990
0.000007020405782968834334665988
0.000005322673051805722785161101
0.000004170914461825569979458016
0.000003655942250414574097084654
0.000003745359411823023801043665
0.000004297289926664817960100858
0.000005093521547595362456936109
0.000005885271008750264595821029
0.000006442676099710409889041989
0.000006598661385019097234418649
0.000006279089646784819726387655
0.000005513863002754989363970051
0.000004427362482022305148194989
0.000003210608660922714372462725
0.000002081022269560028810928345
0.000001237980768494786836840592
0.000000823046478452103448875186
0.000000892649118133746945162447
0.000001408366160551404258705955
0.000002246305446166904930239104
0.000003223214288348504994623830
0.000004133626526160900249316429
0.000004790296584761433494961420
0.000005059764177039121272716048
0.000004886185957439201511104659
0.000004299231802311635507781850
0.000003405254374468751964139890
0.000002364340061645442405086157
0.000001358511943179017039039181
0.000000557756214918651029271556
0.000000090469037503645965346590
0.000000023500910907047078729285
0.000000354631198482569967472583
0.000001017628328998436973567578
0.000001897651230862808900017903
0.000002853105785925901845137900
0.000003739436675035901797177745
0.000004430694204245689882043155
0.000004835822323369007484455094
0.000004908085402662117874392385
0.000004647485318164654175888181
0.000004097104660249376330001352
0.000003334894361749228398856615
0.000002462528335772021943468699
0.000001592733995102563813358047
0.000000836195883333550488372850
0.000000288912917437904867836384
0.000000020864540335716963286094
0.000000066978524297303469939466
0.000000421557145650871807112189
0.000001037323763439433194348972
0.000001829941571905672794551420
0.000002688171832469911265201153
0.000003488858172366592531887537
0.000004114853544809530796956976
0.000004473130368966864013158084
0.000004509908715516146480929878
0.000004219884327943155554493763
0.000003647560665164780052297866
0.000002880129767357449013207319
0.000002032999538288301717215475
0.000001230551178646952597373976
0.000000585677829760479838714250
0.000000181872775654724791677077
0.000000061054401968254212052752
0.000000219081696727958470003416
0.000000609327943844179578027228
0.000001153112832643293766339315
0.000001754590151885970478225630
0.000002317083674898241680428649
0.000002757929804827233132458620
0.000003019528585059061373031559
0.000003075307042059099967630954
0.000002930388798067923735422586
0.000002617692488121494391204933
0.000002190782993965666567055556
0.000001715020142253005035177073
0.000001258440415900760095982381
0.000000883488382020918311527920
0.000000640325268664872692719783
0.000000562095397800864585177260
0.000000662285609947938278037490
0.000000934168408608738811277079
0.000001352234660435896173582507
0.000001875441721788898018669382
0.000002451988730656831249368451
0.000003025176737768149678607568
0.000003539746920594267430007149
0.000003947967459352709550073068
0.000004214712059330878469185291
0.000004320873597679396064456629
0.000004264683852054035076927473
0.000004060827609757572539354170
0.000003737583431203105099936788
0.000003332522345898036952133951
0.000002887489250335051991385761
0.000002443645439327597158673611
0.000002037263333544661071254937
0.000001696765530885934315612207
0.000001441239937155680622346294
0.000001280397819093597226874112
0.000001215722216359508709844993
0.000001242413519809511054603165
0.000001351689279785238168948738
0.000001533028609597427472001222
0.000001776045550312020973696440
0.000002071801143586803912045435
0.000002413491855661437493539654
0.000002796559664327420421730489
0.000003218342990292468246105954
0.000003677423733912565503227469
0.000004172827908441675277384075
0.000004703214799254833386487652
0.000005266153323073252104282588
0.000005857544816687930698843531
0.000006471216972312494304468960
0.000007098688953503790163498954
0.000007729094528390526963167878
0.000008349247322472967913981404
0.000008943837172553874401061819
0.000009495755289561023498303913
0.000009986554621923966250048900
