0.000079723300369894398512138345
0.000086801579959539361614276332
0.000093361034585896757838005544
0.000099256361638650611651547850
0.000104354584235292045953612250
0.000108538066636658901698009316
0.000111707197123717447790822166
0.000113782744207429828420252704
0.000114707901731185134708984608
0.000114450036831133510756286498
0.000113002142102623288097244802
0.000110383971139299134943748126
0.000106642807505032919399359792
0.000101853784914243981679290996
0.000096119645628236737564843717
0.000089569800185515866105742666
0.000082358540166572034748986020
0.000074662261975743803195382231
0.000066675587728074427380266231
0.000058606321472228524308619585
0.000050669254710201713895641185
0.000043078930817811327588350706
0.000036041586438335259821516554
0.000029746599017315699417345065
0.000024357870939613920062026195
0.000020005658977069481585346622
0.000016779400708693040076722666
0.000014722087910537191279554230
0.000013826685923508216354764315
0.000014034998701514980504428780
0.000015239238532324368032813862
0.000017286389276518345046052688
0.000019985267593087935967871224
0.000023116004007060661192343720
0.000026441499041610342540017248
0.000029720269375063657329300026
0.000032719990692514911150446527
0.000035230968851985929491017757
0.000037078727969854420479321050
0.000038134892155434941434562907
0.000038325559185262652152695328
0.000037636426801753990081626788
0.000036114048013875034741013148
0.000033862775717045070957966074
0.000031037221490048112044167483
0.000027830401623908114218343066
0.000024458162317861834299812310
0.000021140931838694024047032097
0.000018084285209188773825604926
0.000015460155054624231545134030
0.000013390703003241283641062097
0.000011936811045602265776753928
0.000011092819152334130707515322
0.000010788523116706484473287762
0.000010898604449491772588041495
0.000011258692281442837020578179
0.000011686295586497379552035764
0.000012004051447041638161898104
0.000012062261022349475594037972
0.000011757639334055239728167933
0.000011045632625069481944405335
0.000009944521876885702101099909
0.000008530715833716714027322621
0.000006925958835582896009632446
0.000005278419784778309693730643
0.000003740574396254005383189974
0.000002447273876058092008769010
0.000001497318282977763461482419
0.000000941229426974179687107578
0.000000776853134311064337679171
0.000000953102036670073793659871
0.000001380812084991964496853115
0.000001948565311367549110813623
0.000002540621850815914792363730
0.000003053920576056822560690124
0.000003411464538195000722662058
0.000003570218285970229947891633
0.000003522740233917216299706823
0.000003292937924127108501547428
0.000002927346019405710229118085
0.000002484003397226294800471513
0.000002021236894695276428311412
0.000001588427170646957618682800
0.000001220211184134503643128962
0.000000934714563119196824337329
0.000000735496125443564910262729
0.000000616118399907675056730223
0.000000565787144391312600780349
0.000000574416270054464642051478
0.000000635774375013615548057086
0.000000747974104860385420578126
0.000000911329792461296401325649
0.000001124353162536390299090783
0.000001379207526089539692832914
0.000001658166708409457209619773
0.000001932466032099959785491754
0.000002164414117979992392687546
0.000002312862284260639554605990
0.000002341269154357622023698501
0.000002226843816931828276718805
0.000001968779049066779464566366
0.000001593521282631885291201012
0.000001155409395167096595031598
0.000000731799708945562282544459
0.000000412842738735229589970175
0.000000287189436321279264339643
0.000000425858727649975514075007
0.000000867092581545840640376490
0.000001605120104232774576081015
0.000002585300132657034243634795
0.000003707167947609959158183305
0.000004835626891995700095297321
0.000005819119312030979035389126
0.000006512331208812984780593888
0.000006800061917970659249694457
0.000006618495154207597852265375
0.000005970321686894847463633693
0.000004930963447515853183831299
0.000003644411806024252294816668
0.000002308720572219802614761901
0.000001152747195317625270022518
0.000000407073200631929849328990
0.000000272954722765120886225957
0.000000893522090825230088608400
0.000002331215830297127564418825
0.000004554656323615637785254262
0.000007436915473394799953584054
0.000010765668221936521901341451
0.000014264156675969796200017375
0.000017620507074566727021697199
0.000020521879961848673250670097
0.000022689337520479612412974482
0.000023909246137295720060047047
0.000024057494092574732832620632
0.000023113723661876598260752486
0.000021164027018011562534475362
0.000018391969760622953601429674
0.000015059200851465074001310149
0.000011478106098767471297860190
0.000007979817133181434058797690
0.000004881301560545433216816748
0.000002455197148644796676964256
0.000000905543504179193525327300
0.000000351698076971505406491161
0.000000821633208412917414250362
0.000002254653989558534002283271
0.000004512508315621037126774348
0.000007397011964187111547792963
0.000010671772137710472687279623
0.000014085400355457207608963523
0.000017393745132763682189171520
0.000020379087281666190744830458
0.000022864836332415850930896081
0.000024724943101190227271552954
0.000025887902851499645467915275
0.000026335786373658780646755256
0.000026099150571308634538993457
0.000025248923979357079070166489
0.000023886441864537527894531838
0.000022132746984338358371214098
0.000020118114760544765739743236
0.000017972548040413435159294575
0.000015817755355823697539828857
0.000013760907509438784096533238
0.000011890279498890794334644769
0.000010272736932879520529928070
0.000008952918628775419375822112
0.000007953895135211974250460769
0.000007279039290221480595574361
0.000006914822457909518456115744
0.000006834243175506182820053841
0.000007000600054792867655575027
0.000007371336227976231161721291
0.000007901707854073598683627283
0.000008548063922376269551783173
0.000009270568029292855480902151
0.000010035243223035549819661776
0.000010815275577763224383099662
0.000011591567165511290594340915
0.000012352580407356534674800236
