0.000000267436060691467424710972
0.000000262443317350691943861605
0.000000336600173955232646806380
0.000000448219316413001968870772
0.000000564186555254860853595008
0.000000662238975726362112621108
0.000000731351013479039975872045
0.000000770434672222901542023080
0.000000785841360376462904562911
0.000000788351901662843993989446
0.000000790406920120626484034261
0.000000804232288428014308371249
0.000000841259374152155396352757
0.000000912874598148706531289352
0.000001032139871784692101462709
0.000001215804013983878021783430
0.000001485764152646725124704051
0.000001869186889772108027554473
0.000002396758124990282100730699
0.000003098938173911412928226462
0.000004000556145710785073237037
0.000005114475777496177099864551
0.000006435318016052196028763989
0.000007934293651256665746876288
0.000009556094967504078551497233
0.000011218572001110227800979580
0.000012815644788839452856542972
0.000014223631525748869848567793
0.000015310920256400455173682179
0.000015950651536193978990768247
0.000016035755213677854117554356
0.000015495244471770057512888252
0.000014310111769686991394336453
0.000012526578939587796392715960
0.000010264010819935230964380576
0.000007714756795706502026156205
0.000005133767461807036368553331
0.000002817143502382665911200690
0.000001070682524624624435717873
0.000000171615938717856088090893
0.000000328522047852835487216465
0.000001645329579688847623425755
0.000004095091490216999910911524
0.000007507905308117135260471964
0.000011575455250484164508150559
0.000015872797554314074851364996
0.000019896691726144233054035526
0.000023119027851178984393765159
0.000025053194089197356299661412
0.000025329715299533479605422620
0.000023774476249650464235478250
0.000020478354934481731027765689
0.000015842276965821813501222176
0.000010578748741061202922209700
0.000005652460333144671198704785
0.000002150609574905148303281335
0.000001088538276819383010697714
0.000003175994750437312918095239
0.000008589265789164527217921727
0.000016808351370641938602595866
0.000026580085437960068072337991
0.000036053442017490841726718581
0.000043101815527212309318849659
0.000045803224508601849134133144
0.000043002088507731491126215295
0.000034837303190667998228045865
0.000023102787924203452166269784
0.000011317417559045325696595770
0.000004424179954739875497411825
0.000008108660279618586027043300
0.000027811964284797104058439762
0.000067594747833114163433100574
0.000129067111863818165208225852
0.000210616731641287679164045721
0.000307135299430131181609021640
0.000410362585085024590431795888
0.000509851270744722290424733036
0.000594427034248837184333968953
0.000653905125857707483424952066
0.000680753743850734133885582722
0.000671385001684025243921805082
0.000626812428636985418013705118
0.000552530687317425274820981151
0.000457625350980922301034892197
0.000353275646106284584892220924
0.000250936523465348755926318525
0.000160549993496834344716694964
0.000089124333397583638456153354
0.000039935788204125817978627777
0.000012470048492730778706585708
0.000003061960690118284754781836
0.000006048308810723906284027070
0.000015152594665978458588775045
0.000024792857624028311920713272
0.000031047042134362862100382258
0.000032111181123666674591156378
0.000028216358167994200830275969
0.000021097795667768818239293238
0.000013203029956521232185051411
0.000006865882813711232391653758
0.000003653600851393837990320913
0.000004026138353968623659817280
0.000007350753981721959880440021
0.000012218718787651822421354633
0.000016938694965814408174668848
0.000020049573736027261630860200
0.000020708645695171035941862386
0.000018861182589099470665932809
0.000015167972161346746914423536
0.000010737229931699052615278259
0.000006757626162735351794670462
0.000004147721426567416906725644
0.000003321343992966963696461015
0.000004125546948947185467925728
0.000005952117832652213292470890
0.000007972294148223384868548816
0.000009412172743007024634299441
0.000009781549274194912535203110
0.000008991101955420528757390031
0.000007333222350673726106157820
0.000005346497730436332501203264
0.000003618423379612853483486582
0.000002595080103511733973217562
0.000002457297519257827261054657
0.000003095213508454798571688888
0.000004177886603341094295027604
0.000005284180721520959145081579
0.000006045239196636151854467173
0.000006251291969453673980940383
0.000005893359245442541310077388
0.000005135674583354877619065151
0.000004237779366275657776748278
0.000003458684055187621494243744
0.000002976165110128625603100241
0.000002844019227996972787829693
0.000002994260813535995153827820
0.000003276114924705537145605168
0.000003514034470526281941780066
0.000003564768875644161369296197
0.000003357718021964874811945492
0.000002910555299447030404074929
0.000002320177192696012153646590
0.000001735072714174856435613526
0.000001318223185319551934830914
0.000001209868422607236292229318
0.000001497780923526289544058768
0.000002200020289402719609868440
0.000003262193566792564105466003
0.000004568445191729331248666965
0.000005963024816713751190180165
0.000007277601011569793094490959
0.000008358767792440362657331761
0.000009090587489185980991880306
0.000009408456912151836774383176
0.000009302727712186168140514123
0.000008812809208005380437358882
0.000008014353898620747387220378
0.000007003147267558938789274413
0.000005879345994852699976433892
0.000004734878008862539610528738
0.000003645491520752575032233208
0.000002667550288883554221995055
0.000001838588231602488013853624
0.000001180072170710377722210394
0.000000700806541890838777369966
0.000000399822956293536268948459
0.000000268216840536451721409370
0.000000289998231262852605559797
0.000000442442573936747764939894
0.000000696578223234543972904476
0.000001018342435717622767693243
0.000001370660290274841663370783
0.000001716367158697143555470040
0.000002021613734345524539487513
0.000002259234940898925164578636
0.000002411552614817343778306959
0.000002472194412760373298282475
0.000002446697838971309837231361
0.000002351871459458095959366934
0.000002214058399913338345956848
