0.000031540807154739834955014394
0.000044197785995272276065009426
0.000059676021794407251019887184
0.000077716115885171168677081344
0.000097964991497937001924123379
0.000119967991686208640643440670
0.000143166461792482201456633284
0.000166901835268830236840009729
0.000190427055674771092972155651
0.000212925907186016966131728023
0.000233540444358060157508880095
0.000251406180334190368450691944
0.000265694012151429460790591497
0.000275657070232357317551147302
0.000280679851985327327278801901
0.000280326242675757052093959976
0.000274382462983138958410173069
0.000262890731762666193978283946
0.000246169589807361500425481049
0.000224817446501594309701127505
0.000199696977859636573418913863
0.000171899449501032710934875225
0.000142689732495938405038710117
0.000113434555131145545442752920
0.000085518206853572333297347496
0.000060251312955518328208677492
0.000038779298191053123974307570
0.000021997673365192448578266105
0.000010481280614217760425066657
0.000004434127725422147794811893
0.000003665452412344295656800811
0.000007596200859052109518308217
0.000015298179690741830750967331
0.000025565733812488316309234626
0.000037016920004086611398382012
0.000048217863830334211131499467
0.000057820512877901009064947335
0.000064700721338913988879386341
0.000068081100964903905228657599
0.000067622072892736996172977082
0.000063465784107951083966095429
0.000056221548189535055172448563
0.000046888339258660005918945973
0.000036719081980323109134015103
0.000027041781527084490289493390
0.000019062031443760946885276203
0.000013677905913128326025854538
0.000011339646830826326877306696
0.000011981627108540612272787051
0.000015042830563308449807894199
0.000019576110943469191092575210
0.000024428782265215146516160183
0.000028461525101699651382715014
0.000030763016047286339843969821
0.000030816892967757020542398511
0.000028586529560318224660753900
0.000024500134790399036007011585
0.000019340280414452133938814707
0.000014063100207453396077797447
0.000009587986106354058645807881
0.000006604743665608122170200284
0.000005440272372364037368282132
0.000006012088849662246037340932
0.000007875098380086058383635003
0.000010346172734623903846618541
0.000012673703206320121147010135
0.000014210505422629993581046422
0.000014550083806357544204449460
0.000013597426746763098618633533
0.000011562927311206451936589565
0.000008887023319554633986609889
0.000006118924127859829011728474
0.000003781680532734805994877006
0.000002256213593171927110002340
0.000001709389607186803997345564
0.000002078384239141875879130269
0.000003109084094432280425096115
0.000004433839172247902844054782
0.000005666306287579217122198603
0.000006489692938351152221693706
0.000006719039199157339716146371
0.000006326516660474380155667565
0.000005428584229616984162638312
0.000004242695599341366000925233
0.000003027165993750736515258744
0.000002019808081079691089020512
0.000001389121805319098034112190
0.000001207123954509661546133023
0.000001446801294272497163481846
0.000002001242730688923866924156
0.000002717067831413779496058103
0.000003432626367299424879593953
0.000004011783710271966879926369
0.000004366534099872425047337860
0.000004465368302854008319643410
0.000004328225193550261116017842
0.000004011983896692206237545499
0.000003592087571855365001711677
0.000003145756830213238335692888
0.000002740573460820437317133919
0.000002429643410651262588082020
0.000002251968531031607543413517
0.000002234929171670174187660065
0.000002395469630248336855254769
0.000002737767004262903801570716
0.000003247402397815952067354700
0.000003884488593894702534580366
0.000004579854300467330741183578
0.000005238463600576180610507351
0.000005752489805842058908107086
0.000006023255496762724288362881
0.000005987581608424041900232138
0.000005641258649518717809717185
0.000005051550622375484491147993
0.000004352504404846239838429954
0.000003721154383921032560936931
0.000003338392105723058806814865
0.000003343609113496779290832092
0.000003795413518848758591399829
0.000004650465255490019198620841
0.000005768463140280114253037255
0.000006944432696158329912513533
0.000007961594663214607601000629
0.000008651590230573821433692448
0.000008945780190728765441537419
0.000008902845973918262833060079
0.000008703767076834686592734860
0.000008613866304150247100025577
0.000008920563514925219358647421
0.000009862195112219993353773299
0.000011565834076545117184518091
0.000014009804550986404474361216
0.000017020243497638901526139085
0.000020302466426337409627182751
0.000023499422260117588202648839
0.000026263365638739655482910076
0.000028324437216477650906733959
0.000029541428243963067820599885
0.000029924860318045925952320022
0.000029629154475877954874954434
0.000028917373919582045724459285
0.000028107306040386257305323942
0.000027510555290986314701077997
0.000027376569606107767828814814
0.000027851439408705972816887933
0.000028957619764904037062708958
0.000030596343962401038386097335
0.000032570307678954073140990821
0.000034620922350026363029009552
0.000036472523114847655494128592
0.000037875540952295828423315727
0.000038641701292478981605207217
0.000038666448835504880631071256
0.000037936518261324979578268113
0.000036523313007534363499803631
0.000034565012393587592469824249
0.000032241745065525482594800261
0.000029748600065552101794465537
0.000027270772372496521402437247
0.000024964009550508896014085064
0.000022942084385272693480492534
0.000021271606205698333913337375
0.000019973359693841057408390804
0.000019028657157616153726507197
0.000018388913922081494441412158
0.000017986717844261870423092087
0.000017746930480429013609515801
0.000017596702178900035690471346
0.000017473618132611614539454262
0.000017331478762371111215258301
0.000017143458185515642841793491
0.000016902601869495318255391669
0.000016619840223267570510730026
0.000016319913281782292966597472
0.000016035805734711642037918639
0.000015802448543256165746197575
0.000015650517084438988427846917
0.000015601120312601415840696867
0.000015662025725718057959662960
0.000015825820638660363680935012
