0.000010730306133516012158900244
0.000011323453679133762051259825
0.000011735695991594986115590105
0.000011948340311418163042214355
0.000011952127374489724670057929
0.000011747241522504613532411344
0.000011342913152703284384225854
0.000010756660739579289914262354
0.000010013224033011692811270810
0.000009143242940697802144649903
0.000008181738814527304617658758
0.000007166456874314922574891601
0.000006136130550686299622940162
0.000005128730621512209005778259
0.000004179763979058512270126861
0.000003320688369277337940728249
0.000002577510019684612598884653
0.000001969630102361802382606674
0.000001509002695085135289752984
0.000001199660392159301939136963
0.000001037652969323482306926638
0.000001011428549340442316622091
0.000001102664827323031726237718
0.000001287529948858132214416575
0.000001538319380183883600986326
0.000001825378639287991457322113
0.000002119185619598351699672872
0.000002392435387886440198532568
0.000002621950680707452797810154
0.000002790238846158135623996225
0.000002886535525022256880507167
0.000002907219251870703645326648
0.000002855547908931091390149007
0.000002740751552527127760181935
0.000002576606013583016726296339
0.000002379693874929023903656931
0.000002167618632689453522799112
0.000001957460248043916652610280
0.000001764736678386136994059691
0.000001603064391085072233291862
0.000001484598157270959835316612
0.000001421192143045482308473266
0.000001426082742691777170817983
0.000001515774131375888052392954
0.000001711734003622297587836635
0.000002041496910259038634100244
0.000002538833248687376190153714
0.000003242768133522404204959443
0.000004195408686902887202886149
0.000005438733685015837210547686
0.000007010683750103826954950398
0.000008941031546936380002390046
0.000011247583854434867330854969
0.000013933255565310213674014642
0.000016984457469249566779947308
0.000020371066671787298055576465
0.000024048024314341892018406788
0.000027958362123053920192741750
0.000032037233498491570317726063
0.000036216351688113608607664379
0.000040428146646869323550723546
0.000044608963248090229144430380
0.000048700743417699814087271082
0.000052650855677662330859081785
0.000056410034573403490336905575
0.000059928732816009005449249536
0.000063152523324062328959754842
0.000066017463695760826526345855
0.000068446500092403009902694566
0.000070347998258714659414528314
0.000071617320908443402689355639
0.000072142021812573612965166503
0.000071810725354534579809723249
0.000070525163072407661877215312
0.000068214227517585346001818825
0.000064848375297178127143679638
0.000060452362958152746751777640
0.000055114213243347223182815736
0.000048988535057195407851349245
0.000042292863195710325209010494
0.000035296496984311406591369731
0.000028302304105454622083293606
0.000021622981765879504097637928
0.000015554176524725247453230167
0.000010347505412065491922721933
0.000006186773399452504864899725
0.000003170477805689454567654364
0.000001303029125531538100069679
0.000000496073209797795360401793
0.000000580009890439461169054389
0.000001324451739841085862525792
0.000002465154579083225866263781
0.000003734064218059454481180416
0.000004888701040863675293768158
0.000005737214492897657085374898
0.000006156069553821086852559916
0.000006098381787277523597204636
0.000005592235310732036346890225
0.000004729698174106749180645518
0.000003648484812449790432340802
0.000002509125427172346485771249
0.000001470963316120987535124765
0.000000670263753525621507414495
0.000000203212280386426585050816
0.000000115707966135525630846992
0.000000400771565611280140409208
0.000001003266473169817850986984
0.000001830642466137695355032954
0.000002767695265674787808481833
0.000003692972432134959024995586
0.000004494469049858353306575471
0.000005082605631870104472577829
0.000005399077973672362195506607
0.000005420897387681705668362707
0.000005159675817001425308168557
0.000004656843504422143731336092
0.000003975936899433626275143089
0.000003193320199020703275676622
0.000002388704784874656476714554
0.000001636641246307791698749181
0.000000999837306933301935872658
0.000000524771440085656090095286
0.000000239693811510480662874432
0.000000154788232188720254799702
0.000000264046350504534784450013
0.000000548291887445994938851560
0.000000978781884736999964732114
0.000001520882208826567320722944
0.000002137436001521110028007278
0.000002791584836815209634980914
0.000003448935657713653832621764
0.000004079072858634164304610092
0.000004656484680727337583359699
0.000005161006285339313821196924
0.000005577885581353922226494329
0.000005897563337764757638063354
0.000006115238312807879248931241
0.000006230270942261403822794857
0.000006245471344078738473975642
0.000006166320007516255558444734
0.000006000179230877027229109841
0.000005755564010045595886588560
0.000005441545723401213528801299
0.000005067354977400955345380722
0.000004642228725679942264131621
0.000004175512474873144663637444
0.000003676986034866585073723052
0.000003157338585385833172445745
0.000002628684548945710788164266
0.000002104993620747576357386203
0.000001602311236394544760030796
0.000001138670668354649206848524
0.000000733641404108009308106947
0.000000407513339095214725255322
0.000000180173207822077256811530
0.000000069778792726587686696155
0.000000091369569077135877734828
0.000000255564454775864978094968
0.000000567487091868633495591158
0.000001026029422030975575609612
0.000001623521252692104067255358
0.000002345824900212438150911252
0.000003172827930374922429933608
0.000004079270314739828804208917
0.000005035819429551278891203474
0.000006010298776873925058450952
0.000006968982803330238752265082
0.000007877887180494066771043599
0.000008704006517305536472814236
0.000009416474528781719401538536
0.000009987640652849704033227479
0.000010394068767237778274097233
0.000010617466449032309373616545
0.000010645547255921698027525749
0.000010472815337435010675623710
0.000010101243878437220707162611
0.000009540799571067552168474046
0.000008809747779465108656875988
0.000007934660385775402124584020
0.000006950043154008035803295001
