0.000016849198572368537132719346
0.000013796115095694036085916499
0.000011070463192157834028846175
0.000008743339225752139092580524
0.000006851885893905601845573546
0.000005401961504887398536449428
0.000004372420990939895675162722
0.000003720439812987716636895948
0.000003387379670075685896956513
0.000003304798013263743604881265
0.000003400315391063872961629339
0.000003603153846203353707320109
0.000003849231677607670707493698
0.000004085739152871813158294113
0.000004275128330310732353196704
0.000004398435996686548815745501
0.000004457832909489425549163892
0.000004478266331893645927925834
0.000004508045378221158548724765
0.000004618215496375705259751200
0.000004900581360033729139092859
0.000005464265836318563674127609
0.000006430735327571030689403422
0.000007927279148783204418531739
0.000010079006332189261965119956
0.000012999523903006955625224865
0.000016780593268044796651482231
0.000021481228891156553848862734
0.000027116899407745599491102381
0.000033649695346088307997597239
0.000040980504214619313540796802
0.000048944336374793820615240747
0.000057309925840990661447590243
0.000065784552767436972196997413
0.000074024687850473473802598301
0.000081652565431986060180170883
0.000088278205965336051762315517
0.000093525803642057384165893474
0.000097062844687820530251154416
0.000098629877708368828568077924
0.000098068537164681588141207369
0.000095345213023538969766314255
0.000090567646637562521897031609
0.000083991727358992727221417840
0.000076015939610111772336067948
0.000067161407971294174328903692
0.000058036487083552715845330416
0.000049286486231707995412775619
0.000041531412757046910972421466
0.000035297346080931556113087499
0.000030949732966429824168944074
0.000028638826333941301625733711
0.000028267907378567450548626644
0.000029493222411305081826458918
0.000031760519036945612607585748
0.000034377049123081944610735849
0.000036610911234571268980941827
0.000037803109366627039107568858
0.000037473350260758336524331141
0.000035399768537373367018050718
0.000031656151790252719973369627
0.000026597555939675916660686061
0.000020795148275522095922349802
0.000014931592128021878580876498
0.000009676876649278165560728003
0.000005569070786179205361822453
0.000002923777523026492392249718
0.000001790056676905028011480151
0.000001960547493322569549825196
0.000003031752210143701253158323
0.000004499695194024321302436742
0.000005868972395213871553814808
0.000006751201227354651160242685
0.000006932430006704423628718058
0.000006397159610149609045904630
0.000005307170490651673354083433
0.000003943707086379401845015712
0.000002629271704821018684842529
0.000001648618063051995715959357
0.000001186981687887838743215851
0.000001297862954061398213601660
0.000001904510254716878996463815
0.000002830853974195314346352492
0.000003851125617520572398341273
0.000004744218487265117154840464
0.000005339478349153952895184225
0.000005544491536693339479944381
0.000005351200640136071924580184
0.000004822596610125457844637023
0.000004066722077452540797936221
0.000003206749877599260691480058
0.000002355246468621076237235853
0.000001597949407401130403441917
0.000000988584127414647261859423
0.000000552688555827531185403673
0.000000296147563091901184472576
0.000000213684613396601468746230
0.000000293805969036277730228114
0.000000518997548124414026864094
0.000000862409133353927194194210
0.000001283942424219991026125500
0.000001729037265359774552515946
0.000002132464006276821800371733
0.000002427497609972679863313662
0.000002558697566745467788068254
0.000002494919268625812976342745
0.000002238691865157247305425422
0.000001828875408912637893441835
0.000001335288468575080567921120
0.000000846191065816537359910122
0.000000451425128653679381574991
0.000000225091177539159599432349
0.000000211613314186639982204422
0.000000418014623189400018210700
0.000000813586622301894715164985
0.000001336418060399389271769945
0.000001904922890300248604464502
0.000002431844014677819003751808
0.000002838219299059158062852265
0.000003065279739853575418799319
0.000003082917221217304454505782
0.000002893968320454361191514363
0.000002534007831167905578522749
0.000002066679697365766601454369
0.000001574947991523468554330529
0.000001149137654108157364146519
0.000000873247890981107393697225
0.000000811605610598984122921312
0.000000998229623298563888529828
0.000001431062489942071665568373
0.000002072402576235531780721611
0.000002855562025403504494930427
0.000003696325222406295332093322
0.000004506630437458350232752570
0.000005207432192602308394509085
0.000005738101310629902031290074
0.000006060870335367474582633548
0.000006160357546895070170601526
0.000006039593515611575613093003
0.000005714771162892332380996846
0.000005210902116680301288651790
0.000004559749753718045183056504
0.000003800157902395216701627641
0.000002979684191237504193509704
0.000002155725697289187532673790
0.000001394346139565745705182894
0.000000765756814736263040249470
0.000000336590728173263678579038
0.000000160318320697364385481372
0.000000267969710602126066368976
0.000000661487065757633619283778
0.000001311493436954853011714751
0.000002160215641170804584561375
0.000003129068125992172176547774
0.000004129350143592388476543060
0.000005073904049849982741829738
0.000005887546060279187740572199
0.000006514559632557974012023912
0.000006922351370126104131417534
0.000007101265446178809824431116
0.000007061307354737985762392540
0.000006826988597241196080988961
0.000006431618912705966770041247
0.000005912183911228524927326811
0.000005305558611379175536768623
0.000004646349311303991370372592
0.000003966241702931061267574982
0.000003294439182822361632382510
0.000002658633698585854889407526
0.000002085954009382672913811008
0.000001603447989472631347239147
0.000001237830164802787731164217
0.000001014418079161912485548205
0.000000955355972255038814107972
0.000001077359048918566515371073
0.000001389295944085736976442180
0.000001889959916374926829460597
0.000002566366064027840953963968
0.000003392860982873868086527689
0.000004331252640272281788586320
