0.000005762308230551577980529075
0.000005882615647382838479633339
0.000005974186815018110030409484
0.000006023529910774309541090892
0.000006021673243155991188412836
0.000005964231829767497984682960
0.000005851164019710199022141200
0.000005686283977159135349704801
0.000005476597366933738818728546
0.000005231524232207388852783705
0.000004962067022334576650501470
0.000004679974468572411530847919
0.000004396944169589361943982237
0.000004123898382159441116875682
0.000003870358418490503195569588
0.000003643933212725991672097624
0.000003449927550126307418263327
0.000003291066376544862973996079
0.000003167325380703311675430764
0.000003075856811724392940850465
0.000003011005102629020359052353
0.000002964420123695468035901609
0.000002925295819764776250945923
0.000002880785296353170426246612
0.000002816664322017637798778759
0.000002718325844361489125990475
0.000002572179658049890900358694
0.000002367495881425082615660003
0.000002098663710538259565127270
0.000001767739103488538429277276
0.000001387035503464388728732675
0.000000981388057763837180476427
0.000000589619445715783875312365
0.000000264684411624444360159437
0.000000071999644071915454876177
0.000000085597252741456586585155
0.000000381980323811584291113306
0.000001031893737157600923027645
0.000002090615268030215203123607
0.000003587762651779592946467683
0.000005517929877634553033913592
0.000007833637016199251234442949
0.000010442041889779789490158395
0.000013206585707464603326446659
0.000015954233428513169186242077
0.000018488270854473300012273812
0.000020605821442735132052390123
0.000022118461866352818464631982
0.000022873672358999187965468425
0.000022774471893990079680338001
0.000021794545370834533619657652
0.000019986510652989997795800706
0.000017481683288110971689118672
0.000014480706288367303189194499
0.000011235603255871732533092283
0.000008025032542619879805329344
0.000005125599001838780914997590
0.000002782854074106198578181237
0.000001185946750072087286405884
0.000000449686204810048252481609
0.000000607013776849053405236262
0.000001613604363035307662698967
0.000003364650634444436936437706
0.000005722025718789535428734916
0.000008548224379916194226114792
0.000011742028931705550916296359
0.000015270001695452298890939846
0.000019187882073795011785271453
0.000023646875293454033134521453
0.000028881640171041241915532438
0.000035179343000184986646472485
0.000042832127819442414263986091
0.000052078332457948559410573081
0.000063040273384376476688110980
0.000075667970097962239427527575
0.000089698423701469303108597952
0.000104638822434887848863635518
0.000119779364120751866985836731
0.000134237549317841589266442348
0.000147031314621233114405332576
0.000157173899227445361750921116
0.000163779577954675889962105062
0.000166166994465472380631057558
0.000163946255501981515969797676
0.000157077398112079368378002364
0.000145891197423801227640513534
0.000131068109450560105417107892
0.000113576754045857910495158360
0.000094578900847901416974565503
0.000075312575415076115064455520
0.000056967930885473669930067764
0.000040571459509594594912852000
0.000026892806463028108451785922
0.000016385109331077617981099054
0.000009164953685657364424246851
0.000005032469416707712660469590
0.000003526653890113258330572029
0.000004006511433028355233156720
0.000005745681173337087874956712
0.000008027247977623037477994117
0.000010226431799438546102324656
0.000011871553144607444854521233
0.000012677549580606471381826958
0.000012550694178773279900403030
0.000011567337226329617284013851
0.000009932842498294430140536905
0.000007928986696399355536086714
0.000005858741091351927364374707
0.000003996611569762814921943136
0.000002550845764078570128728174
0.000001641241152751524947611792
0.000001293487729114964438162524
0.000001448412943250290843574357
0.000001982530390211262713080114
0.000002735149660895946150047150
0.000003537044558698394160103744
0.000004236212734339120669581260
0.000004717389568237762352651433
0.000004913435917539746329986243
0.000004808224911557124299293312
0.000004431965322693544937339514
0.000003850846619618377527814127
0.000003153389498785454897158064
0.000002435938127761109258680563
0.000001789410535856304108876099
0.000001288851887088595324574038
0.000000986649703657615619934763
0.000000909599393261884548770820
0.000001059452483656514572570137
0.000001416198438608218506794961
0.000001943141682182722246535842
0.000002592820843770421239247613
0.000003312935523067562607497103
0.000004051644534675412496463245
0.000004761827415736210449297063
0.000005404116847900477633656353
0.000005948686973005029228510950
0.000006375909618656266906219603
0.000006676067496604919756684419
0.000006848348496724162228648826
0.000006899349526150419112467248
0.000006841302954581452924623722
0.000006690212378052759698292447
0.000006464052977915761698962140
0.000006181158594003120195284600
0.000005858884437470408335698474
0.000005512601983893040868338169
0.000005155051606181896927229638
0.000004796049579988601663574615
0.000004442520024722360741961484
0.000004098800089544351064668390
0.000003767149338412892074345190
0.000003448382968458205793374407
0.000003142544252457136898682311
0.000002849535118796549899508608
0.000002569635089100114264240365
0.000002303856948364353953123511
0.000002054110523861380526908747
0.000001823170895162735520464393
0.000001614470899951792667582602
0.000001431756796385506268898388
0.000001278658128192670218698998
0.000001158227313339428610780655
0.000001072501847682835112389845
0.000001022134140108249213450093
0.000001006123404849542042930558
0.000001021673198478975396255846
0.000001064188845412194178816512
0.000001127421756590364319285894
0.000001203761950974345447021958
0.000001284674532403667848525527
0.000001361268779993663592355795
0.000001424978588994446702169715
0.000001468319894417503116532835
0.000001485675295088204378484353
0.000001474040452692627292690828
0.000001433653935500766947230616
0.000001368425322599356757822479
0.000001286078610206406655627536
0.000001197941416064907598848857
