0.001108946945372697636539305321
0.001105114562080569294219567489
0.001083903370788785519227004350
0.001045935867584033701627177493
0.000992409892711529351139176924
0.000925072017269148983396875874
0.000846167950337130378608840875
0.000758368652095549149183550952
0.000664671560973152729216717471
0.000568277543063501889945843271
0.000472446077831521456594221497
0.000380333857822693851852974278
0.000294825182778836035902420010
0.000218365767368700037197315478
0.000152814154573448581810046765
0.000099326096265220408573076716
0.000058286450679406375462946605
0.000029300097193529219766899852
0.000011248224762442535727951370
0.000002409622901467362010834855
0.000000639058322877352763710624
0.000003587332471450819408527759
0.000008941068450430332911369954
0.000014655531742748029898825921
0.000019151715548980893821014865
0.000021450398455210174781084345
0.000021221681670013674747467952
0.000018738988435559539107687355
0.000014741132267988249048961541
0.000010222994409323095361214959
0.000006191323341110163607577295
0.000003432933077146992205955700
0.000002344021902490632782638073
0.000002859026168451311140060456
0.000004496025950848190979344636
0.000006507587308901145094165372
0.000008098379046288322233543115
0.000008652142145245021666484508
0.000007906899278242609483162082
0.000006030599219894034105737650
0.000003576296126124628713463787
0.000001328743384162565017064849
0.000000083526141021923209398594
0.000000417618067469558199458719
0.000002512379286878020700422539
0.000006076851505717060773791895
0.000010394662778557008076495138
0.000014487729608792472216346678
0.000017360492184649837404172151
0.000018265643674464923580961703
0.000016921698897374207973699073
0.000013618621159833934144717943
0.000009171754842555431152151431
0.000004723489168735511165790174
0.000001437525713535324394515952
0.000000168686642987572235676268
0.000001207453091098082463173834
0.000004183491977300735514030527
0.000008167162387408676834732804
0.000011945123645799269078079941
0.000014386925578976385558388484
0.000014785885920657494002356663
0.000013063538124927756209608248
0.000009771935279947624203734230
0.000005896619532506277230215520
0.000002530331681194541640486304
0.000000529148614925917335802361
0.000000264228915471714143074408
0.000001544576076198727942806119
0.000003724500177868059890847570
0.000005946999355482856502845036
0.000007433025696729385006582790
0.000007719157319059426566485935
0.000006772071156384678221600449
0.000004955293534089653632185041
0.000002873897358944600631514531
0.000001159108000769507468093633
0.000000266986991117550624495459
0.000000352602505306503162014223
0.000001250685291449962379783500
0.000002557544538203390889122670
0.000003778831261001095145521909
0.000004491790335209874555021624
0.000004471676714414127875836871
0.000003747491093335274165473502
0.000002575964201163222440008451
0.000001347310927202586074258425
0.000000455015486450356768403577
0.000000170403907323072846933143
0.000000559553139170825219894808
0.000001466610570558607936722550
0.000002567643787028914641981832
0.000003478010770114478925480990
0.000003879680706340843083059552
0.000003627869484615625955730355
0.000002801534767230195392250652
0.000001679139049335078006047837
0.000000645289010554241118409005
0.000000057965187967645151565547
0.000000121594227233921859407471
0.000000811653825530498425947737
0.000001880144736310830254832297
0.000002942745891886658346817650
0.000003617793979142814605022907
0.000003666320183399935922344878
0.000003080248720536782440086775
0.000002084463628241453409201209
0.000001051213978883381544950949
0.000000359411964524001518462968
0.000000252906304783350355935297
0.000000751868499630885097826088
0.000001650039005685179153000387
0.000002596748952447001486729247
0.000003230342386171959579240940
0.000003311676942139230607465000
0.000002808998784906284969568012
0.000001906133111252114901643107
0.000000935148958693112963692202
0.000000260731374845205937535597
0.000000157476924350873250686158
0.000000720096500095768303247176
0.000001832811827829068723752439
0.000003204339874531231937762740
0.000004455477792518143462252318
0.000005232360652383406147156262
0.000005312465257820114270328766
0.000004672914228678547212130108
0.000003500802744735885080963654
0.000002141129263198667431240428
0.000000995998890026466677865506
0.000000404225393635237471849127
0.000000538083747312873534109111
0.000001350191670486494926843590
0.000002588383986268006095663851
0.000003874435557880118729276540
0.000004821195783835109424761596
0.000005149966622456486462942535
0.000004770557713008384705501500
0.000003800001393513678377004180
0.000002517063172807725357558832
0.000001270497791657628844841019
0.000000372279433541198152706912
0.000000009052936973234159059245
0.000000196526933746470408457602
0.000000786638354261614403925605
0.000001521541553490887594896129
0.000002116426407326451523109199
0.000002347333038300237761659538
0.000002120777549164810448325321
0.000001507894096210886607014874
0.000000735030791152848308428838
0.000000133264947381555667952537
0.000000059081212256567953463574
0.000000805475184747252608683421
0.000002525277844986113089402382
0.000005185618143934948418743210
0.000008564583166104168372397866
0.000012290271574293453184473050
0.000015911645729922688674747022
0.000018983060568942525421498591
0.000021142230892691917106766125
0.000022165009067473872086690562
0.000021988100620103513926613739
0.000020699946256859021729342801
0.000018507531279080557815508098
0.000015690859166304578948018464
0.000012556748037960802248723217
0.000009400397535096388835660838
0.000006478583573318877118849945
0.000003994175072554628716655582
0.000002089144352990794756513675
0.000000842694953135166981180565
0.000000272105717199527233858195
0.000000335507889257138592817558
0.000000937187087618834394165215
0.000001936563861074982216341992
0.000003161628449750356954864880
0.000004426546829600935393145191
0.000005551886230013471604401425
0.000006384907470604489983820144
