0.000000071686934999369464458532
0.000000003797225447142195957393
0.000000087932084018520014559721
0.000000319255386761105113856883
0.000000688895297949621204642548
0.000001184323578144253538008135
0.000001789676585362470672278443
0.000002486017466381269053145222
0.000003251564264383192083746922
0.000004061926284149205777080065
0.000004890399712977218123612175
0.000005708373203284348689347076
0.000006485886199298221283242490
0.000007192369649498405481690723
0.000007797583444520993209750880
0.000008272750443341453941152770
0.000008591875331687529274041042
0.000008733228019655056930965059
0.000008680963703592121477560159
0.000008426840688858817444138218
0.000007971976832345480912223566
0.000007328550677932356411216699
0.000006521301535502658883343679
0.000005588616806482747296244522
0.000004582925031469323642733561
0.000003570057491732067691246090
0.000002627223947341440000693069
0.000001839295431960553528895428
0.000001293220700963828500922818
0.000001070632551583730626243267
0.000001239015919712106269292553
0.000001842177188536044548608939
0.000002891114751495977582647010
0.000004356667242902065215984665
0.000006165424709572562968846934
0.000008200257949130677597305954
0.000010306412705748012193364242
0.000012303438071533471037601222
0.000014002341050076740555110043
0.000015226407531076772446229292
0.000015833270519955905462732015
0.000015735218059412707590060537
0.000014914570008540166404166667
0.000013431307607648362015739449
0.000011421016418969353453855865
0.000009082505472114545342016481
0.000006656006506214820241378472
0.000004394389895494747809000929
0.000002531094960340978758947875
0.000001249231968599881189337791
0.000000656417926044503949710852
0.000000769309840124916289731986
0.000001510562029455249924225031
0.000002719223417316482717268414
0.000004173644465164974052769943
0.000005624055629293529053221168
0.000006830382972146934304909748
0.000007599820690390055227326268
0.000007818363310785004374812816
0.000007471010405123959534259403
0.000006646696944969173575232853
0.000005526069955765848100990092
0.000004352813272076077887897099
0.000003391998075048961672087276
0.000002881505165834355679363357
0.000002984482242908868609510345
0.000003751645111818106408671861
0.000005101686644039928332744309
0.000006825985207228040510172001
0.000008620317606210989969757127
0.000010141771919627515387675801
0.000011084173609025846349621612
0.000011260915455133545641790323
0.000010681000099139975088933900
0.000009603130966872342610821459
0.000008554308207925028807727674
0.000008303666350881038694833718
0.000009788803599627545764410609
0.000013999699501118679237582701
0.000021833240441129662191875951
0.000033937956098312151902249983
0.000050572496628141052938017197
0.000071501690233993623647956728
0.000095950328013126942334337643
0.000122627437433767773377127352
0.000149823729148713350334959360
0.000175573688704398734542616589
0.000197863287772215724197311104
0.000214856332406606069691801242
0.000225108504745418598006617694
0.000227738995699346006076901894
0.000222535256790526176501332500
0.000209975969683810672738316638
0.000191169295601624380891159216
0.000167715854169531955897981534
0.000141516654809333930573750360
0.000114553625488240479147680762
0.000088673322659050935845397035
0.000065402528362681536635084290
0.000045818244234288156037631506
0.000030485289072635508823231471
0.000019463974078920940491031419
0.000012379989658029230703041590
0.000008540325869801985961987136
0.000007073940451524079224218406
0.000007074527118314195114261254
0.000007724991725244896806443912
0.000008388393686437696001754680
0.000008657025924022157423133247
0.000008358689038740700193858002
0.000007525835429374260335049721
0.000006338158584423548075532408
0.000005051821777152688881687252
0.000003928738527784149926432890
0.000003177413923264529300820574
0.000002913409245383994234908712
0.000003143243704836118044556540
0.000003771260626176992937339969
0.000004625326752078438695024373
0.000005494682778297849908607630
0.000006172070998772066076451959
0.000006492447656898173361634218
0.000006361953517502488823938660
0.000005773024325799525913736118
0.000004804145637306387636820005
0.000003605351015746164985054274
0.000002372735434538837213859930
0.000001316715496074164425902714
0.000000629359330515871463980536
0.000000455823950524793976194860
0.000000873904970714430508062600
0.000001884155967694772991326150
0.000003411263314485336715529626
0.000005315663369369482745962086
0.000007413015027802717443142916
0.000009498263908168672338514123
0.000011370727489485789820267310
0.000012856867423098425841821064
0.000013828089473944030118250474
0.000014211865356986853040814969
0.000013995528590259766194133992
0.000013223095656113964039527105
0.000011986276969562771770364505
0.000010411389935440960673564484
0.000008644139381628647083948523
0.000006834203961473271196126224
0.000005121309537196323356659285
0.000003624051814693602741263359
0.000002432228557586972572511106
0.000001602931672188371707869423
0.000001160194897150509010566566
0.000001097639880433019245629055
0.000001383337781849462974205858
0.000001966010383035548675638871
0.000002781721230032804863209137
0.000003760327456005495429898142
0.000004831143052556616796617238
0.000005927469512421249755345417
0.000006989848867182842966018670
0.000007968063667768787871237453
0.000008822034187748456959669331
0.000009521840048011103382354613
0.000010047124200410031312708306
0.000010386129721336865951229582
0.000010534584915212247317956376
0.000010494601170490050145675011
0.000010273691160484049373128289
0.000009883960603149343835511186
0.000009341480666489994380227192
0.000008665813515194696563096778
0.000007879641517591041437640516
0.000007008440603327167011228974
0.000006080138321719153013823062
0.000005124704814911704048069514
0.000004173637600266831649349804
0.000003259316464398352265963632
0.000002414221161831248174992840
0.000001670020841010746096694500
0.000001056559538397835014628470
0.000000600776305359431284719635
