0.000172196826316175642841710403
0.000137451905728263842117881088
0.000105846931135718892507888156
0.000078216812574611531243273799
0.000055251211661190260037920807
0.000037476282561590917679055640
0.000025240924453392748534217779
0.000018707652291818434883794581
0.000017848144380872027090975673
0.000022443489870588797401897152
0.000032089146962897435483730996
0.000046204647386821783212364212
0.000064048155493482897401488763
0.000084736108936352095774569015
0.000107268307088774077521706185
0.000130558918521975621078456964
0.000153473867641735502555591641
0.000174874835187000172466442738
0.000193669578419072721617993915
0.000208867395955087976336037037
0.000219637355516560673620793387
0.000225365496918848593138964831
0.000225705850936088961303585543
0.000220619096762913948373691087
0.000210392370577881424563437829
0.000195634446106825610894874856
0.000177242413386364291820462835
0.000156339048661425659893925433
0.000134183998213910116474242851
0.000112066134671865599262315094
0.000091188238203127139911222110
0.000072557698593462459845868096
0.000056897530317076616733582700
0.000044590233632335569491714211
0.000035662943503104344597585268
0.000029816399846399656574542913
0.000026493506576090383324061442
0.000024976864475956259202364673
0.000024499935448866660069825590
0.000024354435873428093971976294
0.000023977664070428428728107631
0.000023007577201187530071971668
0.000021299722801351744392792109
0.000018907286191877586907549372
0.000016032034452465584388036052
0.000012958485682113970871988211
0.000009985361258998393503777749
0.000007367121723059506895514483
0.000005274671568472916142610203
0.000003779200470132772384765406
0.000002857895123446815364011246
0.000002416085668312003461037814
0.000002318069794162736838282748
0.000002418625722553911629397966
0.000002588783593829431795956810
0.000002732087732306759367728773
0.000002790512607933886751390836
0.000002741645486126792546834486
0.000002590238586929058126951710
0.000002357623912262616649879393
0.000002071943220498649239574938
0.000001761039305555037521290270
0.000001448604411128229354420406
0.000001153141393010783508871566
0.000000888674183436981659874238
0.000000665996307556724586034381
0.000000493488189116415945779492
0.000000377007714900713850444047
0.000000318887156432934340545527
0.000000316501950820753738219355
0.000000361112732480985746288639
0.000000437679753670882535941325
0.000000526122151260315693841786
0.000000604103701783392868653695
0.000000650966970959995516381538
0.000000652024209363733529716534
0.000000602161001656546478731126
0.000000507707710226867970524582
0.000000385823400701184615567137
0.000000261185136655784987425879
0.000000160472747715010705308702
0.000000105813119474611622720445
0.000000108800892641470440088663
0.000000166774725009393692505484
0.000000262616265103221508511093
0.000000368497732520072647054691
0.000000452918136570418955962644
0.000000489329862655378432576133
0.000000463992574893151172432383
0.000000380660611623049604530761
0.000000260412198339409086151073
0.000000136241943457569568817612
0.000000043624522431687338940737
0.000000009643002338949233270302
0.000000043987741764262009348518
0.000000134859912827802522991447
0.000000251533374906849236024087
0.000000353347664125797912844482
0.000000402798653699533876779496
0.000000378840629096660622146205
0.000000286077400404787856952137
0.000000156446811974496133307170
0.000000042109428604694260938229
0.000000000950888299505320027611
0.000000078572197586065785764168
0.000000292066670500035350267743
0.000000620747806060409997960694
0.000001007254151752319939482658
0.000001369578506109111971157958
0.000001621388191966218415005548
0.000001695473612960495234927225
0.000001564049864425934133042601
0.000001250278882888050693586814
0.000000827588074458041287642630
0.000000406490853908894363630402
0.000000111779267563077883961087
0.000000055310426005046444054704
0.000000310582329753207845902962
0.000000894746373972309715881795
0.000001761900911761613741074299
0.000002809000216778528796572872
0.000003893128928790840731868385
0.000004856770474725736206136895
0.000005556370038543790721081213
0.000005889066065793659824375954
0.000005812878187812476157196942
0.000005356745632497010383386848
0.000004618433577099386448021681
0.000003750278399509122286676309
0.000002934803874427160957786068
0.000002354122468158945115753377
0.000002158393504531059692438336
0.000002439099402052285462430244
0.000003212287181311128031116616
0.000004415190825126434655940010
0.000005917072906698403478038123
0.000007542235680492325423864182
0.000009100628022352290276723516
0.000010419944399395276164017009
0.000011372967424424053269364429
0.000011895174994727617160772230
0.000011989967182954707077512102
0.000011721644423581493654686232
0.000011198779271015668539492917
0.000010552282315396495352062024
0.000009912959657906882899127722
0.000009392723139574946542257154
0.000009072163980124972438938945
0.000008995416754505579449486576
0.000009171609454251396182982922
0.000009581072801442171911500724
0.000010184021475271662422377138
0.000010929572373727442887911786
0.000011763537443463521509501996
0.000012634170925958472387197300
0.000013495738194393035647069418
0.000014310259548168175245232495
0.000015048016233222962450112939
0.000015687415805472610909809469
0.000016214674174091530029807873
0.000016623567676325404245856257
0.000016915310965770264159781580
0.000017098469188358583244072633
0.000017188733125929337499379970
0.000017208371560109711543825120
0.000017185213275707511581570641
0.000017151085207701824620783390
0.000017139726230322165648417912
0.000017184291854296870904767608
0.000017314648746798161479606981
0.000017554716594900346562186863
0.000017920138849168912304051990
0.000018416548760357719419743228
0.000019038644363157178205281025
0.000019770203096912668944140634
0.000020585065519284361271971223
0.000021449012183227392561429142
0.000022322361976416919848199838
0.000023163045395771016409002321
0.000023929860010911647787926887
