0.000212395886080434762466923049
0.000210247701604563964590879910
0.000205513827784336677688414863
0.000198374480585482971086233595
0.000189096798894984732342453015
0.000178025670926930173684765712
0.000165571822753971442578752038
0.000152197389043053516463968600
0.000138399234489657062610601379
0.000124690365133623993218817128
0.000111579865209713143198513863
0.000099551916494475942349430542
0.000089044597066098368168957089
0.000080429303239381344015936082
0.000073991775173643404422962888
0.000069915812107993412748141449
0.000068270813903252813544322852
0.000069004258471395835410240605
0.000071940100246832230533253205
0.000076783840663541410524045583
0.000083134675571589698424637693
0.000090504677502882164576679391
0.000098344447747486865574195747
0.000106074113197277358441351913
0.000113117996118852152248601683
0.000118940808721220683732283652
0.000123082876883146659016676772
0.000125191731001328128251859351
0.000125047455810887823968169386
0.000122579485102986663431698378
0.000117873057758711985432142910
0.000111164289275895278958847245
0.000102823704668071765587489264
0.000093329050949157003089044771
0.000083229173696960324023950972
0.000073101610628259060687544890
0.000063507237780819529929243750
0.000054945725333425764593323071
0.000047815664848836156872527448
0.000042382988144919447447839245
0.000038760710042778596451980982
0.000036902124172867951576709061
0.000036608424993959816611931862
0.000037550410646818339227039074
0.000039302554075102717951774312
0.000041386443827602768677585005
0.000043319526813674040651661740
0.000044664361935105331247002070
0.000045073323457462549385815764
0.000044323946932412929932808970
0.000042340908245704642412499119
0.000039201926348832832577070290
0.000035126575187584168952388552
0.000030448911536221399476778715
0.000025576756482109013949135037
0.000020942168309614977392838289
0.000016948878705087968383688479
0.000013923037950468656720037081
0.000012073406326106343047581924
0.000011466114851209489018213188
0.000012017386747025365900925359
0.000013505358123052473831495618
0.000015599647060084404859379298
0.000017904931247840248040867697
0.000020012847008968175923585703
0.000021555311127145706953742860
0.000022252090600194115115441698
0.000021946172772887759093050561
0.000020622140332456575818062885
0.000018405112047578542507596244
0.000015540538251220321381987702
0.000012357843244724909677312828
0.000009223184646635309067276912
0.000006488110777221795789600819
0.000004441413620698965036978027
0.000003270919868703729333262419
0.000003040423562872794039312584
0.000003684679792782511083010927
0.000005022702224785293368596126
0.000006786947707708874808667579
0.000008663730464279537944803471
0.000010338716290601879818720349
0.000011540810595229283457311895
0.000012078226480294166239907658
0.000011861895750783812872016301
0.000010913425155493994980564730
0.000009357166741910059306816527
0.000007398292256348886763452598
0.000005290688058021079790728403
0.000003299748205493814905213098
0.000001665585717193041934063654
0.000000571787417074963223807067
0.000000123718573180133186873784
0.000000338756468114961107945468
0.000001148976920134177701619165
0.000002415028649656209357681055
0.000003948467931904698319342962
0.000005538878991278005686131700
0.000006981767364104124485581996
0.000008103475727836525652984095
0.000008780135732747533291596594
0.000008948770705372791604446589
0.000008609905449309530512552215
0.000007822225426211301636467144
0.000006690795479769357243036553
0.000005350989070063671938174560
0.000003950547747504694630327725
0.000002632104350982546858001270
0.000001518129248859851653706771
0.000000699695424813030684806211
0.000000229814414163603952515999
0.000000121471269104943106620438
0.000000349959871042633497829850
0.000000858736088400065382916814
0.000001567780029853025625661330
0.000002383378268194242298672536
0.000003208273578047133919714275
0.000003951247756297159043873020
0.000004535368950591533124423998
0.000004904323200115587895323629
0.000005026445404528146024573584
0.000004896261195588766650544504
0.000004533546400210750748757324
0.000003980102989853241653780015
0.000003294633445399317441904061
0.000002546257088238371015605135
0.000001807334705834046918750927
0.000001146332539775960868231458
0.000000621447455541666216392697
0.000000275624319276011640971028
0.000000133428890726778536120122
0.000000200012941717323407336151
0.000000462152424272809139897065
0.000000891090795241332914184828
0.000001446714788310503134043409
0.000002082459040397867507734024
0.000002750296553790633940415845
0.000003405225728138750952613944
0.000004008797470224647521827490
0.000004531410786577537015934296
0.000004953308236582077959974692
0.000005264389234803352794701738
0.000005463101057097992572478447
0.000005554746979719576299456413
0.000005549563795037115547514883
0.000005460875041465257494091665
0.000005303539206987788906001724
0.000005092806411943862615187163
0.000004843595097387673417438803
0.000004570120108138451106756257
0.000004285756096618827543911698
0.000004003008004393646136461014
0.000003733478745493723432400399
0.000003487763183510271967273202
0.000003275244836652587228007210
0.000003103815802873941252668045
0.000002979572317927598994603648
0.000002906553356771073191123838
0.000002886587245157540320339082
0.000002919294414659128860241267
0.000003002268551576035755009807
0.000003131429608409528184733697
0.000003301516087587284450086730
0.000003506664809546577188403317
0.000003741016233050922526552065
0.000003999282559976390045769143
0.000004277223021043779607242886
0.000004571983607973832035645256
0.000004882274431545461195456649
0.000005208374356395787701981114
0.000005551967648662765074179474
0.000005915829852674152298792724
0.000006303389497296696146932862
0.000006718198631162842205635961
0.000007163349103529201217569183
0.000007640873613706587974504433
0.000008151171469438093632815974
0.000008692499133497790596400608
0.000009260565093533913044211714
0.000009848267109936321465836657
