0.000044905809678024474328877913
0.000043940083861584895176793236
0.000043231968809815967443987289
0.000042738845679625431369860755
0.000042418808144602798010109473
0.000042233473223347552582759845
0.000042149966975623676926267919
0.000042142112641862936516998217
0.000042190873795206046133025868
0.000042284121500451955842463103
0.000042415805981794298476234700
0.000042584622855704286814495368
0.000042792273805291386934348402
0.000043041433146262973936154589
0.000043333545805499659926175726
0.000043666598701654257472497961
0.000044033025270858427698082022
0.000044417919625763694973456103
0.000044797749041843245058295425
0.000045139756543707620440111783
0.000045402234180001260722622791
0.000045535817297816342250418864
0.000045485897348204283455793545
0.000045196174668805737771604125
0.000044613276056245084540304024
0.000043692251499941858728336130
0.000042402650540718467243525569
0.000040734773997179885701713786
0.000038705614183789407956818446
0.000036363946966158270214866666
0.000033794028424256365651830170
0.000031117378222117721901611442
0.000028492196239292428959098344
0.000026110050261206769204105904
0.000024189581992706728219306306
0.000022967101573702935248802101
0.000022684079542429099173592513
0.000023571710784159013632845306
0.000025832935140852977026326015
0.000029622572913720613530354567
0.000035026581567393038469347688
0.000042041855200897002692566468
0.000050558435238331892510460497
0.000060346409977339716642404793
0.000071050050839820735317994838
0.000082191742731981020427672879
0.000093187894505172814236734768
0.000103378173918209774776941212
0.000112068074713997465480241900
0.000118583059618401957346738029
0.000122330510168752325424190719
0.000122863736105553484224267580
0.000119940714021773449501559461
0.000113569419076397820807244887
0.000104031913953925189654167727
0.000091880960558243671360348359
0.000077905811160689880613336444
0.000063067758115543931648691589
0.000048410471323649196043192866
0.000034954438693105162458060753
0.000023588174338174330851728225
0.000014970561365911092997164206
0.000009458253522887040323080532
0.000007069317105095043789414824
0.000007489510243557401918677082
0.000010121438439031952180829736
0.000014170276667789074553894212
0.000018753941476317270828279987
0.000023021597894249052392717791
0.000026262980573988069536370271
0.000027992527042824207652834193
0.000027996552456213115260812846
0.000026337908687403519431306440
0.000023319645727977901929293264
0.000019415837460335768553491842
0.000015182739545342074368805899
0.000011165936289554582042994092
0.000007818733013571086128503697
0.000005443961911321134220322938
0.000004166314342292195837559859
0.000003936368834766169612056699
0.000004561848985114041359675147
0.000005757379854124037077737173
0.000007201823826750281508368712
0.000008592393976578793128931477
0.000009686894060657466555466083
0.000010328947713842649634946418
0.000010455063677109362456785907
0.000010085946251286706705236479
0.000009306909013856051488423199
0.000008243233177737390124394969
0.000007035862757771213493989543
0.000005821312527291618072096142
0.000004717650207320792617236675
0.000003816504983538544162489838
0.000003179728469954367331385629
0.000002838833158496811965817216
0.000002795625369970494758758549
0.000003023271289249173227043060
0.000003467993301328594391876297
0.000004052298201512223562446077
0.000004680818011893855598430127
0.000005249422671033733781161511
0.000005657374060420620215275216
0.000005821222342552986520189048
0.000005688250693108617572649275
0.000005246858934813681036202389
0.000004531508354522899870240465
0.000003620711979130145189180109
0.000002627852348435246831163557
0.000001686028772985304097247654
0.000000929334822233516229654537
0.000000473664528325163542452157
0.000000400196980865447338031224
0.000000744132095372268925252365
0.000001490211184275308850584615
0.000002575313137918001438127517
0.000003897248020571363379485359
0.000005328000410346406051035478
0.000006729230642510196602713510
0.000007967834115763767441906543
0.000008929700729087468671647115
0.000009530365494407707271842106
0.000009721845888259620095911244
0.000009495501308688418463845732
0.000008881157892937162251002260
0.000007943004698613582100527424
0.000006772910212154704822252061
0.000005481872611865869947744487
0.000004190340024891911989814511
0.000003018139012583468919648667
0.000002074734428044679471566823
0.000001450504795918518135625368
0.000001209646056713045062755733
0.000001385209336406902214377255
0.000001976638153886088862483178
0.000002950003685448410188543310
0.000004240949799261261634871021
0.000005760157269583489052125307
0.000007400924118702319250292197
0.000009048247318831245894574927
0.000010588601563359351602879380
0.000011919476295978176580967790
0.000012957691246158174351371314
0.000013645596225894670525937910
0.000013954486251982664275859275
0.000013884911284127163038585456
0.000013463981219442890577254156
0.000012740186436260325346793258
0.000011776589401514582703517885
0.000010643424528767006609721903
0.000009411135293880438658473304
0.000008144686711968592230043509
0.000006899666719356200500284319
0.000005720309572132034321798738
0.000004639223747140661937519296
0.000003678357524161083520254124
0.000002850627918969454322465273
0.000002161675147861676601256315
0.000001611352935522314176896197
0.000001194770114602560167918976
0.000000902901031623273629572496
0.000000722931695062006077392828
0.000000638577225681430789917857
0.000000630590933054608829757691
0.000000677604833734661044793808
0.000000757327441523745618368599
0.000000848011867548510297559966
0.000000930024045720123663205626
0.000000987303509583992136344538
0.000001008520088196630422463585
0.000000987779990240164901141393
0.000000924807674267668883662848
0.000000824607431427211941252545
0.000000696675169811119240675847
0.000000553876488259730847167693
0.000000411128284399456898240996
0.000000284020154200836647880062
0.000000187494924964412246544572
0.000000134682677917546860519422
