0.000401776555573685916541298857
0.000378598389717726578271306259
0.000355767030632753492556952235
0.000333029845427773346817901245
0.000310094449251515616363533701
0.000286667620074395799144306718
0.000262495754225874151823599822
0.000237405382883116482586882690
0.000211341651949568259689221650
0.000184401987899328963140671567
0.000156861562199199874216917761
0.000129186788376149051240857069
0.000102033104731238943863047552
0.000076223849163275372918351092
0.000052708196512631848122676370
0.000032497897632261635823824886
0.000016584842265702128813248048
0.000005844099400738065573917158
0.000000929843115170562356495173
0.000002174166901329907872339117
0.000009500875486442165779223806
0.000022367486037760634526045528
0.000039748356131843700549469145
0.000060169553358656123866546328
0.000081801392271085133188479599
0.000102607444717554640396459109
0.000120539825393477028703595466
0.000133760941616503593789427873
0.000140863609539324040158259077
0.000141056720673493510113949423
0.000134284444716566717190758817
0.000121254248759446149000945647
0.000103362251940908853910239262
0.000082521412787082189937981624
0.000060915294957833746817416065
0.000040713820218543381808558312
0.000023794351063200356775038935
0.000011510155754887142225584458
0.000004539375274642246628421967
0.000002833421825125755301639802
0.000005667630685946660948066993
0.000011782151910453951079867617
0.000019589655857889554948191024
0.000027419216045730262322011397
0.000033762451055481613516363881
0.000037488066841920213785772920
0.000037994152051867647386807630
0.000035274392801431587226440589
0.000029885454775609578641605915
0.000022818088626244737614689670
0.000015292393762335941244856138
0.000008514557174577060304145222
0.000003443478843574138578519225
0.000000616591911132206637511071
0.000000072770424140175944300603
0.000001388058092460621509967684
0.000003812402137234666813533739
0.000006470355073858926029685672
0.000008573370373653256310171600
0.000009590581074031437501721011
0.000009338937804150685448138780
0.000007977733155364755222166417
0.000005919219610647182930091188
0.000003688206222271432154315770
0.000001773445194794714976251732
0.000000510520817916435591499018
0.000000022209942328064562145504
0.000000223187868491805034883163
0.000000877674560350801045561077
0.000001686185638406487133405176
0.000002373547252187341777057358
0.000002754542613491553915415792
0.000002763531454944847733930886
0.000002446501375347961354734172
0.000001924643126115288931381360
0.000001344992194519288470499910
0.000000834730819080417430944779
0.000000471795583168786238063586
0.000000277243920473631011074458
0.000000226950660506820221062440
0.000000274214895171681442340416
0.000000372578871786753634981097
0.000000490067052214443536627575
0.000000611104356726233010965255
0.000000728382794017144091157064
0.000000831407733600685789350883
0.000000899532417779646064816691
0.000000904585356050956778481301
0.000000822955683204242370153581
0.000000651623322736147587337934
0.000000419638963331726968677526
0.000000187527846524993145552066
0.000000031849001241792377214123
0.000000018798682708842386929864
0.000000176436955554887977472858
0.000000477205195607282769480165
0.000000839645020124958977515597
0.000001151376248131628204422164
0.000001306970489630517068635018
0.000001247705377468340033500580
0.000000988121257308473137267709
0.000000617973532453847739153655
0.000000276535729017115814529096
0.000000106352020272200302433745
0.000000201736787553437692572066
0.000000570402548709013696924509
0.000001123145970163922039027592
0.000001697441475891355469975998
0.000002109066079042090909663638
0.000002215567309718261398900508
0.000001970217053398317799082226
0.000001447131837038152119497589
0.000000827094187191714867595264
0.000000346482928527321099086787
0.000000224308009776018927983025
0.000000590300711129032893200450
0.000001437473603894826848078269
0.000002615210635428891430983266
0.000003866149726888720830663207
0.000004896150755662113800723099
0.000005456178647850558827896248
0.000005411413072079186107211229
0.000004777334078378434984943086
0.000003713216619752868417723849
0.000002476656428964638240582336
0.000001354067178670335979876306
0.000000588062962789683348226438
0.000000321826159162144930081365
0.000000573853683011168168630822
0.000001246570860158328266300448
0.000002162591817172787221433940
0.000003115763686199449232684276
0.000003922057686764915782507302
0.000004457725542780157382488984
0.000004677483367476813498468148
0.000004611770755862655988481340
0.000004347458229962709988286260
0.000003999518917439697666472206
0.000003681794586909198073476114
0.000003483486775690479415559147
0.000003455260638314141143740636
0.000003605837969327335291850646
0.000003907475978721070851754603
0.000004307242195969783151625679
0.000004740594683049139201435999
0.000005144249530629378208777119
0.000005466284258545717853893138
0.000005672489545789220392142324
0.000005748854878916709173423526
0.000005700638709914869082986261
0.000005548767020702225397196967
0.000005324440282270062493831173
0.000005062907858753742190661886
0.000004797416195521892993026015
0.000004554301905814740861503861
0.000004350008409787819599150432
0.000004190425648489266994471767
0.000004072445401981591768406175
0.000003987127315402817949647508
0.000003923541700231216984920413
0.000003872301533326873105981571
0.000003828022999458441887315335
0.000003790362975452055349444942
0.000003763716194378689948072617
0.000003755966986831836336733830
0.000003776799758496383501761313
0.000003835987416760163236991322
0.000003941878532661761383622256
0.000004100100905331925247221305
0.000004312380484756124641618994
0.000004575378581103042801940788
0.000004879559238671833911924446
0.000005208256255894693789959635
0.000005537248502099411255118235
0.000005835219873431608217611948
0.000006065450308251337061416636
0.000006188956923029875772804612
0.000006169096818304159410035082
0.000005977379679377110311148859
0.000005599945413608697190074696
