0.000002828341746971579521101976
0.000001854519693530402248187123
0.000001060159987154171898812694
0.000000480240285726108186894058
0.000000129746882901172460145591
0.000000004533316530326687813327
0.000000083733553231316512466858
0.000000333382495289070410745354
0.000000710828304795476389495298
0.000001169480125531349476133069
0.000001663430989296572387844725
0.000002151536338213344688350629
0.000002600613857727173027558363
0.000002987550762209328415898836
0.000003300242060135343449264527
0.000003537414676020274670868076
0.000003707496134357011500565704
0.000003826749124899316939442048
0.000003916912898006527788536107
0.000004002579439168814587628360
0.000004108505040452082866559054
0.000004257035038053128773376070
0.000004465812352840066524529462
0.000004745947117960830428495117
0.000005100829556082475174292028
0.000005525747875453134263547261
0.000006008406194833594939682525
0.000006530317214619648592192729
0.000007068885310799734268336070
0.000007599835180272045584664968
0.000008099530085254658646836366
0.000008546710626671350749831643
0.000008923297171260907091248048
0.000009214128520393253382798383
0.000009405809089227762129583645
0.000009485130644784519189606151
0.000009437738732234397491939297
0.000009247762670153230910659488
0.000008898994715392472972209474
0.000008377908349692631098703036
0.000007678404796517389820803036
0.000006807744742186008376995301
0.000005792727174426183922443297
0.000004684870062738220403359204
0.000003563166273941869279992794
0.000002532975591532553974368760
0.000001719834354743667961907074
0.000001257500090789321561346534
0.000001270462803652454033241388
0.000001852427063147989637711564
0.000003043729298990521122233099
0.000004811954309364104741741572
0.000007040676475693989859580470
0.000009530806623604534476941127
0.000012017215735210129304386811
0.000014200270653114174503267933
0.000015788279698720688600617132
0.000016543632878310878382656021
0.000016323778998179004889185206
0.000015108972176285578392987419
0.000013012117956804026354432693
0.000010271312703664776280038616
0.000007231213445263482165743622
0.000004323182851267849720745644
0.000002054443519571479337464072
0.000001012409897460821546288185
0.000001882551994161400764563464
0.000005468702200407106249295790
0.000012696818031529174522400311
0.000024580178981784530842496367
0.000042128184504651954283421800
0.000066192773857981038209720437
0.000097264058598755455289745775
0.000135245934093817523572594874
0.000179257879384350137181095008
0.000227515724412345857240527747
0.000277338443282972035592442994
0.000325309508611525588679669330
0.000367592862777881988680522829
0.000400370887856132679893245152
0.000420342278260350669157746628
0.000425198656316753444139866502
0.000413995312569157578128781205
0.000387345364607835553755199598
0.000347395686857249750330994820
0.000297581395909399335636402739
0.000242195492908855016054442411
0.000185843144322074056056307012
0.000132869313571731736131967261
0.000086850447684937579959606191
0.000050225916841876468285285617
0.000024116742865060912482874644
0.000008344210254761140219755162
0.000001626548588651646669263123
0.000001904585744355157635846506
0.000006731573918187435365040241
0.000013659919432656934660565151
0.000020567086234513627885029177
0.000025881059646292840250008521
0.000028687847493734697131842135
0.000028724929832816254148810872
0.000026281649772481376227785746
0.000022038085992047644725341099
0.000016877436016448875546807837
0.000011704245940167101698104260
0.000007293733315225348012801523
0.000004188089530506516072901578
0.000002645983840500141602011331
0.000002643010715380090735961323
0.000003914407724483053379834797
0.000006027343718322890083578195
0.000008468343975903867850937336
0.000010731652466787691764158429
0.000012396118533801214382046238
0.000013181126557180044032513769
0.000012975779612842631421530844
0.000011839623821102743421516783
0.000009977252049239177729184243
0.000007692704813488974801378648
0.000005332230501473211003971801
0.000003225274709819083305477154
0.000001633297592992566595493809
0.000000714177552925262018952604
0.000000506854297081044627510597
0.000000937066877663553977199950
0.000001841286257111304014091749
0.000003002958532179452625032962
0.000004193518879969551329178409
0.000005210552332401559702459038
0.000005906850297394598505633725
0.000006206514284653500672253677
0.000006107081622829029239466793
0.000005669268748105226698086236
0.000004997859801054130712697540
0.000004218255062319362505356916
0.000003453222128832407697033918
0.000002803640530090320811336564
0.000002335778536959743603202864
0.000002076186986893243819214108
0.000002013895881534117894779215
0.000002108448384089117366908296
0.000002301534245359548051985694
0.000002529665627098401126408508
0.000002735491031316313098782373
0.000002875918826678872941695697
0.000002926096617379754238625744
0.000002879275911029173589891512
0.000002743460941191096299910431
0.000002536297634481464816915645
0.000002279787343849608461662055
0.000001996114008352579402083907
0.000001705276987859290000246583
0.000001424528821916564528133600
0.000001169043852699976369368686
0.000000952949279016993755760741
0.000000789890475677073367912189
0.000000692621172821266926854212
0.000000671568222210582535191777
0.000000732754088512042427737468
0.000000875730620017289470888408
0.000001092216487290794971280186
0.000001365949938876423520555509
0.000001673945148676177990343470
0.000001988982796011441077165633
0.000002282876115747662913485656
0.000002529900461336000599851760
0.000002709778077650007864127756
0.000002809747019652706605133494
0.000002825461780340393472716080
0.000002760711481804390054421283
0.000002626145452589254417947616
0.000002437330415789999940481651
0.000002212515402251976802465135
0.000001970456630347640143745757
0.000001728575114482176465095569
0.000001501610903910227750210587
0.000001300825469528785368117569
0.000001133708823380255719005935
0.000001004084150998575977089123
0.000000912475787317336333522196
