0.000101683792299779097220019386
0.000089761302928476692617083821
0.000079354552307054081238327226
0.000070500715197124321463595376
0.000063246886520752638159194314
0.000057650324333674831333261535
0.000053777257958879643134474796
0.000051700126157194401486927315
0.000051493136257749315550739239
0.000053226105452256595139404194
0.000056956660946158238554952458
0.000062721029942076553242991110
0.000070523829302513070266950068
0.000080327447035969241862993218
0.000092041767616477605969127485
0.000105515103672957936075359198
0.000120527234446481291843880634
0.000136785401761684304207389307
0.000153923974861775488941900702
0.000171508278942148525546967930
0.000189042815375091958910239165
0.000205983821147733030991824887
0.000221755859871795098399449575
0.000235771938058015098063288639
0.000247456511529012517913023173
0.000256270676142914021530122559
0.000261738786421626191177475240
0.000263475658264763980438705193
0.000261213328164292446671723713
0.000254826022491726244048604322
0.000244351543626781630546423996
0.000230006776843108822361988475
0.000212194603897781439985278928
0.000191499368850158645195477791
0.000168668382297591063715552773
0.000144577927034131623702448155
0.000120183882764349071032260186
0.000096459296295615449580440615
0.000074323678979032245365578258
0.000054571053173623832442153125
0.000037805259886083798586374483
0.000024391296361424988164111338
0.000014430177546704213873362231
0.000007762010685154339649787121
0.000003997991387250094819235616
0.000002577544285375902968543340
0.000002842708579575900879824867
0.000004118979034227727181629967
0.000005790817663867365035061142
0.000007361224648359473558031484
0.000008487895738387297425503117
0.000008992945796633692041974380
0.000008847990662684779590422580
0.000008140526331014491187316323
0.000007030178426393378543393219
0.000005704052420187239952147594
0.000004339117261351107362446402
0.000003076780757681238416957441
0.000002011353898545143390055390
0.000001190833898933070353662973
0.000000626103059549699084744220
0.000000303667621894731508062741
0.000000197479067264605227084996
0.000000276862165530389503322116
0.000000509560266628243096410553
0.000000860783772500235087052692
0.000001290412126358355613666914
0.000001750886310483637322318699
0.000002187845346154999828412139
0.000002544450092217566937197876
0.000002768983953620351474858921
0.000002824126637648047703278188
0.000002695581148897280513040096
0.000002397658426808748009627240
0.000001973977519302450423074793
0.000001492463586572739693886691
0.000001035070834930488904517508
0.000000683845174124820987879704
0.000000505825477223720963799373
0.000000539688203866708017308667
0.000000786886381651793098694527
0.000001209336876763478174580304
0.000001734576655373846886003990
0.000002267922285531846242540889
0.000002709764025260627937259379
0.000002974966944224985339892756
0.000003010681607754484978968588
0.000002808869322765856493210462
0.000002410597499753926853784461
0.000001900592257112115857257766
0.000001392426997234309847965351
0.000001006725165212199487774930
0.000000846438829959435478400326
0.000000974224845465365774650041
0.000001396886162090179691195788
0.000002060688559440200189309391
0.000002859262941131185944358250
0.000003653159235716523018424598
0.000004297494640655969393031391
0.000004672144098595205184026348
0.000004708059171935118540706488
0.000004403842151192459643445094
0.000003828596478256664747670621
0.000003109948055270909946054981
0.000002409359655773307241444312
0.000001889708663017623863002604
0.000001681899723051025576022214
0.000001857603000312995073013580
0.000002413952074828276771602340
0.000003273478884129216711707574
0.000004299286920011692075978531
0.000005322213070125185357711790
0.000006174232749078944534470038
0.000006721163588626201894739645
0.000006888049823509269190024203
0.000006672337649903326901217396
0.000006142645435058858652548237
0.000005423961444625421574896283
0.000004672796987034203768866369
0.000004047632154463199510331661
0.000003680594664773722334374408
0.000003655674589539756539881494
0.000003997131116631736684409633
0.000004669514706467297614797367
0.000005588411478427258730831799
0.000006639082904407640027132260
0.000007698960241883847098508589
0.000008659614758084681720214787
0.000009444327452411953197162348
0.000010018535076497383313944706
0.000010391945282727186382711916
0.000010612677292998215039347698
0.000010755115073978169416705000
0.000010904057529418682368090553
0.000011138117761461534361102678
0.000011515167632461160938657334
0.000012062037077397850967598256
0.000012769808846150744989370387
0.000013595070652386574320364884
0.000014466561843845019848220877
0.000015295911682431311906862903
0.000015990694483634463734242695
0.000016467854354039388440917452
0.000016665662571917690972476966
0.000016552710761919158969713087
0.000016132937880325120389400639
0.000015446256192351503572441143
0.000014564903217446469591684309
0.000013586138583734730058598730
0.000012622280062557030184695189
0.000011789303791241892942339917
0.000011195309851189762102006454
0.000010930082065782594305265035
0.000011056770104643748146855398
0.000011606424070012219957855407
0.000012575756322167055755801082
0.000013928136330913249715064348
0.000015597485263717917773141144
0.000017494465475160747558718705
0.000019514182983186193165404607
0.000021544551160275374028507667
0.000023474498565579048737312837
0.000025201326363064385977820481
0.000026636703999147891177689401
0.000027711003485207652812655210
0.000028375880959470722191863301
0.000028605192797450264258598066
0.000028394464744011672756047321
0.000027759208792059752074531456
0.000026732405816850221162228954
0.000025361451806989861407302250
0.000023704816126153286574666790
0.000021828597492892986501721725
0.000019803102187013482823278038
0.000017699521247197922167249465
0.000015586756626975099664089708
0.000013528442961187169956294857
0.000011580229315712847930146777
0.000009787417141681625955664317
0.000008183086279982762715058502
