0.000011464663614758345254744827
0.000010994578592746668014787370
0.000010517214212030008855863414
0.000010060500696336812116575034
0.000009651136073492457866161535
0.000009314555790351780058906536
0.000009075004976508143308033989
0.000008955528332027805471352890
0.000008977917934302195193218936
0.000009162870594517182041053270
0.000009530729675365765175441488
0.000010103131915860370890637016
0.000010905573793891025662148968
0.000011970346720426438362201542
0.000013338575363083650604728927
0.000015059475061014234852519583
0.000017184765717156012701342938
0.000019756768239192339130846227
0.000022790214985482680422508583
0.000026250046791353826242196995
0.000030029875830082198651452274
0.000033937510796821246405498285
0.000037694106566677298519700556
0.000040951617306104604444936396
0.000043329477655430804225542701
0.000044466740958356104043876222
0.000044081699839896348121388858
0.000042028720151552755469187561
0.000038342454195080295385657937
0.000033262612211280241018666881
0.000027236969403368858639712807
0.000020904664674753586060557825
0.000015064618238787963439657622
0.000010634217300725251891414108
0.000008601326575467785456852697
0.000009969001741995679646141104
0.000015688411493589886960007065
0.000026573146861391968946968650
0.000043189181207158662718914588
0.000065720807970423816401356332
0.000093824376325777331781484436
0.000126496830860888285564050393
0.000162000309490873772941960107
0.000197890358504418010327993716
0.000231186582889369833266474119
0.000258697190566879937131256062
0.000277466303666075279638764117
0.000285266607376349575798946123
0.000281026855851666639007913062
0.000265080120645598549256050092
0.000239152239753039568383521929
0.000206074822806469380807176117
0.000169283955871578882263622789
0.000132227850215387710127931675
0.000097830869684508155550463349
0.000068137838766100372860784473
0.000044199740651501299363961006
0.000026183672791488282098962270
0.000013625670962934681540814665
0.000005717515699117797913853325
0.000001534683723517075108129276
0.000000160798091043208388957225
0.000000720448391123047108935680
0.000002371833691510503183029956
0.000004317709233718616087442741
0.000005867914317446828007418958
0.000006544491194712324014085870
0.000006183429097388858368834069
0.000004974383212703808837507839
0.000003398325939385402429305681
0.000002065001826636021986993361
0.000001498119870682487879160350
0.000001944858499412095207792110
0.000003283270028110920751444933
0.000005066185413464044678835772
0.000006687097986218673411880440
0.000007604468394451209485368146
0.000007536942172567658486468777
0.000006553729512668126822743687
0.000005027361326943241522969847
0.000003472335545387158711543550
0.000002339129357011665608052442
0.000001849346384087035955845306
0.000001937744230248327432711416
0.000002319471422948257063867666
0.000002646677164322475358414688
0.000002681157121983550564617120
0.000002404891835557255957533506
0.000002019927487260979955576963
0.000001839739070750528785976648
0.000002123542925732476655876525
0.000002931194599424549415180030
0.000004067700453359041897838724
0.000005146615898545040138436796
0.000005748029814186711268443782
0.000005603000379842374448170414
0.000004721812776991174256458524
0.000003405381280257880770892228
0.000002128874255530547934529666
0.000001343233581792253908496768
0.000001279119877411600373303172
0.000001841193228548268169184315
0.000002645415276339993992590904
0.000003191619742146676359394099
0.000003102844027233268962303160
0.000002328214975751556460814790
0.000001214246819169309245801101
0.000000399633302214328610740758
0.000000562279487737288733096219
0.000002114392169072158209996819
0.000004972637799593130632875779
0.000008509686339085795672297803
0.000011725950884375827004560758
0.000013591405184622230582270654
0.000013433210845854446008947741
0.000011217645782596747652468117
0.000007608502420021217295907894
0.000003767591192389359406006259
0.000000963577172754894359274123
0.000000132095512463848897408614
0.000001550976845222087617298841
0.000004750470916114953846777404
0.000008687645616152854646579637
0.000012114005673370591432947384
0.000013996234627557955284161278
0.000013838000631799886848221325
0.000011797401586312061702544948
0.000008577285827674219976699509
0.000005149011189698254991047466
0.000002421987381970689301880634
0.000000975640471185670873975442
0.000000932221678803821685037237
0.000001989093675617220384423036
0.000003573550794930670663541485
0.000005051123943404409043667503
0.000005915934804377826687453445
0.000005912642514855273516796198
0.000005070601472993890290459455
0.000003659028288086575819146101
0.000002089570478447236919622432
0.000000798439997194148405785814
0.000000137329572367541845239543
0.000000294873757995320056507808
0.000001261418349306162250974910
0.000002840568084049332696735179
0.000004701845045366674055763515
0.000006460634105414087273878271
0.000007766016600071813069899700
0.000008375861212949611221125976
0.000008202476180706331688086315
0.000007320349751456081268210542
0.000005937547074389852618317431
0.000004341089001007769038295754
0.000002831638561380318783606549
0.000001663124655084487278877388
0.000000999276576874142295287213
0.000000893261417707359859139262
0.000001290731852897620202523413
0.000002052056760419585889325010
0.000002986897064772109583133007
0.000003893457986854638381072052
0.000004595223836555974772962851
0.000004969318852298579321648091
0.000004962563741837188949082918
0.000004593636136582928237114248
0.000003942258062858009702534787
0.000003128640254074986249164863
0.000002288035767170824300780017
0.000001545798165402255204325726
0.000000997668396386340956209348
0.000000698341743822057507344689
0.000000659190397342087463604247
0.000000853947584189551591574738
0.000001229708066684360154147940
0.000001720030447412726819789446
0.000002257210024356474353362514
0.000002781669103095245283084570
0.000003247525487489692250328999
0.000003624420082566560200054446
0.000003896399904742554979068456
