0.000069708084011657579434628751
0.000077779714682233669852638724
0.000086320427778454518756741376
0.000095332789665812883803802658
0.000104816680038369969924991199
0.000114765781171645114117595143
0.000125164293340889078284469682
0.000135983782768346616893345713
0.000147180065538729944012164008
0.000158690041292703211493059223
0.000170428416942217244656535002
0.000182284308679955462089566920
0.000194117787220189912285317480
0.000205756542709596799024113212
0.000216992994154713384489033268
0.000227582347727289064850952904
0.000237242301814519912506185051
0.000245655273557853837725767354
0.000252474137839590146922819081
0.000257332471105247838783630643
0.000259860122035459586899847073
0.000259704540213284294954132481
0.000256557656723164812136162016
0.000250187240015926589450229178
0.000240470612302560196550313409
0.000227427533048265212217362019
0.000211248121336352160390750776
0.000192311121384566049812014921
0.000171187841764003660562781794
0.000148627898013695386014026978
0.000125524535663237737752317980
0.000102859728377691534177348909
0.000081632177130791297166127751
0.000062774356600111411099048031
0.000047067328969750585028822276
0.000035063623879088669026918984
0.000027028624105594941924666369
0.000022909380290553486755325205
0.000022336687300333715776919780
0.000024661990562767071991697593
0.000029025913212635042902516613
0.000034450698707037781054821068
0.000039945414766719651903335853
0.000044610940953038835481408303
0.000047731838716978281932264150
0.000048844109688519404875815116
0.000047771210345818007516997816
0.000044624931857550594396788490
0.000039772226298969782024017583
0.000033773171670012545821266958
0.000027298560788461530773147887
0.000021037779476104310485366083
0.000015608560296118437985685157
0.000011479820320941836890625901
0.000008917152618798220774188820
0.000007957751164390758054703601
0.000008417814534006304994081735
0.000009931136585102735489516412
0.000012013150621589849972284565
0.000014140779982104865865138142
0.000015835747446444195312646036
0.000016738110023118899210431421
0.000016658074385850359620808714
0.000015597593357443951888425746
0.000013738383515044240594841184
0.000011398970389428759281916920
0.000008969034968813438581385251
0.000006833551578395165853479793
0.000005301058627450479125502950
0.000004549441507409205766104213
0.000004598977281973264145075158
0.000005316826364662392460187432
0.000006450825083028907293975201
0.000007684677454470787731828120
0.000008702674508572819564423094
0.000009250684676369043047045905
0.000009181570047654136207263345
0.000008476977453929578591859326
0.000007242707065092008771088963
0.000005680372836242905332172944
0.000004042647029633306498641425
0.000002582115096335922190559729
0.000001504218088509372902789648
0.000000933024104260895025865236
0.000000895214572855978087023211
0.000001323560928920994017238331
0.000002077241690643637070021448
0.000002973403043609753088776827
0.000003822885539194156487817489
0.000004463137209259576920717880
0.000004782771385123317025255246
0.000004734521506799821054733372
0.000004335908589297862513562906
0.000003659224640095432730098422
0.000002814052896722189713203666
0.000001926305024471949497321841
0.000001117672898180929472728546
0.000000488644045445984733015655
0.000000107081015248984017249132
0.000000003100131608327779182035
0.000000169849653027669509915127
0.000000568952503367265911961108
0.000001138928758936096068973094
0.000001804849936761866693906353
0.000002487735758360314083052897
0.000003112672843848474731645289
0.000003615178268957318827959502
0.000003945813692023780124863968
0.000004073366807127748890487995
0.000003986992189444496257418223
0.000003697542891134196713174426
0.000003237996200087873676092161
0.000002662508818727851107378314
0.000002043385267306533407364200
0.000001465253188068919039507756
0.000001016096019568434451700980
0.000000775485503239093323680229
0.000000801258122493577830886869
0.000001116766110175043313690107
0.000001701428599054750101537449
0.000002487355788344911631512551
0.000003364162968968055574968314
0.000004192741790346206800339183
0.000004826917462892043780072360
0.000005139968787215906456124735
0.000005051395774891943221674134
0.000004548542257236901588846219
0.000003698029476448845074133646
0.000002643495430294349791977299
0.000001588633539768320430371788
0.000000767487206743704908432904
0.000000406727453204255022289936
0.000000686560359317367793736226
0.000001707490129555377947348179
0.000003469218826982707364525640
0.000005865677478990430809878756
0.000008697066122279091272264870
0.000011696543669424784973962655
0.000014566580008894412489044330
0.000017018518808903300735743680
0.000018808847040651103832724009
0.000019766915105503411644993078
0.000019810982503953068225004824
0.000018951889094069927874531417
0.000017285782557917878668679937
0.000014978738558034326592486966
0.000012246617010716376699173448
0.000009333200688137136132819377
0.000006488857093356558447300349
0.000003951029155500767508146440
0.000001927125540504447129757726
0.000000580033832668304724266477
0.000000016523720390113159932065
0.000000279090506739390864291269
0.000001342077704303474799236127
0.000003112988228837099535914381
0.000005439614509423741348147305
0.000008122988945801693825925736
0.000010935305233442592468288621
0.000013641097749274547860638511
0.000016019314611895475443338263
0.000017883652517931666783412153
0.000019098712682072067935764442
0.000019590149891538119703102844
0.000019347888960280681784360129
0.000018422488412151591060696154
0.000016915648237454017122115627
0.000014966533518237450881569264
0.000012735931554240871829458866
0.000010390264634545427914870744
0.000008087196504007925971059881
0.000005964093194843614193488036
0.000004130039175991956652681837
0.000002661569736786772030431598
0.000001601836079859966683548093
0.000000962612719660866942368756
0.000000728396350926918509274387
0.000000861814283015804348934996
0.000001309626012388898284280643
0.000002008725383205305747142105
