0.000530929557197864642088813714
0.000530018746604770350783208954
0.000528360469834090107008051085
0.000525904226113132881349765402
0.000522564870756700352444346080
0.000518224305235561941151978260
0.000512734037849923974215771150
0.000505919031676490930926615164
0.000497583266236990796535510917
0.000487517394528305019266167797
0.000475508774567424226040190938
0.000461353992351312951897268633
0.000444873771493262864032414150
0.000425929888727008998557110875
0.000404443395861390640917687467
0.000380413108566056391238868750
0.000353932991799770565056332261
0.000325206791967815142963688091
0.000294558085817602963944056293
0.000262433887238438655776368025
0.000229400122722228042709824436
0.000196127688132935332557260644
0.000163368444576034811460338303
0.000131921379046826735487521476
0.000102590188646495118307382099
0.000076134650328954790710588030
0.000053219184349198497266039687
0.000034362862603406659747686674
0.000019895606319432851080176994
0.000009925337007766513741928611
0.000004320312035004594824897164
0.000002709779051164029843709515
0.000004504486636717220956300459
0.000008936634856372151057167172
0.000015116747811120968527026989
0.000022102951557849316864849329
0.000028976504667085493981495969
0.000034916387186216616680609071
0.000039265476514030115946871785
0.000041581406368164406468692501
0.000041666594959738455369261528
0.000039574014400752872315861208
0.000035587838845537143612606651
0.000030180871864424198926018725
0.000023953298070442767677768262
0.000017559514909499596076484715
0.000011631297970500178006066604
0.000006706124547250921912890619
0.000003169007524579505893181719
0.000001214673090512189384252610
0.000000834478399542851671016257
0.000001829365993503921710168340
0.000003846761632019280065372321
0.000006436091361927455750603817
0.000009114996005542033946471292
0.000011436782841623094626585556
0.000013049475683504486200653578
0.000013738111665267249147199743
0.000013444553003729816162544961
0.000012262659758747319652355361
0.000010410633007469956634659207
0.000008186009320697882290064976
0.000005911508315261626297454443
0.000003881198264669415910386140
0.000002316006339054593555018286
0.000001335541964572295412717515
0.000000949927312764086796069126
0.000001071487237486100777466907
0.000001542504542613199351310340
0.000002172509648979738667825060
0.000002777259461130520450453238
0.000003211870935847791284071433
0.000003392363854369409995937780
0.000003302680051494244469959113
0.000002987431213073050255548757
0.000002533488582064821156473273
0.000002045483473644904014345077
0.000001620993729830387094768850
0.000001330605753898271268224288
0.000001206412201988283001453939
0.000001240290716237142120862780
0.000001391056411588930011739092
0.000001597791105189446966112436
0.000001795668244523872110983680
0.000001930535020668455070447277
0.000001969277444538050000482363
0.000001904301132187103862930901
0.000001751944894320619885340557
0.000001545952871678016980416478
0.000001328005384070853328994186
0.000001137631854655578995499628
0.000001003629532059985170189525
0.000000938529020574895891644660
0.000000936876007115080625922872
0.000000977326408165160013288538
0.000001027916535359157731914872
0.000001053436875833747217207255
0.000001023610192820416790160354
0.000000920717546985202384828039
0.000000745390988028478958471673
0.000000519480573200631616271076
0.000000285213639503961485114692
0.000000100315478616950762772491
0.000000029356461263427345529598
0.000000132290079050558599982503
0.000000451847281120988117891605
0.000001001999416311712463886307
0.000001759919590979858718896977
0.000002663617111009627509102694
0.000003616636653507102214054727
0.000004499975786581951602851291
0.000005189890413150739587727894
0.000005578840359445373554435257
0.000005595824111347790636144389
0.000005222055267822586716106991
0.000004498495639767788102398195
0.000003523136116129924187321491
0.000002437857047120238155056603
0.000001406798922102951697758657
0.000000589962525053244779875904
0.000000116819516495484496709889
0.000000064793567624902575601653
0.000000446540951329819947878574
0.000001208227480974678990217853
0.000002238859994095164366364331
0.000003388663130639804784132590
0.000004492937261279551538052743
0.000005397088992674542574738954
0.000005978681874052888876153698
0.000006163287904699603569024218
0.000005932342494740262037850823
0.000005322753832161007745815001
0.000004419353632310279951294837
0.000003342167053637359443385912
0.000002230839880621610081827457
0.000001228448747186270882637230
0.000000466492325767041227206215
0.000000052309710587035750745904
0.000000059659877876248367641034
0.000000522815723627744232388892
0.000001434288620959624786216206
0.000002746152311280868477588518
0.000004374799948104653721844132
0.000006208781614097373391109990
0.000008119111785033183135464052
0.000009971139722258295934060462
0.000011636813373391348102312871
0.000013006024460417590495422448
0.000013995765687502421451807351
0.000014556083796857706774631643
0.000014672244714778046446759623
0.000014363063008592732723144730
0.000013675884873210851359112000
0.000012679149879111065144540564
0.000011453715042901134061941945
0.000010084170433883662620845774
0.000008651219695030301165767153
0.000007225891737819100892796856
0.000005865965226849633441211403
0.000004614603874908291335590373
0.000003500884403852654363831004
0.000002541692928647036951825700
0.000001744383980004956087383290
0.000001109628134588033484135062
0.000000633989581990358323589541
0.000000311935430302869407003153
0.000000137146185160520008217882
0.000000103141368257906810367806
0.000000203337048350278913006885
0.000000430706855655954540224679
0.000000777228984879597710424724
0.000001233279867079350506546900
0.000001787094728243824305366863
0.000002424369786049126125263139
0.000003128041012398776403419893
0.000003878246592183997593767091
0.000004652466419451119771530465
0.000005425830479770410265448304
0.000006171594566570111092091658
0.000006861791108234765800910973
