0.000000822168225768312646093284
0.000000700674114549511600129415
0.000000669603362206644626312220
0.000000709110963141580684487961
0.000000795491236802600373313743
0.000000904157208446694843207553
0.000001012340597121448238562011
0.000001101289085687203811924836
0.000001157812010637119020317002
0.000001175103725238750894079758
0.000001152847647707872571896286
0.000001096667118098031530482191
0.000001017037625612639628407650
0.000000927807173833107629625774
0.000000844488357577997531156096
0.000000782490024759590819745903
0.000000755452566065573580730559
0.000000773843934419530789453959
0.000000843968001168476184197865
0.000000967535586226274868846100
0.000001141951115870929916914491
0.000001361469852212476858637847
0.000001619372971745520288895876
0.000001911277695185166804328148
0.000002239632947034898492906767
0.000002619335571480981758585565
0.000003084232632340214855302778
0.000003694057831941560076348136
0.000004541105345997108377528988
0.000005755708494860135180845855
0.000007509412061897092666748303
0.000010014659335247614406201426
0.000013519906477450870159353995
0.000018299358840930425308375987
0.000024636999572529588194277558
0.000032805218688973988567895990
0.000043039083899400833220852403
0.000055508027785477367216891709
0.000070287350391343028795619607
0.000087332347145267172914065434
0.000106457988438069729611283598
0.000127326857843260680567751275
0.000149447507892442493001444737
0.000172184570245356445127721257
0.000194780953745299643996638506
0.000216391393387904901798174384
0.000236125591726760370760163088
0.000253098321686520786200774724
0.000266483207484509204612116440
0.000275566506161243978366426344
0.000279797083313456642836292154
0.000278828898624677227850721106
0.000272552665268877166142996726
0.000261113898081664420110920011
0.000244915300524658065099703474
0.000224602347474209143671913802
0.000201031986093612642131633894
0.000175225574529612134790090838
0.000148308457643555609934901685
0.000121439857085439459447213928
0.000095737911422880589461595346
0.000072205595014144852194018509
0.000051663716232205553007504617
0.000034697106656885827707503117
0.000021619368742105135805997226
0.000012460130009903753076582443
0.000006976731289472810345697953
0.000004689830551449925208893667
0.000004939798878945055909852734
0.000006958349162088678605008786
0.000009947916216595855949493543
0.000013160206862490474768448076
0.000015965275537625800585496763
0.000017903533432167437157087053
0.000018715181822095732828590761
0.000018344424945752000331074955
0.000016919081405888023968749762
0.000014709412192414917722725100
0.000012072645942346391835921053
0.000009391405063797174718382733
0.000007014755709299079188272404
0.000005209843305993621675217646
0.000004130160899450947217272350
0.000003803743680751254009495205
0.000004141438324944696230565586
0.000004962367548498907208033917
0.000006031277669409561983742372
0.000007100988558089402280309402
0.000007952857479487205024965175
0.000008429014727928081987789327
0.000008451927961806452043488740
0.000008029249002932804153980124
0.000007244452818050353145153467
0.000006236052635871375531429611
0.000005169803622168693222618200
0.000004209063684627025504227365
0.000003488306555597162757437289
0.000003093789593675200214517758
0.000003053811575670175481244870
0.000003339177691130530538783346
0.000003872756329716457612713336
0.000004545651703434351064195794
0.000005236717885312615886799284
0.000005831973201333844385662545
0.000006240890331606997797151554
0.000006407393687040254735528058
0.000006314492376001478643454939
0.000005982602570789547271072530
0.000005462581970288282199254507
0.000004825179932788123953618393
0.000004148935008414532984565709
0.000003508527443031308958466125
0.000002965270939827009029636680
0.000002560893440308891146506721
0.000002315114677269513027548040
0.000002226882317913040034736269
0.000002278570264136830766986495
0.000002442043997245817764585795
0.000002685305797025934139752408
0.000002978465701608519412331042
0.000003298029396839018247209862
0.000003628907020626248883867241
0.000003964053397534736258107837
0.000004302156431318251561936403
0.000004644196620498504681179112
0.000004989920896017102294869514
0.000005335255815027592836581865
0.000005671425352448309217736223
0.000005986088912543380708428456
0.000006266275395129767396761814
0.000006502386461876306095598703
0.000006692201946215104151755027
0.000006843734495662186315687384
0.000006975982046036435213465753
0.000007117078275162044262219449
0.000007299941485455169048210487
0.000007556129693007242545139263
0.000007909076830003256233943797
0.000008368096406588594157369664
0.000008924440453845738411794465
0.000009550313736387851858773874
0.000010201155941828446503238242
0.000010820853475617461526532906
0.000011348974532403920830966361
0.000011728758288956100017358213
0.000011914500187175821975657172
0.000011877162556525555661105127
0.000011607442878404081231056427
0.000011116047041226528613875116
0.000010431423055117922308698657
0.000009595607145269251505247630
0.000008659051203116145098469605
0.000007675318866195668480187711
0.000006696384263140575432470339
0.000005769003842950584753067073
0.000004932333636341986822699841
0.000004216702590407815107534113
0.000003643277320086300603304121
0.000003224285761963074453212387
0.000002963498836918146121273540
0.000002856770297340977820426712
0.000002892564336818063005466340
0.000003052517783069113042258803
0.000003312158420054835820977353
0.000003641918428382310178798627
0.000004008543795345528855226819
0.000004376921921157450481951884
0.000004712253445859337129075859
0.000004982404911623748776199061
0.000005160216507541186298929376
0.000005225516210516692134702751
0.000005166611220015768628243714
0.000004981084164023066602339229
0.000004675803305427360949842342
0.000004266147921683449912091945
0.000003774537244563772878173631
0.000003228421634252354194559486
0.000002657940272559596522157152
0.000002093467922596627400229742
0.000001563266241954722775146010
