0.000151295214828132463559529075
0.000151114546481722494559313263
0.000151135458152226547206414820
0.000151260035590219558488192519
0.000151382288774959980568596274
0.000151389579086928322210550690
0.000151164505395064954935968604
0.000150587459655713434836243891
0.000149540015748389037682566927
0.000147909238172369545240639188
0.000145592892285172830022649260
0.000142505410951459648158726190
0.000138584333707374450549501543
0.000133796797572014255920183623
0.000128145540229822682424046243
0.000121673794717246165392361690
0.000114468427404821091559680712
0.000106660711755998945473623840
0.000098424246258900144660418385
0.000089969714179619840162607791
0.000081536433026320760523476816
0.000073380930325880303240204672
0.000065763079108910760944839424
0.000058930597298779345376285033
0.000053102927714643693144803971
0.000048455644775403766395891619
0.000045106567274374811146557540
0.000043104694651272267057542931
0.000042422940266584090380271727
0.000042955430118425215392941735
0.000044519890619753359965564410
0.000046865379219743808793512824
0.000049685320158289354708618796
0.000052635486462220888075405623
0.000055356204983367915850762941
0.000057497646158189327759112375
0.000058746605835423301527307982
0.000058852735148239895661154836
0.000057651802693384397464210211
0.000055083384996858816406301029
0.000051200487218908038436135377
0.000046169084227195081315819891
0.000040256474483149834800443934
0.000033808604652716885174187217
0.000027218006552593885464391699
0.000020885463014972324431554884
0.000015179712773633757008596643
0.000010400153363661390735236782
0.000006747414201974870686122267
0.000004305784627807920098485281
0.000003039885412056670658289799
0.000002805911031741981371531508
0.000003375598797249639352029832
0.000004469194790821411336005468
0.000005792436062544905997528152
0.000007072181657729616053751839
0.000008085855741117359187647429
0.000008681182457495827031117124
0.000008784508107404240755773303
0.000008397948415598881585384869
0.000007587292199702566763562690
0.000006463743601350974588449355
0.000005163039417931649524627462
0.000003825244798673610052447847
0.000002577763208200410178149928
0.000001523042309044003490299925
0.000000731388098778159873561324
0.000000238443752515198169638678
0.000000046382668992811962134360
0.000000127729431843224945401311
0.000000430878258897764700097643
0.000000886681829676854883019710
0.000001415775464503388926862707
0.000001936457759281282476736957
0.000002372912009081037355368244
0.000002663345200194517345854443
0.000002767331901614711455817189
0.000002671404078987264044548746
0.000002391846571640994905121221
0.000001973823536008909824637650
0.000001486390308865008537939946
0.000001013582162146091380800633
0.000000642499296184984878577172
0.000000449973985042830063780676
0.000000489858081617180016214446
0.000000783087875640043638833846
0.000001312410343109019556756653
0.000002023007572691569672871910
0.000002829327297900863141312013
0.000003627369935745915515134261
0.000004310682922099684517673341
0.000004787558349152511792787452
0.000004996572807217604331056580
0.000004917738117094766509961468
0.000004577154173176683109650325
0.000004044086939999146628886995
0.000003420672574376762753770552
0.000002825754458326124922770564
0.000002375456970941669752195183
0.000002163775926973208730646992
0.000002246574793551199227654123
0.000002631870639122530578646450
0.000003278241057635477973241636
0.000004101758286522893700817068
0.000004990315131022991267171866
0.000005822839076083927674159189
0.000006489963975948926763379597
0.000006912433597674233028064928
0.000007053919413685015381678192
0.000006925979383102739712213536
0.000006584368957184959761277498
0.000006117552045380479672860487
0.000005629725694296779060429858
0.000005221677394401946216103468
0.000004973140796043459616797375
0.000004929941269706857997091182
0.000005098211737684589250376149
0.000005446524800443160475578279
0.000005915225066399103082798692
0.000006430870501972291494860098
0.000006922771154510858481899351
0.000007338313963860258989685588
0.000007654117647576405363517293
0.000007880972556848203958742953
0.000008061781611370181287808297
0.000008263066791121341758382182
0.000008561777711996829091510748
0.000009029924152073505607503032
0.000009719833771702207563338884
0.000010652597256512966200246370
0.000011811592169035491092592659
0.000013142031890922899970688617
0.000014556457949647337433334363
0.000015945166009475952124604947
0.000017189870441634776842458956
0.000018178551464585013486231421
0.000018819408384379932919813067
0.000019052121161566375445294702
0.000018855119253324488547748222
0.000018248171535782836975760762
0.000017290245021024247811403801
0.000016073149369215272729873034
0.000014711928772595063823484980
0.000013333248387294967327986600
0.000012063138588106761271202295
0.000011015415804551470719315626
0.000010281916958908546676633271
0.000009925398990875692115240167
0.000009975605213597772328139660
0.000010428628557305768436488241
0.000011249349480945564839942490
0.000012376430175851274546406158
0.000013729134968106073281840680
0.000015215136347539438913803109
0.000016738460262098241393630485
0.000018206813343229746377698389
0.000019537697426760026488384153
0.000020662924471551960043822979
0.000021531366431397263639692385
0.000022109980665984376504160439
0.000022383319168375789267808051
0.000022351845068656172314152178
0.000022029437841931776785034044
0.000021440473202605830942363632
0.000020616824910225197743391529
0.000019595067249381239267089216
0.000018414073105954304344217265
0.000017113116159534983850166318
0.000015730506637616184951056902
0.000014302724770059897240500994
0.000012863967748141700455743845
0.000011445995308561459708395977
0.000010078145073548274725759588
0.000008787389720808669882562772
0.000007598321941308811722931311
0.000006532978008692911721280294
0.000005610444658408558401272489
0.000004846234618421854888059824
0.000004251460714662782399927456
0.000003831883309193605491272880
