0.000002380583828304810644705194
0.000002580589347967488988506079
0.000002754469789654251262567925
0.000002873725296499892985311458
0.000002917388045609798449700565
0.000002873669238377767501082171
0.000002740586679344841646618468
0.000002525639988098141272727937
0.000002244569087352687854431061
0.000001919241571068801846072739
0.000001574807191934347729651757
0.000001236422038098996589578740
0.000000926017983249251427553832
0.000000659685895421755477067548
0.000000446181659833084245384753
0.000000286836316550593620403726
0.000000176812577397997022575127
0.000000107312217328988928167803
0.000000068123185643816524882562
0.000000049875241368088453043173
0.000000045539367811759136517555
0.000000050973850189051667964010
0.000000064574840627884860318382
0.000000086252393097477616874410
0.000000116020293905961724279636
0.000000152519177314762523009828
0.000000191850485691559017247210
0.000000227179871628517540157780
0.000000249575085781091909162993
0.000000250334950636835529351839
0.000000224571288664184704773544
0.000000175126995348253082003480
0.000000115342733740714563026956
0.000000069088748433938608410650
0.000000067092138609367850896443
0.000000139830160914755481451035
0.000000308683525828378698291918
0.000000578011798893049848144514
0.000000930805971239837912739026
0.000001329492470215789414166854
0.000001721742078982620189153241
0.000002049565211942527382879293
0.000002259290504421112996219457
0.000002310487635419302361242241
0.000002183091938275519156291600
0.000001883012864448220280059283
0.000001446494903814305158000703
0.000000942228122960405029119406
0.000000468422501589023033707361
0.000000141240251046957782827960
0.000000072534804885032365030529
0.000000339128759008979652482036
0.000000951543812254259087817030
0.000001834384831844377598415708
0.000002830423385376788266424479
0.000003734209594645791935611703
0.000004349945596516537072980055
0.000004556490065268523186059208
0.000004355326456818761401827179
0.000003879623448336727381763420
0.000003355025099135174761454939
0.000003021645934167754004456580
0.000003044347837135722215345240
0.000003446588924273128541663283
0.000004097030663763553472742161
0.000004758686631975289999744571
0.000005184844762943571258421733
0.000005224895884407352165783311
0.000004896100572519811809754815
0.000004388367830306756128724410
0.000003994871846809461328692628
0.000003991876657570841951244971
0.000004514029204673370817744137
0.000005476815432182574447026163
0.000006582824700687416493154625
0.000007418035530410343299982743
0.000007609783239173299813538041
0.000006992422025759372576614835
0.000005719745483759406946529594
0.000004277938344388296332634382
0.000003384388626362741202811303
0.000003795428505497072890301170
0.000006077334484980810337944202
0.000010409365194034360288218369
0.000016480531518968478195581728
0.000023515395401094327210936991
0.000030426714894786333320255908
0.000036055736735500466209197734
0.000039435625735107193408704451
0.000040007423197380342558531624
0.000037732566260868589307162640
0.000033076502245499082410350872
0.000026874624890909098887201850
0.000020123321638958516064830603
0.000013756076343670544891964642
0.000008463066730544536870315710
0.000004594492138526784059612568
0.000002160109991207881160183357
0.000000909652009750107950980470
0.000000459322489736178928617510
0.000000422999089771164252512739
0.000000512795169349186299634813
0.000000588183249976205097900328
0.000000650163086861537927413455
0.000000791890658004948985553006
0.000001126722045396802087088611
0.000001717883367175772901406855
0.000002531452198344452571017026
0.000003427053916810726458177377
0.000004189911068688362737134825
0.000004595499991673626618735819
0.000004486944888885409011181245
0.000003839065075740652233397474
0.000002784868392315979624524434
0.000001591167474228914117099663
0.000000587230053367849605779538
0.000000067985419772573636756061
0.000000204132594830484095822516
0.000000990402731448235153081158
0.000002249850431568953851611337
0.000003691441678589257658672524
0.000004998853875983177591252760
0.000005918382435837064930669611
0.000006317035889551710564149625
0.000006196185278548580281350686
0.000005664564797118095066242975
0.000004888702454901544701610684
0.000004043339410993317573246586
0.000003278520363849380815077011
0.000002708117194903797990179805
0.000002413162821842883074680269
0.000002447917709289245730461910
0.000002838800345017705651951305
0.000003573879357983870876119435
0.000004588865261687695353432642
0.000005759999149182692405239768
0.000006912825636728528320073747
0.000007849535060319359899491665
0.000008389558301958396116211961
0.000008412062394536091449685072
0.000007887386249094631004096477
0.000006887654716150886834646287
0.000005573273873311830153604203
0.000004159182286349921418865984
0.000002870160502176128789646788
0.000001896690236758841075845740
0.000001361591923548152546937211
0.000001303833160526053329820832
0.000001680962761088426423491254
0.000002387087653019669354810279
0.000003280272478475436277983290
0.000004212190007497581828042801
0.000005053662739750264555334096
0.000005711847562226737638052792
0.000006137456871232261555694151
0.000006322844037279114532312981
0.000006293480958550849803975324
0.000006096090371202090068202765
0.000005786525793597870013780342
0.000005419686947480742174722366
0.000005042677052771342289237168
0.000004691381663995056788200692
0.000004389899477702392546036528
0.000004151869880492719080446185
0.000003982688872203623624789186
0.000003881784056387159719545346
0.000003844412969236727837217538
0.000003862759457091903382368846
0.000003926367875465950965110061
0.000004022144808830894335957215
0.000004134263737430086504791305
0.000004244330071986373773256646
0.000004332106889241074360681529
0.000004376974951902472164508035
0.000004360121679107001812451122
0.000004267250387531827760597032
0.000004091409999573332749358417
0.000003835406987046448520667537
0.000003513212406321478639985214
0.000003149842723983219299664854
