0.000010475402560711550531782378
0.000022337988409973073177438793
0.000038656822391205587806980309
0.000059137551532486862877931177
0.000083392473292161922206189306
0.000110940736379257082742412488
0.000141210041109422410054996533
0.000173540137577523506141885523
0.000207188455147520037740241361
0.000241338236277342647363719497
0.000275109590588119097467195706
0.000307573932757223568977555939
0.000337772316431903972186456819
0.000364738207771040582987065459
0.000387525217094945048732640425
0.000405240164453580598361015497
0.000417081521108798283954677277
0.000422382677267376521745845253
0.000420658604524946075960828429
0.000411653340565375268703118827
0.000395384440708566571934245992
0.000372179324702071967576749723
0.000342697580755784326090457315
0.000307933086152890791564046280
0.000269190544658261460882892058
0.000228032895497522002754495207
0.000186199007187549719823799199
0.000145494895974205499643988615
0.000107665934189178711787721054
0.000074261480162786782039177624
0.000046506315267717624275817939
0.000025194502695626603704006502
0.000010620269534555327938462298
0.000002557079982935727526579140
0.000000290469268528676326671052
0.000002703153419148868498840749
0.000008403499039302898661004705
0.000015881902590571875786857464
0.000023675209416069371349579387
0.000030517899148001035442272916
0.000035460739864736990419481072
0.000037942685969196508614410812
0.000037809072062319412643738303
0.000035277317108695403031701221
0.000030858937584328590580159263
0.000025252385861145293361297928
0.000019224227679073007280397684
0.000013496177393527211200150752
0.000008652826440513342374062991
0.000005080277404946759291042273
0.000002940312441538439531564780
0.000002179166798189669605593545
0.000002565262109499004800999790
0.000003746927938909264020958664
0.000005319463172008217364996729
0.000006890865847849679765111525
0.000008136996322289176389775008
0.000008839494778022477010034387
0.000008903010487718999429801112
0.000008351719888198870790879495
0.000007308210633747077658865961
0.000005960146568522472217512616
0.000004521393196181945128354126
0.000003194354959196292741027646
0.000002139250000905735607796727
0.000001454212058224726202828800
0.000001167871881006445744223500
0.000001243867778025778038369789
0.000001594935137698572901937869
0.000002103064451619446350617848
0.000002641778546684290973931919
0.000003096808989786982162537932
0.000003382204167222273693546109
0.000003449989573932716448525799
0.000003292729850874565233540252
0.000002939529471613122097475813
0.000002446991037475796643667217
0.000001887289414739609316414883
0.000001335721865366635022833201
0.000000859833314956000077986355
0.000000511559799522922005362820
0.000000322948700423471169810701
0.000000305139940074415271018519
0.000000449675847411579671970030
0.000000731025321910060903170356
0.000001109493394529623332147813
0.000001534299985710613334192499
0.000001947269973658370970039013
0.000002287950918487753749596802
0.000002500814361205785544628802
0.000002544445610850003710706182
0.000002401480000866119227944349
0.000002086911088361785420743858
0.000001651778950454470539259064
0.000001179555686123108274948818
0.000000773927975040169752068996
0.000000538915044812371173925793
0.000000554787193169831577006356
0.000000855290301195465939537547
0.000001412485232995046058288870
0.000002134602859400288882573164
0.000002879684598129178842558723
0.000003483936427347467642206625
0.000003799607386272205381667032
0.000003733937447212642902794359
0.000003279311820894937092843360
0.000002525803692234673731599730
0.000001650769370704661527336906
0.000000885411230637165394213406
0.000000464054580535186776540371
0.000000566854567597899666446678
0.000001269418408145709720709154
0.000002512501256440789151766447
0.000004101314938388494833038361
0.000005737681191998380995976468
0.000007080581033524470664750235
0.000007823361705024833127344007
0.000007770775245904674473481841
0.000006897560698717343079808609
0.000005373095124007962909023790
0.000003543380159122054857138073
0.000001870964085923755935568936
0.000000843255042703272936746226
0.000000867721793934853253323775
0.000002176666495062770607043330
0.000004763379837500817989945530
0.000008365519505769788326590697
0.000012501692893680792182937826
0.000016555663261411477781438056
0.000019891991449625851559428191
0.000021979748208951867868149455
0.000022498866815759277227584553
0.000021407225777767040436963542
0.000018954815876948187075524618
0.000015642422797006735548817555
0.000012133615287900687657821758
0.000009137963301119858734473250
0.000007288431730627788711742235
0.000007035942364198881419879925
0.000008579473749877891352818605
0.000011842092478936539460968383
0.000016493924931941962976154198
0.000022014359059181722781759621
0.000027779429532351347073614381
0.000033157400579196476112821268
0.000037596184057841502035475501
0.000040689803638604423547883715
0.000042216493621974110136974012
0.000042146857735270382367201436
0.000040625595149878189742825851
0.000037933792380088508983983220
0.000034440340529683548329974857
0.000030550802288232665169815522
0.000026660502669635132620912579
0.000023116392144065619389595168
0.000020189945457643794653711244
0.000018061465376217808985210428
0.000016814880357060608956484490
0.000016441461627148447474048437
0.000016850686289573479426703168
0.000017886522237543321515226141
0.000019347511648698391108431097
0.000021009063932802514776659181
0.000022646313696844277594481115
0.000024055811779285274544385245
0.000025074295429653523233862883
0.000025592920232494926346825462
0.000025565683138425558142397404
0.000025011315323735213090238991
0.000024008610858078277051387561
0.000022685879316299082107981008
0.000021205853414442519134369691
0.000019747848151766239470361608
0.000018489192904694237977892418
0.000017587923802128014986751597
0.000017168454080044929491079969
0.000017311490562258208296885983
0.000018048908346019336591684393
0.000019363710165804801706813248
0.000021194651019325769724342690
