0.000009882922365877762018891370
0.000010684194215197753395911635
0.000011395806827305932741123753
0.000011980677382724941434834903
0.000012411274211357766194272281
0.000012669872288551787625982339
0.000012748296208826911883713225
0.000012647246956019266066412535
0.000012375306264535471971661475
0.000011947705337104369029133100
0.000011384936063696981161990837
0.000010711274760664249346966623
0.000009953281942179565045967712
0.000009138336960600853468676685
0.000008293263011240102969279242
0.000007443095074045065186402539
0.000006610039836759229838532986
0.000005812671646784859998840535
0.000005065401530061679317995266
0.000004378247106108092683983846
0.000003756919886286897587431097
0.000003203233107109199929318387
0.000002715817941428090105177766
0.000002291118441121496553445182
0.000001924615533035709301286397
0.000001612207592648825763787597
0.000001351649970203326983723144
0.000001143929975311372238425752
0.000000994430565530342974836812
0.000000913720471983270646313150
0.000000917807225898940373450961
0.000001027709230635131080558724
0.000001268248822073418968949107
0.000001666041760267628834437758
0.000002246755979125789377142709
0.000003031823505037525632698891
0.000004034898142434499462610949
0.000005258437969171123849382136
0.000006690836034912462447596555
0.000008304509718538544986899015
0.000010055282950035683255584837
0.000011883262135982033670623600
0.000013715235024850529909788352
0.000015468440709881008462847976
0.000017055401437662474873561275
0.000018389402279176939221123216
0.000019390171183021051782473590
0.000019989350785450269245863836
0.000020135447507993785656605495
0.000019798060864129338263638774
0.000018971297582240328517561717
0.000017676326354063353143725862
0.000015963010262246072864036894
0.000013910469093199262448270342
0.000011626302199190181771134081
0.000009244094210871783354860863
0.000006918789247716076781639406
0.000004819605358346863107396173
0.000003120396705187345927909933
0.000001987746878080320798244706
0.000001567541955817054403880557
0.000001971240306651073740675482
0.000003263421450730169136224962
0.000005452355177793661423048602
0.000008485208883092637262117452
0.000012249079388335788788903964
0.000016578330739031495188757354
0.000021267838452282407607583231
0.000026090827607169349007347481
0.000030819212719783449277912574
0.000035243856128553901845522345
0.000039192069478911143170108550
0.000042540031349619436280406343
0.000045218542703437351469759886
0.000047211572130951311089975403
0.000048548178170458614825565763
0.000049289434398642886032883975
0.000049512736291474746636812748
0.000049296199911251442702785769
0.000048705713026730515784364084
0.000047786602259001167048065029
0.000046560953390591877773443258
0.000045030546059273401633769179
0.000043184344558847083026496827
0.000041008713985702318510252751
0.000038498142991197153387622487
0.000035664308711674682055969149
0.000032541784281281640914089415
0.000029189452184310263918544034
0.000025687579752535109412284187
0.000022131349621431234300610036
0.000018622251738532453845106560
0.000015259022978899338990506351
0.000012129730032199060135137021
0.000009306176031894190577996480
0.000006841184069864804918295782
0.000004768624378675718508788662
0.000003105464968968224023879599
0.000001854766403526445170684041
0.000001008481289404681166286333
0.000000549157638314955050173253
0.000000450112845900067951977286
0.000000674220190994670802409842
0.000001171987671052899136547388
0.000001879974683675375750829340
0.000002720690682382242177306513
0.000003604917781828492680137833
0.000004436931196213901134857774
0.000005122453128588156694091411
0.000005578503330321970822254854
0.000005743750250614660170266675
0.000005587647660236874634935491
0.000005116643096317516981117856
0.000004376082755807038310389822
0.000003447061188638562706108761
0.000002438264215486700804360774
0.000001473684611837409748669766
0.000000677799258477379036889931
0.000000160252704030861894245869
0.000000002211555221603615729650
0.000000246315530500351132604320
0.000000891598787178017324872559
0.000001893989693450984672709863
0.000003172154823886617349640998
0.000004617679184246260156950815
0.000006107996976514726512939944
0.000007520192022415992787751429
0.000008743805636472143518562669
0.000009691095871204483290701527
0.000010303710121879569068395824
0.000010555356136651568131493498
0.000010450668847696692985438371
0.000010020970397750746837739130
0.000009317938577026628005567713
0.000008406306912508364578189360
0.000007356632676018164996873533
0.000006238936142124535569970702
0.000005117704377330268558166440
0.000004048437505752666762252109
0.000003075654328863676686988717
0.000002232104176828753225542232
0.000001538863030703090427960423
0.000001006010293181849236157080
0.000000633657720981472228700048
0.000000413197403447182279865365
0.000000328718477580435602735743
0.000000358590783835315852803421
0.000000477220569952744280778020
0.000000656954892889943398887628
0.000000870063264631875439924862
0.000001090676699554479479837774
0.000001296532894186932435154217
0.000001470372654076918263844420
0.000001600859369377384826106463
0.000001682944919738004782331048
0.000001717670887637846133149983
0.000001711460168954575824815730
0.000001675008872242960865432378
0.000001621923295914019061243695
0.000001567258171174595939123910
0.000001526101545104232995800353
0.000001512323751814911744004578
0.000001537570126007445793825975
0.000001610537068498479179850386
0.000001736535277818143595580263
0.000001917316846822239617323782
0.000002151126497530684688052087
0.000002432931251519423049696446
0.000002754785354974331299958337
0.000003106295340132445299938420
0.000003475160456193752762292602
0.000003847773385231737355903579
0.000004209872915539102830844841
0.000004547242731682088904610929
0.000004846448303579112483919101
0.000005095597481847728826690781
0.000005285100983600083333327404
0.000005408398099861258603328600
0.000005462602532909247819985655
0.000005449015167481059984417192
