0.000001794261063332951517876584
0.000001857700181856253469903084
0.000002021629504852838225196880
0.000002253526572033617826845784
0.000002522296892128989700092431
0.000002800110633288843758556281
0.000003063615941757840271670709
0.000003294537293995478898736996
0.000003479720796708468901110595
0.000003610730021311204520576693
0.000003683123540246676950256528
0.000003695557931488793701154446
0.000003648858171414885956276679
0.000003545182953636683171065504
0.000003387388618973120117233147
0.000003178665877299466321654221
0.000002922492303692079389113110
0.000002622914032790730654996943
0.000002285144079976002461437748
0.000001916442208380387874808951
0.000001527220024486911563557949
0.000001132291224177062579020828
0.000000752156566966348936911606
0.000000414173869069215470754310
0.000000153416586531227443355706
0.000000012977504335550819450647
0.000000043439823861401117871803
0.000000301234397772991646813091
0.000000845648008906665210525854
0.000001734358317133990616586495
0.000003017551177798201020931494
0.000004730915019992295972013716
0.000006888076777630677965404658
0.000009473300486715761331677106
0.000012435459601363340795786294
0.000015684364788852530914501845
0.000019090441274760396522325659
0.000022488489397142994721204984
0.000025685846657424648897599315
0.000028474749583620165613697187
0.000030648144851518307790923246
0.000032017708394301242023211040
0.000032432479304950083203677030
0.000031796359133255488083232010
0.000030082787583722957604030757
0.000027345163409509586961189387
0.000023721980659000865121867688
0.000019436120778455607925475426
0.000014788203596314566067027041
0.000010144294266402265863977368
0.000005918557659286776773208821
0.000002551649460917222023278658
0.000000485766393658405201424306
0.000000137394094341637229261043
0.000001868935317619683068537549
0.000005960598145296506098693261
0.000012584166140220362538944959
0.000021780516358470411106273978
0.000033442924215193623133177830
0.000047308210432702372638235494
0.000062957566520288756701725918
0.000079828392696981671566511252
0.000097237693546429058619705310
0.000114416554329726960644551814
0.000130554069036992902901397895
0.000144847952506030352472221612
0.000156558102168701099082478989
0.000165058729230309022455516765
0.000169884468171268410542976146
0.000170766156296130888368398071
0.000167652745092490053097772362
0.000160716990633466924208103133
0.000150344044697189074518209329
0.000137103668910233753974042825
0.000121708344561962547125504031
0.000104960883366941835361484114
0.000087696120486379020627504266
0.000070721793990317167923759234
0.000054763737655951198084799264
0.000040420040317785069651067981
0.000028127905917044207338576292
0.000018145675581044110096168645
0.000010550970362825137281270575
0.000005254327150946378316681128
0.000002026188838371955600091770
0.000000533830174896246043505393
0.000000383894059888697953927979
0.000001165788503561707180458456
0.000002491312950209777390384079
0.000004026543284552991604273529
0.000005513137801954158901741095
0.000006777694720807423820385564
0.000007729404139020297384403413
0.000008347771751802194044756594
0.000008663427550839269169666822
0.000008735786213527065545425554
0.000008631482260012353011080499
0.000008407039913237687167309013
0.000008098233327515439990227503
0.000007717217641276304191592754
0.000007257001222996427243537923
0.000006701447434448867137668331
0.000006037984488215287923401978
0.000005269746233992357565233122
0.000004424049988150942094259233
0.000003554910309967905041516820
0.000002738548095523207797545931
0.000002062350869518025779804750
0.000001609190714808087187533765
0.000001440128509554502452645261
0.000001579096280263314065658289
0.000002003019255906581265447818
0.000002640007216678163429310257
0.000003376836146168488455752369
0.000004075198120573495858464871
0.000004594439253788060384875100
0.000004817072435738144393392590
0.000004672539886396252812466885
0.000004154702666934267536453899
0.000003329395129937655156503575
0.000002329981903416258914082254
0.000001340923349263419455927745
0.000000571518462702066121511205
0.000000223843780096298433159943
0.000000460081473893704327778205
0.000001374689029494758569900311
0.000002976139709209208796555999
0.000005181381307217105676942402
0.000007824012976584479442995063
0.000010674868932320973416178617
0.000013471654533278556358042582
0.000015952875784413311853037615
0.000017890774876746965116021751
0.000019118391123599655996752322
0.000019547084812310058923390602
0.000019172618772857441234516718
0.000018069832154993536343272689
0.000016377699923113519093987797
0.000014277854120966794652480662
0.000011970273634601658776350185
0.000009649795532188801754731530
0.000007486463408707024811783275
0.000005611702588013407321920062
0.000004111137886166448657775108
0.000003023775313183257569885076
0.000002346428346626134599749169
0.000002041776359621689979930142
0.000002048308052021532772344562
0.000002290567970104156462660908
0.000002688488340061366923573749
0.000003165037539137149977112092
0.000003651849803475779942076637
0.000004092847831399567026030174
0.000004446097316748740372086782
0.000004684240468415782029693202
0.000004793868636288775667573039
0.000004774148276702917018902029
0.000004634945644642678053040478
0.000004394631454885928903918678
0.000004077702674770329141517612
0.000003712337809773015238868580
0.000003327998668479074192863652
0.000002953195216769237164559968
0.000002613530160082370329985377
0.000002330128853149754885026174
0.000002118535303253592742546386
0.000001988118416270409725271628
0.000001941989715102181673331326
0.000001977391559721716001813080
0.000002086479996381105658049757
0.000002257403343816713542959720
0.000002475568238988687182916028
0.000002724987991370793241185239
0.000002989620366674244694368823
0.000003254618794532396129041019
0.000003507437956597284134439927
0.000003738748345967686672166111
0.000003943123091098366362835820
0.000004119464553729168063297104
0.000004271140191689583353110149
